OPEN,HIGH,LOW,CLOSE,UPDOWN
13.01,13.7,12.51,13.18,-1.0
13.3,13.51,12.91,13.29,-1.0
13.2,13.21,12.7,12.85,1.0
12.7,12.95,12.58,12.9,-1.0
12.83,13.3,12.77,12.8,-1.0
12.7,12.79,11.52,11.54,-1.0
11.4,11.54,10.73,11.18,1.0
11.18,11.24,10.61,11.19,-1.0
11.2,11.35,10.96,11.07,1.0
11.07,11.79,10.89,11.63,1.0
11.51,12.04,11.44,11.82,-1.0
11.75,12.0,11.6,11.67,-1.0
11.77,11.77,11.25,11.38,-1.0
11.34,11.59,11.08,11.12,1.0
11.1,11.45,10.98,11.43,1.0
11.38,11.5,11.14,11.4,-1.0
11.41,11.41,10.38,10.62,1.0
10.6,11.02,10.46,11.0,1.0
11.15,11.75,11.08,11.55,-1.0
11.58,11.68,11.35,11.45,1.0
11.35,11.61,11.2,11.43,1.0
11.31,11.75,11.31,11.6,1.0
11.6,11.8,11.38,11.72,-1.0
11.7,11.86,11.53,11.57,-1.0
11.45,11.6,11.01,11.23,-1.0
11.07,11.2,10.81,11.0,1.0
10.93,11.16,10.93,11.1,-1.0
11.1,11.1,10.6,10.68,1.0
10.6,10.83,10.51,10.8,-1.0
10.78,10.95,10.71,10.75,-1.0
10.6,10.6,9.81,9.83,-1.0
9.76,9.97,9.18,9.24,1.0
9.02,9.3,8.81,9.09,1.0
9.0,9.21,8.9,9.09,1.0
9.11,9.31,9.04,9.21,-1.0
9.07,9.11,8.81,8.9,1.0
8.91,9.29,8.83,9.18,-1.0
9.06,9.18,8.94,8.97,-1.0
8.84,9.05,8.72,8.75,-1.0
8.66,8.84,8.52,8.62,1.0
8.53,9.14,8.53,8.88,-1.0
9.29,9.39,9.08,9.09,-1.0
9.08,9.08,8.86,8.87,1.0
8.76,9.05,8.73,9.01,-1.0
8.98,9.1,8.87,8.9,1.0
8.9,8.97,8.76,8.94,1.0
8.92,9.03,8.85,8.98,-1.0
8.99,9.04,8.86,8.91,-1.0
8.86,8.9,8.67,8.7,1.0
8.7,8.87,8.63,8.85,-1.0
8.78,8.83,8.3,8.36,1.0
8.51,8.78,8.5,8.57,1.0
8.56,9.39,8.56,9.32,1.0
9.35,9.91,9.21,9.91,1.0
10.05,10.33,9.9,10.3,0.0
10.3,10.3,10.3,10.3,-1.0
10.77,10.95,10.53,10.74,1.0
10.48,10.95,10.48,10.79,0.0
10.77,10.9,10.38,10.77,-1.0
10.77,11.19,10.45,10.45,-1.0
10.65,10.76,10.03,10.1,1.0
10.18,10.29,9.92,10.2,-1.0
10.22,10.28,10.06,10.06,-1.0
10.1,10.25,9.86,9.9,1.0
10.0,10.84,9.9,10.77,1.0
10.81,11.39,10.7,10.82,1.0
10.7,11.09,10.6,10.83,1.0
10.83,11.03,10.73,10.91,-1.0
10.81,10.98,9.82,9.82,-1.0
9.46,9.6,9.01,9.11,1.0
9.16,9.53,9.16,9.42,-1.0
9.44,9.76,9.25,9.28,-1.0
9.3,9.3,9.0,9.19,-1.0
9.3,9.45,9.0,9.03,1.0
9.03,9.4,8.8,9.38,-1.0
9.4,9.58,9.22,9.23,1.0
9.34,9.44,8.93,9.4,1.0
9.45,9.87,9.23,9.76,-1.0
9.79,9.86,9.48,9.52,1.0
9.06,9.72,9.06,9.36,-1.0
9.2,9.28,8.91,8.98,1.0
8.84,8.98,8.8,8.9,1.0
8.82,9.18,8.82,9.16,-1.0
9.25,9.25,8.84,8.9,-1.0
9.12,9.12,8.86,8.92,-1.0
9.3,9.3,8.81,9.07,1.0
9.06,9.17,9.02,9.1,1.0
9.11,9.68,8.94,9.62,-1.0
9.62,9.97,9.5,9.58,1.0
9.58,9.85,9.5,9.6,1.0
9.6,9.79,9.6,9.69,-1.0
9.7,9.8,9.57,9.6,-1.0
9.6,9.67,9.38,9.43,1.0
9.43,9.58,9.35,9.56,1.0
9.5,9.62,9.41,9.62,1.0
9.7,9.74,9.6,9.71,-1.0
9.74,9.75,9.53,9.55,1.0
9.56,9.9,9.55,9.7,-1.0
9.71,9.72,9.51,9.53,1.0
9.45,9.58,9.45,9.49,-1.0
9.51,9.55,9.1,9.1,0.0
9.1,9.1,9.1,9.1,-1.0
9.15,9.27,9.0,9.03,1.0
9.01,9.09,8.9,9.06,1.0
9.08,9.4,9.06,9.24,-1.0
9.23,9.27,9.06,9.15,-1.0
9.1,9.18,9.02,9.03,-1.0
9.17,9.25,9.0,9.1,1.0
9.1,9.36,9.03,9.22,-1.0
9.2,9.2,9.0,9.0,1.0
8.93,9.1,8.91,9.0,-1.0
9.0,9.07,8.92,8.98,1.0
8.95,9.09,8.95,9.05,-1.0
9.05,9.05,8.4,8.84,-1.0
8.63,8.75,8.59,8.61,1.0
8.45,8.58,8.42,8.46,1.0
8.5,8.59,8.46,8.52,1.0
8.58,8.78,8.55,8.77,-1.0
8.73,8.73,8.46,8.5,-1.0
8.52,8.65,8.5,8.51,-1.0
8.55,8.6,8.46,8.53,-1.0
8.54,8.54,8.42,8.53,-1.0
8.51,8.59,8.25,8.28,1.0
8.23,8.38,8.21,8.26,-1.0
8.24,8.4,8.0,8.02,-1.0
8.03,8.08,7.94,8.0,1.0
8.0,8.3,8.0,8.2,-1.0
8.2,8.2,8.06,8.15,-1.0
8.18,8.25,8.1,8.1,1.0
8.05,8.17,8.01,8.15,1.0
8.08,8.18,8.03,8.12,-1.0
8.06,8.1,8.0,8.04,1.0
8.02,8.09,8.01,8.04,1.0
8.01,8.2,8.0,8.13,-1.0
8.02,8.08,7.86,7.88,1.0
7.86,8.0,7.6,7.87,-1.0
7.82,7.82,7.66,7.66,-1.0
7.5,7.58,7.4,7.4,1.0
7.4,7.66,7.29,7.66,1.0
8.0,8.11,7.87,8.01,-1.0
7.9,7.9,7.68,7.73,-1.0
7.73,7.76,7.63,7.65,-1.0
7.62,7.63,7.46,7.46,-1.0
7.45,7.47,7.32,7.35,-1.0
7.28,7.28,7.02,7.07,-1.0
7.1,7.28,7.05,7.07,1.0
7.1,7.58,7.07,7.52,-1.0
7.35,7.55,7.25,7.25,1.0
7.25,7.48,7.25,7.44,-1.0
7.5,7.62,7.45,7.48,-1.0
7.45,7.45,7.3,7.41,0.0
7.41,7.41,7.41,7.41,1.0
7.4,7.54,7.25,7.54,1.0
7.46,7.94,7.46,7.89,0.0
7.89,7.99,7.74,7.89,0.0
7.85,7.93,7.77,7.85,1.0
7.81,8.19,7.81,8.03,-1.0
7.85,7.95,7.75,7.84,-1.0
7.86,7.9,7.73,7.76,-1.0
7.76,7.85,7.69,7.69,0.0
7.69,7.7,7.53,7.69,-1.0
7.68,7.72,7.58,7.58,1.0
7.58,7.69,7.52,7.61,1.0
7.68,7.85,7.58,7.84,1.0
7.84,7.9,7.77,7.85,-1.0
7.86,7.9,7.52,7.53,1.0
7.55,7.67,7.55,7.65,-1.0
7.6,7.65,7.39,7.45,-1.0
7.43,7.54,7.31,7.32,-1.0
7.32,7.36,7.22,7.26,-1.0
7.31,7.35,7.19,7.22,-1.0
7.31,7.31,7.08,7.12,-1.0
7.32,7.32,7.12,7.26,-1.0
7.27,7.27,6.86,6.88,0.0
6.89,7.07,6.83,6.89,1.0
6.86,7.03,6.75,7.0,-1.0
7.0,7.06,6.88,6.99,1.0
6.91,6.98,6.76,6.98,0.0
6.9,7.15,6.85,6.9,-1.0
6.79,6.88,6.4,6.59,0.0
6.59,6.59,6.59,6.59,-1.0
6.99,6.99,6.62,6.91,-1.0
6.87,6.87,6.64,6.67,1.0
6.63,6.75,6.63,6.68,1.0
6.6,6.9,6.6,6.82,1.0
6.81,7.05,6.8,6.93,1.0
6.93,7.06,6.8,7.0,1.0
6.9,7.2,6.9,7.17,-1.0
7.07,7.15,6.89,6.9,1.0
6.9,7.16,6.9,7.05,-1.0
7.09,7.24,7.04,7.06,-1.0
7.06,7.07,6.85,6.88,-1.0
6.68,6.73,6.43,6.47,1.0
6.5,6.72,6.43,6.51,-1.0
6.51,6.51,6.13,6.15,-1.0
6.18,6.3,6.07,6.16,-1.0
6.2,6.23,5.6,5.8,-1.0
5.77,5.79,5.58,5.62,1.0
5.65,5.87,5.65,5.75,-1.0
5.8,5.81,5.56,5.6,1.0
5.6,5.82,5.52,5.8,-1.0
5.52,5.56,5.34,5.44,-1.0
5.48,5.5,5.09,5.1,1.0
5.1,5.2,4.96,5.2,-1.0
5.19,5.25,5.11,5.17,1.0
5.15,5.34,5.12,5.34,1.0
5.36,5.81,5.36,5.56,-1.0
5.57,5.62,5.42,5.56,1.0
5.5,5.7,5.47,5.57,1.0
5.56,5.66,5.52,5.6,-1.0
5.59,5.61,5.44,5.55,-1.0
5.54,5.56,5.4,5.42,-1.0
5.4,5.4,5.12,5.15,1.0
5.2,5.45,5.12,5.38,1.0
5.33,5.59,5.29,5.46,-1.0
5.48,5.52,5.38,5.41,1.0
5.35,5.5,5.35,5.45,1.0
5.47,5.62,5.44,5.58,0.0
5.58,5.58,5.58,5.58,-1.0
5.55,5.55,5.34,5.38,1.0
5.36,5.5,5.35,5.44,1.0
5.44,5.59,5.41,5.59,1.0
5.6,5.77,5.44,5.75,-1.0
5.75,5.9,5.61,5.64,1.0
5.64,6.17,5.64,6.12,1.0
6.1,6.4,5.95,6.2,-1.0
6.15,6.23,5.98,6.0,-1.0
6.06,6.12,5.88,6.04,-1.0
6.06,6.09,5.83,5.85,0.0
5.8,5.98,5.7,5.8,1.0
5.8,6.1,5.71,6.07,1.0
6.07,6.29,6.01,6.19,1.0
6.19,6.68,6.06,6.6,-1.0
6.58,6.7,6.39,6.55,1.0
6.5,6.78,6.44,6.68,-1.0
6.68,6.7,6.35,6.35,1.0
6.33,6.46,6.26,6.46,1.0
6.66,7.04,6.6,6.89,1.0
6.7,6.92,6.63,6.78,-1.0
6.78,6.86,6.6,6.6,-1.0
6.51,6.59,6.25,6.26,-1.0
6.21,6.3,5.77,5.78,1.0
5.78,5.95,5.66,5.95,-1.0
5.95,6.05,5.81,5.84,-1.0
5.89,6.05,5.8,5.85,1.0
5.82,5.99,5.8,5.86,-1.0
5.83,5.83,5.45,5.56,-1.0
5.63,5.88,5.5,5.53,1.0
5.53,5.93,5.52,5.86,1.0
5.71,5.9,5.71,5.75,1.0
5.75,5.86,5.75,5.77,-1.0
5.85,5.89,5.56,5.6,1.0
5.55,5.66,5.53,5.57,1.0
5.62,5.77,5.54,5.65,1.0
5.65,5.74,5.62,5.67,1.0
5.65,5.76,5.63,5.76,1.0
5.76,5.9,5.65,5.85,-1.0
5.84,5.87,5.6,5.64,1.0
5.68,5.75,5.61,5.69,1.0
5.76,5.86,5.67,5.86,1.0
5.92,6.06,5.86,6.04,1.0
6.0,6.25,6.0,6.24,1.0
6.23,6.34,6.15,6.28,-1.0
6.29,6.3,6.08,6.18,1.0
6.2,6.35,6.19,6.24,1.0
6.15,6.34,6.1,6.19,1.0
6.16,6.81,6.16,6.81,0.0
7.49,7.49,7.49,7.49,-1.0
7.68,7.68,7.25,7.51,1.0
7.32,7.64,7.32,7.61,1.0
7.6,7.69,7.4,7.62,1.0
7.91,8.34,7.88,8.13,1.0
7.99,8.48,7.88,8.46,-1.0
8.56,8.6,8.07,8.18,1.0
8.1,8.49,7.9,8.33,-1.0
8.18,8.31,7.6,7.65,1.0
7.58,7.85,7.36,7.66,-1.0
7.64,7.65,7.36,7.57,-1.0
7.47,7.57,7.31,7.45,1.0
7.45,7.76,7.45,7.66,1.0
7.66,8.28,7.6,8.13,-1.0
8.09,8.29,7.93,8.06,-1.0
7.99,8.1,7.8,7.8,1.0
7.75,8.0,7.62,7.79,1.0
7.79,8.16,7.79,8.07,1.0
8.08,8.21,8.0,8.13,1.0
8.1,8.51,8.1,8.5,-1.0
8.48,8.55,8.3,8.41,-1.0
8.35,8.48,7.91,7.99,1.0
7.93,8.79,7.93,8.79,1.0
8.68,8.86,8.55,8.78,-1.0
8.78,9.03,8.7,8.77,0.0
8.77,8.77,8.77,8.77,0.0
8.77,8.77,8.77,8.77,0.0
8.77,8.77,8.77,8.77,0.0
8.77,8.77,8.77,8.77,0.0
8.77,8.77,8.77,8.77,0.0
8.77,8.77,8.77,8.77,0.0
8.77,8.77,8.77,8.77,0.0
8.77,8.77,8.77,8.77,0.0
8.77,8.77,8.77,8.77,-1.0
8.01,8.38,7.91,7.92,1.0
7.84,8.02,7.7,7.85,1.0
7.87,8.27,7.87,8.12,-1.0
8.12,8.15,7.93,8.01,1.0
7.92,8.22,7.92,8.1,0.0
8.1,8.1,8.1,8.1,0.0
8.1,8.1,8.1,8.1,0.0
8.1,8.1,8.1,8.1,0.0
8.1,8.1,8.1,8.1,0.0
8.1,8.1,8.1,8.1,0.0
8.1,8.1,8.1,8.1,0.0
8.1,8.1,8.1,8.1,0.0
8.1,8.1,8.1,8.1,0.0
8.1,8.1,8.1,8.1,0.0
8.1,8.1,8.1,8.1,0.0
8.1,8.1,8.1,8.1,0.0
8.1,8.1,8.1,8.1,0.0
8.1,8.1,8.1,8.1,0.0
8.1,8.1,8.1,8.1,0.0
8.1,8.1,8.1,8.1,0.0
8.1,8.1,8.1,8.1,0.0
8.1,8.1,8.1,8.1,-1.0
6.15,6.15,5.84,5.89,1.0
5.94,6.05,5.89,6.0,-1.0
5.99,6.03,5.92,5.96,1.0
5.91,6.32,5.89,6.19,1.0
6.28,6.46,6.18,6.35,1.0
6.35,6.45,6.26,6.43,1.0
6.42,6.8,6.39,6.7,-1.0
6.66,6.84,6.48,6.49,-1.0
6.46,6.58,6.15,6.43,1.0
6.4,6.43,6.25,6.43,-1.0
6.4,6.45,6.18,6.2,1.0
6.05,6.27,6.05,6.25,-1.0
6.3,6.37,6.22,6.26,1.0
6.25,6.63,6.25,6.53,0.0
6.53,6.53,6.53,6.53,-1.0
6.59,6.6,6.31,6.31,1.0
6.31,6.58,6.31,6.5,1.0
6.53,6.71,6.48,6.66,-1.0
6.67,6.72,6.57,6.59,-1.0
6.6,6.63,6.45,6.55,1.0
6.6,6.77,6.6,6.71,1.0
6.78,7.26,6.72,7.15,-1.0
7.1,7.1,6.83,6.91,1.0
6.85,6.98,6.8,6.92,-1.0
6.9,6.9,6.55,6.57,1.0
6.55,6.69,6.46,6.57,1.0
6.51,6.69,6.51,6.65,-1.0
6.67,6.75,6.56,6.65,1.0
6.62,6.83,6.6,6.73,1.0
6.72,6.86,6.68,6.85,1.0
6.82,6.97,6.8,6.93,1.0
6.93,6.95,6.83,6.95,-1.0
6.95,6.99,6.76,6.8,1.0
6.79,6.92,6.72,6.92,-1.0
6.95,6.97,6.83,6.88,-1.0
6.92,6.93,6.72,6.88,-1.0
6.88,6.93,6.73,6.74,1.0
6.69,6.78,6.67,6.74,1.0
6.75,6.78,6.71,6.77,1.0
6.77,6.87,6.76,6.86,0.0
6.85,6.89,6.78,6.85,1.0
6.85,6.93,6.82,6.91,-1.0
6.91,6.92,6.82,6.88,-1.0
6.88,6.95,6.78,6.82,1.0
6.82,6.98,6.82,6.92,1.0
6.95,6.99,6.86,6.99,-1.0
7.02,7.05,6.93,6.97,1.0
6.99,7.24,6.94,7.22,-1.0
7.25,7.25,7.12,7.18,1.0
7.2,7.41,7.15,7.26,1.0
7.24,7.8,7.24,7.66,-1.0
7.66,7.95,7.56,7.65,-1.0
7.65,7.79,7.51,7.52,1.0
7.4,7.65,7.31,7.5,1.0
7.45,7.67,7.45,7.66,-1.0
7.72,7.78,7.54,7.66,1.0
7.66,7.9,7.66,7.9,-1.0
7.91,7.98,7.66,7.74,-1.0
7.69,7.69,7.04,7.1,1.0
7.05,7.26,6.85,7.08,1.0
7.06,7.19,7.03,7.18,-1.0
7.18,7.18,6.9,6.98,1.0
7.01,7.05,6.93,7.05,-1.0
7.05,7.14,7.0,7.02,1.0
7.06,7.12,6.99,7.08,-1.0
7.11,7.12,6.98,7.04,1.0
7.03,7.12,7.03,7.1,-1.0
7.11,7.11,7.03,7.06,-1.0
7.09,7.09,6.62,6.67,1.0
6.6,6.73,6.6,6.61,-1.0
6.53,6.6,6.36,6.36,1.0
6.34,6.59,6.32,6.58,0.0
6.58,6.58,6.58,6.58,-1.0
6.5,6.55,6.42,6.48,1.0
6.48,6.68,6.47,6.62,-1.0
6.66,6.69,6.5,6.53,1.0
6.5,6.6,6.42,6.56,1.0
6.58,6.63,6.52,6.61,-1.0
6.6,6.6,6.33,6.4,1.0
6.4,6.44,6.3,6.41,-1.0
6.4,6.42,6.31,6.32,-1.0
6.32,6.32,6.04,6.06,1.0
6.06,6.15,5.97,6.12,-1.0
6.12,6.17,6.05,6.1,1.0
6.08,6.16,6.08,6.13,1.0
6.15,6.18,6.11,6.17,-1.0
6.22,6.22,6.08,6.13,1.0
6.15,6.24,6.1,6.24,1.0
6.27,6.38,6.19,6.35,-1.0
6.34,6.34,6.24,6.32,1.0
6.3,6.43,6.28,6.43,1.0
6.48,6.62,6.4,6.61,0.0
6.61,6.68,6.59,6.61,1.0
6.75,7.27,6.75,7.07,-1.0
7.0,7.04,6.76,6.79,1.0
6.83,6.9,6.79,6.88,-1.0
6.9,6.94,6.71,6.78,-1.0
6.78,6.8,6.62,6.68,-1.0
6.63,6.74,6.51,6.51,1.0
6.5,6.62,6.45,6.62,1.0
6.67,6.84,6.66,6.8,1.0
6.8,6.88,6.7,6.84,1.0
6.87,7.07,6.83,7.03,-1.0
7.1,7.13,6.93,6.95,-1.0
5.87,5.87,5.55,5.64,1.0
5.62,5.73,5.56,5.71,1.0
5.71,5.82,5.66,5.76,1.0
5.71,5.83,5.7,5.74,-1.0
5.73,5.84,5.6,5.6,1.0
5.6,5.72,5.51,5.72,1.0
5.7,5.94,5.61,5.91,-1.0
5.91,5.92,5.76,5.81,-1.0
5.8,5.8,5.66,5.76,1.0
5.75,5.93,5.57,5.88,1.0
5.82,5.99,5.8,5.93,-1.0
5.93,5.97,5.57,5.63,-1.0
5.62,5.62,5.07,5.12,1.0
5.12,5.33,5.09,5.24,1.0
5.2,5.32,5.18,5.25,1.0
5.31,5.61,5.23,5.58,-1.0
5.72,5.74,5.52,5.67,1.0
5.65,5.95,5.56,5.95,1.0
6.06,6.41,6.06,6.19,-1.0
6.17,6.3,5.96,5.96,1.0
5.96,6.19,5.91,6.12,1.0
6.22,6.48,6.12,6.47,-1.0
6.55,6.61,5.98,6.03,1.0
6.05,6.4,6.04,6.3,1.0
6.3,6.38,6.11,6.37,1.0
6.38,6.84,6.37,6.78,1.0
6.83,7.21,6.83,6.93,-1.0
6.83,6.83,6.35,6.35,-1.0
6.4,6.56,6.02,6.13,1.0
6.27,6.38,6.13,6.33,1.0
6.38,6.59,6.34,6.57,1.0
6.56,6.78,6.53,6.67,0.0
6.67,6.67,6.67,6.67,1.0
6.88,7.09,6.68,6.93,1.0
6.94,7.62,6.94,7.62,1.0
7.59,8.22,7.46,7.8,1.0
7.79,8.15,7.58,7.81,-1.0
7.77,7.97,7.28,7.37,-1.0
7.34,7.48,6.73,6.82,1.0
6.82,7.23,6.6,7.16,-1.0
7.11,7.22,6.78,6.8,1.0
6.75,6.9,6.56,6.83,1.0
6.8,7.0,6.75,6.85,1.0
6.83,7.2,6.76,7.2,1.0
7.25,7.53,7.16,7.36,1.0
7.43,7.62,7.24,7.56,-1.0
7.58,7.64,7.4,7.4,1.0
7.4,7.54,7.23,7.48,-1.0
7.5,7.5,7.21,7.3,1.0
7.25,7.77,7.22,7.53,1.0
7.46,7.65,7.4,7.6,1.0
7.71,8.09,7.62,7.8,1.0
8.0,8.57,7.83,8.29,-1.0
8.33,8.58,8.16,8.2,1.0
8.26,8.71,8.22,8.58,-1.0
8.6,8.7,8.32,8.5,-1.0
8.5,8.55,8.23,8.48,-1.0
8.45,8.5,8.14,8.22,1.0
8.19,8.5,8.14,8.46,1.0
8.46,9.03,8.38,8.8,-1.0
8.89,8.89,8.58,8.72,1.0
8.78,9.59,8.75,9.38,1.0
9.4,10.3,9.22,10.1,-1.0
9.95,10.29,9.51,9.78,-1.0
9.7,10.09,9.0,9.0,1.0
8.87,9.9,8.8,9.9,1.0
9.99,10.47,9.89,10.08,-1.0
10.08,10.1,9.51,9.9,-1.0
9.88,9.88,9.35,9.6,1.0
9.58,9.99,9.51,9.7,-1.0
9.75,9.95,9.3,9.37,1.0
9.16,9.37,8.82,9.2,1.0
9.07,9.52,9.07,9.41,-1.0
9.35,9.4,9.15,9.26,1.0
9.19,9.45,9.14,9.22,-1.0
9.25,9.25,8.78,8.94,-1.0
8.77,8.9,8.11,8.12,-1.0
8.2,8.36,8.05,8.11,1.0
8.06,8.22,7.87,8.12,1.0
8.12,8.4,8.12,8.25,-1.0
8.21,8.38,7.82,7.83,-1.0
7.62,7.78,7.15,7.2,1.0
7.23,7.5,7.23,7.49,-1.0
7.46,7.59,7.32,7.39,1.0
7.43,7.67,7.4,7.66,0.0
7.71,7.75,7.51,7.71,-1.0
7.68,7.68,7.28,7.34,1.0
7.31,7.48,7.25,7.46,1.0
7.44,7.74,7.37,7.66,1.0
7.63,7.85,7.5,7.8,-1.0
7.72,7.88,7.63,7.66,1.0
7.43,7.76,7.26,7.73,1.0
7.7,7.98,7.68,7.98,1.0
7.98,8.27,7.84,8.03,1.0
7.99,8.23,7.98,8.19,1.0
8.2,8.48,8.2,8.26,-1.0
8.37,8.49,8.29,8.35,-1.0
8.39,8.46,8.24,8.26,1.0
8.26,8.33,8.19,8.29,-1.0
8.33,8.35,8.1,8.2,-1.0
8.15,8.26,7.93,8.0,1.0
8.0,8.8,7.91,8.79,-1.0
8.78,9.17,8.75,8.76,1.0
8.79,9.09,8.72,8.86,-1.0
8.87,9.02,8.65,8.78,1.0
8.75,9.08,8.68,8.98,1.0
8.98,9.26,8.98,9.15,-1.0
9.18,9.2,9.02,9.06,-1.0
9.02,9.1,8.75,8.75,-1.0
8.76,8.95,8.3,8.48,1.0
8.44,8.62,8.28,8.58,1.0
8.6,9.18,8.46,9.06,-1.0
9.08,9.09,8.9,8.92,1.0
8.88,9.01,8.71,8.98,1.0
8.86,9.06,8.84,8.98,1.0
8.86,9.2,8.77,9.12,1.0
9.1,9.7,9.01,9.36,-1.0
9.34,9.35,9.02,9.14,1.0
9.03,9.49,9.02,9.29,1.0
9.3,9.55,9.2,9.42,1.0
9.45,9.8,9.38,9.59,1.0
9.62,9.93,9.5,9.9,1.0
9.92,10.35,9.75,10.05,-1.0
10.0,10.19,9.8,9.99,0.0
9.99,9.99,9.99,9.99,-1.0
9.6,9.73,9.3,9.58,-1.0
9.5,9.68,9.29,9.29,-1.0
9.22,9.33,9.05,9.08,1.0
9.08,9.47,9.08,9.4,-1.0
9.4,9.49,9.25,9.31,-1.0
9.31,9.31,9.05,9.06,-1.0
9.01,9.05,8.57,8.66,1.0
8.66,8.95,8.66,8.9,-1.0
8.95,8.99,8.65,8.72,-1.0
8.65,8.66,8.46,8.52,1.0
8.61,8.73,8.51,8.65,-1.0
8.7,8.7,8.28,8.43,1.0
8.5,8.98,8.5,8.87,-1.0
8.88,8.88,8.51,8.64,1.0
8.64,8.86,8.61,8.8,-1.0
8.83,8.83,8.68,8.69,-1.0
8.6,8.68,8.35,8.46,-1.0
8.43,8.49,8.23,8.31,-1.0
8.3,8.4,8.19,8.28,1.0
8.34,8.46,8.25,8.38,-1.0
8.38,8.38,8.04,8.1,-1.0
8.01,8.06,7.52,7.67,1.0
7.67,7.88,7.52,7.81,1.0
7.79,8.01,7.7,7.98,-1.0
7.98,8.04,7.65,7.66,1.0
7.66,7.88,7.66,7.75,-1.0
7.75,7.8,7.49,7.67,1.0
7.51,7.79,7.49,7.77,0.0
7.77,7.77,7.77,7.77,1.0
7.85,7.92,7.78,7.92,1.0
7.9,8.07,7.87,8.03,1.0
8.13,8.51,8.06,8.46,-1.0
8.55,8.55,8.25,8.3,1.0
8.29,8.4,8.08,8.36,-1.0
8.4,8.48,8.31,8.38,-1.0
8.36,8.43,8.22,8.29,1.0
8.29,8.45,8.22,8.39,-1.0
8.4,8.48,8.29,8.35,-1.0
8.35,8.4,7.88,8.01,-1.0
8.02,8.1,7.9,7.9,-1.0
7.9,7.9,7.59,7.6,1.0
7.61,7.77,7.61,7.76,1.0
7.74,7.96,7.72,7.81,-1.0
7.82,7.82,7.63,7.79,1.0
7.8,7.96,7.77,7.95,-1.0
7.96,8.02,7.89,7.94,-1.0
7.94,7.98,7.81,7.91,-1.0
7.96,7.96,7.75,7.9,1.0
7.9,8.35,7.86,8.26,-1.0
8.29,8.48,8.14,8.17,-1.0
8.16,8.26,8.1,8.14,1.0
8.14,8.35,8.14,8.29,-1.0
8.28,8.29,7.88,7.93,-1.0
7.93,7.93,7.71,7.86,-1.0
7.84,7.84,7.62,7.68,1.0
7.71,7.83,7.68,7.72,-1.0
7.76,7.86,7.64,7.69,1.0
7.74,8.08,7.69,8.01,1.0
8.02,8.3,8.0,8.28,-1.0
8.34,8.35,8.21,8.27,1.0
8.29,8.58,8.17,8.58,-1.0
8.78,8.88,8.42,8.6,-1.0
8.53,8.67,8.1,8.16,1.0
8.13,8.52,8.13,8.5,1.0
8.55,9.1,8.4,9.06,-1.0
9.38,9.67,8.9,9.23,1.0
9.2,9.46,9.05,9.44,0.0
9.44,9.44,9.44,9.44,1.0
9.78,9.99,9.65,9.84,-1.0
9.8,9.84,9.41,9.72,1.0
9.74,9.95,9.5,9.82,-1.0
9.8,9.8,9.17,9.19,1.0
9.19,9.37,8.86,9.3,1.0
9.31,10.23,9.31,10.23,1.0
10.69,11.25,10.43,11.2,1.0
11.18,12.27,10.83,11.36,-1.0
11.1,11.2,10.22,10.72,1.0
10.62,11.33,10.35,10.63,1.0
10.5,11.69,10.5,11.69,-1.0
11.96,12.36,11.29,11.57,1.0
11.5,12.21,11.36,11.96,1.0
11.8,12.12,11.7,11.82,-1.0
11.8,11.8,11.0,11.43,1.0
11.39,12.2,11.1,11.99,-1.0
11.9,12.0,11.75,11.81,-1.0
11.95,11.96,11.6,11.76,1.0
11.82,12.65,11.75,12.44,-1.0
12.4,12.84,12.0,12.28,1.0
12.3,12.55,11.92,12.39,-1.0
12.3,12.85,11.15,11.15,1.0
10.7,11.52,10.61,11.45,-1.0
11.74,12.28,11.3,11.66,1.0
11.71,12.35,11.6,12.2,-1.0
12.1,12.48,11.5,11.96,-1.0
11.9,12.0,11.58,11.72,1.0
11.75,12.0,11.75,11.92,1.0
12.15,12.37,11.91,12.19,-1.0
12.16,12.21,11.81,11.95,1.0
12.06,12.67,12.06,12.52,0.0
12.52,12.52,12.52,12.52,-1.0
12.45,12.45,11.47,12.3,1.0
12.4,13.19,12.3,12.73,-1.0
12.68,13.12,12.22,12.51,1.0
12.01,12.98,11.88,12.86,1.0
12.9,13.18,12.78,12.97,-1.0
13.05,13.17,12.7,13.0,1.0
13.3,14.3,13.3,14.3,1.0
14.05,14.66,13.86,14.2,1.0
14.03,14.59,14.03,14.24,-1.0
14.4,14.5,14.05,14.35,-1.0
14.32,14.38,13.1,13.93,-1.0
13.88,14.0,13.18,13.18,1.0
13.1,13.4,12.93,13.4,-1.0
13.49,13.6,13.15,13.45,1.0
13.46,13.74,13.35,13.53,1.0
13.5,13.76,13.45,13.6,1.0
13.58,13.75,13.4,13.73,1.0
13.6,14.24,13.51,14.0,1.0
14.0,14.2,13.88,14.13,1.0
14.13,14.94,13.88,14.7,-1.0
14.5,14.7,14.15,14.36,1.0
14.35,14.84,14.35,14.67,1.0
14.66,15.3,14.6,14.7,1.0
14.75,15.0,14.52,14.87,-1.0
14.87,14.87,14.1,14.58,1.0
14.58,15.08,14.38,15.0,-1.0
15.04,15.9,14.37,14.82,1.0
15.1,16.3,15.1,16.3,1.0
17.0,17.58,16.41,17.1,-1.0
16.9,17.5,16.45,16.84,1.0
16.83,17.46,16.51,17.25,0.0
17.28,17.94,17.0,17.28,-1.0
17.6,17.6,16.53,16.59,-1.0
16.49,16.49,15.7,15.99,1.0
16.31,17.1,15.99,16.98,-1.0
16.68,16.99,15.9,16.4,-1.0
16.4,16.55,16.1,16.34,1.0
16.21,16.52,15.91,16.45,-1.0
16.4,16.4,16.05,16.22,1.0
16.22,16.8,16.1,16.28,1.0
16.35,17.09,16.2,17.07,-1.0
17.27,17.46,16.75,17.08,1.0
17.07,17.55,17.0,17.26,1.0
16.6,18.57,16.35,18.5,-1.0
18.3,18.36,17.8,17.9,1.0
17.9,18.2,17.35,17.92,-1.0
17.6,17.9,17.01,17.5,1.0
17.45,17.69,17.22,17.46,0.0
17.46,17.46,17.46,17.46,0.0
19.21,19.21,19.21,19.21,1.0
20.0,21.13,19.21,21.13,-1.0
21.0,21.0,19.02,19.51,-1.0
19.15,19.25,17.56,17.56,-1.0
16.01,17.1,15.8,15.8,1.0
14.22,15.18,14.22,14.57,1.0
14.97,15.78,14.0,15.55,1.0
15.32,17.11,15.3,16.9,1.0
16.85,17.47,16.6,17.12,1.0
17.58,18.6,17.4,18.05,1.0
18.25,19.1,16.7,18.76,1.0
19.05,20.4,19.03,19.9,1.0
20.02,21.42,19.35,20.95,1.0
20.9,21.48,20.21,21.18,1.0
21.26,23.3,21.26,23.3,1.0
23.2,25.5,22.4,24.83,1.0
24.5,27.31,24.18,27.3,-1.0
27.8,27.8,24.57,26.73,1.0
26.32,27.27,24.5,26.35,-1.0
26.7,26.9,24.01,24.25,-1.0
23.99,23.99,21.9,23.39,-1.0
24.0,24.55,22.98,23.4,-1.0
23.38,24.48,21.3,21.45,-1.0
20.85,20.88,19.31,19.4,1.0
18.59,21.34,18.5,21.34,1.0
21.98,23.47,21.68,23.47,-1.0
23.5,24.0,22.09,22.75,-1.0
22.26,22.5,20.48,20.48,1.0
19.48,22.53,19.48,22.53,-1.0
23.5,24.5,23.01,23.35,1.0
23.4,24.44,22.49,23.57,1.0
23.6,24.5,23.01,23.8,-1.0
23.63,24.25,22.44,23.0,-1.0
23.0,23.2,21.88,22.05,1.0
21.58,23.92,21.58,22.6,1.0
22.49,23.0,21.99,22.68,-1.0
22.68,22.97,21.85,22.1,-1.0
22.0,22.55,21.68,21.86,1.0
21.7,22.45,21.5,22.33,1.0
22.34,23.99,22.34,23.69,1.0
23.75,25.85,23.51,24.46,1.0
24.48,25.08,24.1,24.95,1.0
25.6,27.45,25.01,27.4,-1.0
28.5,29.39,27.0,27.74,1.0
27.01,28.5,26.8,27.18,-1.0
27.0,27.46,25.95,26.5,-1.0
26.5,26.89,23.98,24.7,1.0
24.7,25.92,24.7,25.7,1.0
25.7,26.4,24.93,25.8,-1.0
25.92,26.19,25.01,25.4,1.0
25.6,26.58,25.02,25.62,1.0
25.58,26.48,25.0,26.12,1.0
26.19,27.6,26.19,26.57,-1.0
26.65,26.9,24.63,25.85,-1.0
25.15,25.7,24.1,24.31,1.0
24.4,25.2,24.4,24.79,-1.0
24.8,24.8,24.01,24.58,-1.0
24.58,24.58,23.5,23.96,-1.0
23.85,24.2,23.7,23.84,1.0
24.08,25.55,24.08,25.08,-1.0
25.3,25.3,24.3,24.38,1.0
24.12,25.25,23.91,25.0,-1.0
25.2,25.6,24.5,25.0,1.0
25.01,26.58,25.01,26.49,-1.0
26.56,27.03,25.8,26.48,-1.0
26.45,26.45,25.34,25.45,-1.0
25.35,25.35,24.4,24.41,1.0
24.61,24.97,24.31,24.79,-1.0
24.85,25.0,24.46,24.69,1.0
25.0,26.88,25.0,26.2,-1.0
25.92,26.5,25.2,25.38,1.0
25.37,26.87,25.18,26.35,1.0
26.38,28.42,26.01,28.0,-1.0
27.81,28.0,25.59,25.75,0.0
25.75,25.75,25.75,25.75,-1.0
26.75,26.89,23.68,23.8,1.0
23.5,24.25,22.76,23.52,1.0
23.58,24.2,23.58,23.95,-1.0
24.2,24.2,23.65,24.0,1.0
24.0,24.5,23.55,24.06,1.0
24.16,24.98,23.88,24.36,-1.0
24.36,24.69,23.58,23.74,-1.0
23.74,24.11,23.04,23.18,-1.0
23.26,23.29,22.1,22.87,1.0
22.87,23.0,22.08,23.0,1.0
22.99,24.1,22.75,23.55,-1.0
23.5,23.7,22.88,23.0,1.0
22.85,23.78,22.85,23.3,-1.0
23.9,23.98,23.3,23.55,-1.0
23.65,23.94,23.01,23.1,-1.0
23.18,23.18,22.5,22.85,-1.0
22.86,23.2,22.49,22.65,-1.0
23.16,23.16,22.1,22.2,-1.0
22.25,22.3,19.98,20.99,-1.0
21.02,21.37,19.5,20.83,1.0
21.0,22.91,20.3,22.91,1.0
23.0,25.0,22.56,23.58,-1.0
23.58,23.58,21.33,21.44,-1.0
22.0,22.39,21.18,21.6,-1.0
21.6,22.2,21.21,21.24,-1.0
21.48,21.5,19.8,21.2,-1.0
21.25,21.26,20.25,20.28,-1.0
20.35,20.98,18.65,18.8,1.0
18.58,19.42,17.75,19.1,-1.0
19.0,20.0,18.51,18.75,1.0
18.76,19.38,18.73,19.13,1.0
19.25,20.38,19.25,20.28,-1.0
20.28,20.47,19.41,19.41,-1.0
19.21,19.21,18.5,18.5,1.0
18.5,18.97,18.5,18.62,1.0
18.59,18.95,18.59,18.8,1.0
18.56,19.0,18.56,18.88,-1.0
18.88,18.88,17.88,17.88,-1.0
18.01,18.01,17.33,17.53,-1.0
17.2,17.51,16.52,16.85,1.0
16.85,17.47,16.73,17.08,1.0
17.2,17.8,17.1,17.8,-1.0
17.85,17.94,17.49,17.5,1.0
17.84,18.99,17.5,18.68,1.0
18.49,19.69,18.4,19.32,-1.0
19.3,19.4,18.6,19.0,-1.0
18.82,19.0,18.23,18.35,1.0
18.3,19.45,17.9,18.35,1.0
18.0,18.2,17.11,18.03,1.0
18.3,19.45,18.2,18.37,1.0
18.37,19.28,18.31,18.75,1.0
18.37,19.0,18.31,18.41,1.0
18.69,20.25,18.69,20.0,-1.0
19.69,20.58,19.3,19.52,-1.0
19.36,19.7,18.86,19.06,1.0
19.06,19.56,18.98,19.18,1.0
19.18,19.58,19.01,19.4,-1.0
19.35,19.6,19.1,19.33,1.0
19.25,19.48,19.03,19.35,1.0
18.88,19.91,18.85,19.76,1.0
19.8,20.33,19.53,20.27,-1.0
20.4,20.49,19.7,20.06,-1.0
20.29,20.7,19.85,20.2,-1.0
20.0,20.0,19.19,19.78,-1.0
19.78,20.0,19.0,19.21,-1.0
19.2,19.52,18.92,19.0,-1.0
19.5,19.59,19.13,19.49,1.0
19.75,20.55,19.5,20.36,1.0
20.29,20.49,20.1,20.3,1.0
20.35,20.98,20.35,20.77,-1.0
20.81,21.13,20.6,20.78,1.0
21.0,21.97,20.8,21.7,1.0
21.79,22.88,21.79,21.82,-1.0
21.82,22.0,21.28,21.37,1.0
21.6,22.8,21.53,22.65,1.0
22.96,24.33,22.95,23.89,1.0
23.61,24.3,23.31,23.86,-1.0
23.75,23.75,23.28,23.65,-1.0
23.86,24.97,22.3,23.18,1.0
23.0,23.5,22.77,23.49,-1.0
23.55,23.79,23.1,23.16,-1.0
23.31,23.48,22.4,22.87,1.0
22.88,23.19,22.2,23.0,1.0
22.95,23.58,22.65,23.58,1.0
23.65,24.37,23.48,23.99,-1.0
23.99,24.0,21.9,22.46,1.0
22.2,22.68,22.08,22.45,-1.0
22.45,22.88,21.02,21.2,-1.0
21.18,21.18,19.08,19.08,1.0
19.08,19.8,18.5,19.69,1.0
19.8,21.1,19.5,20.87,-1.0
20.9,21.13,20.23,20.33,-1.0
20.36,21.0,18.52,18.87,1.0
18.85,20.01,18.8,19.45,-1.0
19.78,19.97,18.88,19.48,-1.0
19.45,19.45,18.6,18.6,-1.0
18.6,19.0,17.02,17.54,1.0
18.0,19.29,17.9,19.29,-1.0
19.3,19.64,19.03,19.18,1.0
18.93,19.5,18.8,19.19,1.0
19.12,19.68,19.12,19.57,-1.0
19.8,19.8,19.08,19.6,0.0
19.6,19.6,19.6,19.6,1.0
20.39,21.56,20.39,21.56,-1.0
22.3,23.0,21.7,22.18,1.0
22.01,22.89,21.8,22.65,-1.0
22.8,23.3,21.39,22.31,-1.0
22.34,22.97,20.63,20.87,1.0
21.16,21.96,20.88,21.8,1.0
22.06,22.5,21.5,22.5,-1.0
22.5,22.64,21.6,21.75,-1.0
21.85,21.97,21.0,21.42,1.0
21.49,22.45,21.2,22.4,-1.0
22.4,22.95,21.91,22.0,-1.0
22.12,22.47,21.25,21.75,1.0
21.5,22.25,21.5,22.04,1.0
21.98,22.68,21.5,22.5,-1.0
22.52,22.88,21.62,21.85,1.0
21.78,21.97,21.18,21.85,-1.0
22.09,22.28,21.0,21.0,-1.0
20.85,20.85,19.01,19.65,-1.0
19.65,19.8,19.21,19.54,-1.0
19.5,19.89,17.74,17.74,-1.0
17.74,18.49,15.97,16.39,1.0
16.6,17.6,16.58,17.31,1.0
16.95,18.2,16.35,18.0,1.0
17.99,18.48,17.52,18.15,-1.0
18.17,18.42,17.51,17.51,1.0
17.0,17.89,17.0,17.8,1.0
17.8,18.2,17.47,17.81,-1.0
17.77,17.77,16.88,16.88,1.0
16.86,17.56,16.4,17.48,-1.0
17.2,17.28,16.15,16.48,-1.0
16.2,16.58,14.85,14.86,0.0
14.86,14.86,14.86,14.86,1.0
14.0,14.88,13.5,14.55,1.0
14.18,15.45,14.15,15.41,1.0
15.4,15.94,15.08,15.8,-1.0
15.68,15.87,14.58,14.58,1.0
14.5,14.88,14.15,14.86,1.0
14.8,15.5,14.8,15.11,-1.0
14.81,15.0,14.02,14.1,1.0
14.38,14.8,13.8,14.75,-1.0
14.51,14.65,14.12,14.18,-1.0
14.18,14.64,13.48,13.7,-1.0
13.52,13.88,13.01,13.07,-1.0
14.3,14.38,13.07,13.31,-1.0
13.12,13.12,12.18,12.69,1.0
12.65,13.56,12.32,13.4,1.0
14.73,14.74,14.05,14.74,1.0
14.88,15.96,14.74,15.35,-1.0
9.98,10.0,9.51,9.55,-1.0
9.5,9.77,9.4,9.48,1.0
9.56,9.85,9.38,9.78,1.0
9.82,10.76,9.82,10.76,1.0
11.0,11.84,10.78,11.84,1.0
12.42,13.02,12.11,13.02,1.0
13.24,14.18,12.8,13.28,1.0
13.55,13.85,13.1,13.64,1.0
13.7,15.0,13.68,15.0,-1.0
15.19,16.3,14.23,14.62,1.0
14.25,15.0,13.72,14.45,-1.0
14.1,14.29,13.85,13.9,1.0
13.9,14.36,13.54,13.95,-1.0
13.66,13.86,13.31,13.45,-1.0
13.46,13.85,12.35,12.55,1.0
12.35,13.1,11.75,12.7,1.0
12.35,13.75,12.03,13.25,-1.0
12.7,13.0,12.15,12.3,1.0
11.92,12.98,11.58,12.25,1.0
11.99,13.48,11.72,13.48,1.0
13.71,14.33,13.38,13.87,1.0
13.4,14.58,13.36,13.7,1.0
13.63,14.4,13.2,14.3,1.0
14.27,14.68,13.9,14.28,1.0
14.28,15.2,14.21,14.65,-1.0
14.4,15.12,13.7,14.27,-1.0
13.9,14.5,13.7,13.7,-1.0
13.5,13.78,12.6,12.76,0.0
12.76,12.76,12.76,12.76,1.0
11.48,12.25,11.48,11.55,-1.0
11.56,11.6,10.6,10.95,-1.0
11.11,11.5,10.8,10.9,-1.0
10.79,11.0,9.86,10.3,0.0
10.85,11.33,10.68,10.85,1.0
10.6,11.78,9.77,11.46,-1.0
11.01,11.46,10.31,10.31,-1.0
10.3,11.06,9.67,10.27,-1.0
10.0,10.37,9.76,9.86,1.0
10.0,10.29,9.8,10.24,0.0
11.26,11.26,10.9,11.26,0.0
11.49,11.8,11.3,11.49,-1.0
10.97,11.2,10.34,10.6,1.0
10.55,11.08,10.53,10.92,-1.0
10.95,11.16,10.39,10.47,1.0
10.56,10.87,10.5,10.7,1.0
10.51,11.49,10.34,11.2,-1.0
11.35,11.75,10.95,11.15,1.0
11.15,11.82,11.05,11.65,1.0
11.65,12.28,11.28,12.06,1.0
12.05,12.35,11.88,12.18,-1.0
12.0,12.48,11.82,11.89,-1.0
11.8,11.98,11.41,11.69,1.0
11.4,11.95,11.4,11.94,-1.0
11.94,12.08,11.33,11.45,-1.0
11.02,11.39,10.33,10.45,-1.0
10.7,11.0,10.4,10.47,1.0
10.6,10.81,10.17,10.76,1.0
10.83,11.24,10.56,11.19,-1.0
11.2,11.3,11.01,11.14,-1.0
11.22,11.48,11.1,11.19,1.0
11.22,11.32,11.0,11.25,-1.0
11.05,11.15,10.7,10.94,1.0
10.9,11.68,10.78,11.58,-1.0
11.4,11.54,11.31,11.38,-1.0
11.58,11.63,10.96,10.99,-1.0
11.0,11.09,10.35,10.4,1.0
10.4,10.59,10.28,10.56,-1.0
10.5,10.64,9.96,10.0,-1.0
10.0,10.27,9.7,9.88,-1.0
10.0,10.18,9.81,9.88,-1.0
9.96,10.1,9.23,9.55,-1.0
9.55,9.55,8.6,8.6,-1.0
8.6,8.6,7.74,7.74,-1.0
7.7,7.7,7.31,7.4,1.0
7.4,7.6,7.12,7.53,-1.0
7.55,7.58,7.2,7.4,1.0
7.37,7.7,7.2,7.67,1.0
7.65,8.26,7.51,7.69,1.0
7.38,7.79,7.18,7.7,1.0
7.7,8.47,7.5,8.46,-1.0
8.25,8.44,7.99,8.06,-1.0
8.0,8.12,7.63,7.8,1.0
7.79,8.0,7.7,7.84,-1.0
7.75,7.75,7.06,7.07,-1.0
7.02,7.22,6.51,6.76,1.0
6.66,6.9,6.6,6.79,1.0
6.9,7.09,6.79,6.97,1.0
6.98,7.12,6.6,7.08,1.0
6.88,7.18,6.79,6.93,1.0
7.05,7.62,7.01,7.22,1.0
6.94,7.09,6.75,7.01,1.0
6.72,7.08,6.72,6.84,-1.0
7.11,7.42,6.96,7.02,-1.0
6.98,7.11,6.7,6.93,1.0
6.75,7.23,6.75,7.11,-1.0
7.08,7.12,6.79,6.8,-1.0
6.89,6.95,6.75,6.8,-1.0
6.78,6.78,6.2,6.23,-1.0
6.23,6.32,5.88,5.91,1.0
5.72,5.91,5.33,5.75,1.0
6.31,6.33,6.13,6.33,1.0
6.84,6.96,6.38,6.96,1.0
6.5,7.21,6.49,6.79,1.0
6.6,6.85,6.51,6.85,1.0
6.87,7.21,6.68,7.08,-1.0
7.11,7.15,6.5,6.61,-1.0
6.5,6.5,6.01,6.1,1.0
5.8,6.27,5.7,6.04,-1.0
5.9,6.15,5.82,5.88,-1.0
6.05,6.12,5.71,5.74,-1.0
5.5,5.59,5.17,5.17,1.0
5.02,5.3,4.9,5.3,-1.0
5.51,5.56,5.07,5.11,-1.0
5.17,5.17,4.92,4.93,-1.0
4.79,4.81,4.58,4.58,1.0
4.62,4.77,4.56,4.71,1.0
4.71,4.92,4.6,4.88,1.0
4.83,5.14,4.83,4.9,1.0
4.91,5.1,4.85,4.94,1.0
4.9,4.92,4.71,4.91,1.0
4.91,5.08,4.81,4.93,-1.0
4.8,4.85,4.44,4.44,1.0
4.36,4.69,4.22,4.62,-1.0
4.65,4.7,4.48,4.56,1.0
4.61,4.7,4.6,4.68,-1.0
4.7,4.73,4.44,4.49,-1.0
4.52,4.52,4.28,4.29,1.0
4.26,4.48,4.26,4.39,1.0
4.43,4.69,4.4,4.59,1.0
4.45,4.79,4.41,4.65,1.0
4.53,4.68,4.39,4.65,1.0
4.75,5.1,4.7,5.06,-1.0
4.97,5.15,4.88,4.93,1.0
4.93,5.15,4.82,5.1,1.0
5.02,5.53,4.98,5.46,1.0
5.45,5.66,5.32,5.62,1.0
5.57,5.8,5.46,5.78,-1.0
5.68,5.75,5.2,5.2,1.0
5.17,5.72,5.12,5.71,1.0
5.56,6.28,5.5,5.83,1.0
5.6,6.4,5.35,6.29,-1.0
6.3,6.3,5.66,5.7,-1.0
5.85,5.94,5.41,5.65,-1.0
5.6,5.72,5.51,5.57,-1.0
6.1,6.1,5.57,5.58,-1.0
5.49,5.62,5.28,5.43,1.0
5.48,5.75,5.31,5.75,1.0
5.61,6.0,5.56,5.97,1.0
6.0,6.25,5.97,6.2,-1.0
6.23,6.36,6.09,6.11,1.0
6.03,6.58,6.02,6.47,1.0
6.47,6.8,6.47,6.72,-1.0
6.7,6.71,6.25,6.38,1.0
6.33,6.69,6.3,6.65,-1.0
6.64,6.77,6.3,6.32,-1.0
6.25,6.35,5.81,5.93,1.0
6.01,6.26,5.95,6.17,1.0
6.1,6.23,5.86,6.21,1.0
6.2,6.5,6.18,6.38,1.0
6.25,6.89,6.25,6.8,-1.0
6.8,6.85,6.64,6.71,1.0
6.65,7.09,6.58,6.93,-1.0
6.87,6.89,6.3,6.31,1.0
6.16,6.45,6.16,6.27,-1.0
6.32,6.41,6.03,6.13,1.0
6.11,6.32,6.07,6.17,-1.0
6.16,6.17,5.8,5.99,1.0
6.05,6.22,6.02,6.12,1.0
6.1,6.29,6.1,6.12,1.0
6.2,6.6,6.17,6.59,1.0
6.46,6.77,6.41,6.66,1.0
6.65,6.95,6.61,6.74,0.0
6.54,6.69,6.46,6.54,1.0
6.66,7.04,6.66,7.02,1.0
6.91,7.41,6.91,7.1,-1.0
7.1,7.19,6.67,6.73,1.0
6.7,7.09,6.65,7.06,1.0
7.0,7.37,6.9,7.23,-1.0
7.28,7.42,7.1,7.13,-1.0
7.13,7.24,6.9,6.99,1.0
6.95,7.08,6.89,7.04,1.0
6.99,7.53,6.91,7.27,1.0
7.3,7.67,7.18,7.61,1.0
7.58,7.76,7.4,7.61,1.0
7.79,7.96,7.5,7.86,1.0
7.76,8.19,7.76,8.07,1.0
8.09,8.34,7.96,8.1,-1.0
8.08,8.14,7.65,7.71,1.0
7.72,8.13,7.72,8.13,-1.0
8.5,8.7,8.23,8.39,1.0
8.32,8.57,8.25,8.57,1.0
8.48,8.93,8.35,8.6,1.0
8.6,9.45,8.46,9.24,1.0
9.1,9.58,9.09,9.37,-1.0
9.4,9.46,9.1,9.25,-1.0
9.34,9.48,9.0,9.1,-1.0
9.0,9.2,8.25,8.3,1.0
8.5,8.69,8.23,8.69,1.0
8.65,9.55,8.6,9.37,1.0
9.35,9.59,9.13,9.5,-1.0
9.42,9.66,9.11,9.13,1.0
9.22,9.9,9.22,9.85,-1.0
9.9,9.97,8.87,8.92,-1.0
8.68,8.8,8.03,8.03,1.0
8.0,8.4,7.96,8.33,1.0
8.08,8.6,8.0,8.33,1.0
8.36,8.92,8.36,8.92,1.0
8.98,9.3,8.72,9.1,1.0
8.88,9.48,8.8,9.4,1.0
9.4,9.74,9.29,9.44,1.0
9.4,9.94,9.34,9.81,-1.0
10.02,10.07,9.59,9.6,1.0
9.38,9.59,8.86,9.52,-1.0
9.45,9.53,9.23,9.32,-1.0
9.35,9.46,9.0,9.27,1.0
9.26,9.54,9.14,9.47,1.0
9.51,9.85,9.46,9.58,1.0
9.6,9.8,9.45,9.8,-1.0
9.81,9.85,9.5,9.61,1.0
9.55,9.71,9.55,9.62,1.0
9.69,10.17,9.66,10.13,-1.0
10.15,10.62,9.9,9.92,1.0
9.8,10.23,9.77,10.23,1.0
10.25,10.9,10.1,10.72,-1.0
10.78,11.09,10.66,10.71,0.0
10.71,10.71,10.71,10.71,-1.0
10.85,11.19,10.55,10.81,1.0
10.81,11.75,10.74,11.22,-1.0
11.3,11.33,10.73,10.92,1.0
10.87,10.98,10.62,10.93,-1.0
10.63,10.85,10.35,10.4,1.0
10.23,10.78,10.23,10.77,1.0
10.8,11.2,10.71,11.01,1.0
11.02,11.73,10.9,11.54,1.0
11.46,11.87,11.23,11.57,1.0
11.55,12.1,11.36,12.08,-1.0
12.0,12.7,11.91,11.97,-1.0
11.83,11.95,11.48,11.68,1.0
11.73,12.25,11.49,12.18,1.0
12.0,12.65,11.9,12.3,-1.0
12.3,12.44,11.25,11.4,1.0
11.45,12.54,11.45,12.54,-1.0
12.9,13.64,12.8,12.81,-1.0
12.5,12.6,11.66,11.69,1.0
11.5,12.77,11.1,12.5,1.0
12.3,13.2,12.25,13.1,-1.0
12.9,13.31,12.7,12.86,1.0
12.81,13.08,12.72,12.99,1.0
13.09,13.85,12.8,13.74,1.0
13.6,14.6,13.46,14.32,1.0
14.5,14.82,13.8,14.7,-1.0
14.5,14.8,13.99,14.2,-1.0
14.1,14.2,13.43,13.43,1.0
13.66,14.77,13.65,14.77,-1.0
14.88,15.34,14.47,14.5,1.0
14.39,14.95,14.35,14.58,-1.0
14.45,14.83,14.17,14.42,1.0
14.45,15.25,14.39,15.15,-1.0
15.08,15.3,14.85,15.05,-1.0
12.55,12.7,12.1,12.15,1.0
12.18,12.69,11.56,12.4,1.0
12.11,12.65,12.11,12.26,-1.0
12.08,12.28,11.68,12.06,-1.0
12.06,12.38,12.04,12.05,1.0
12.17,12.37,12.06,12.2,1.0
12.21,12.47,12.08,12.3,1.0
12.35,12.74,12.11,12.5,1.0
12.48,13.08,12.36,12.8,-1.0
12.78,12.79,12.3,12.49,-1.0
12.5,12.5,12.04,12.11,-1.0
12.08,12.36,11.91,11.99,-1.0
11.99,12.17,11.4,11.71,-1.0
11.71,11.86,11.43,11.7,1.0
11.7,11.79,11.51,11.73,-1.0
11.69,11.69,11.1,11.19,1.0
11.1,11.35,11.0,11.33,-1.0
11.28,11.3,11.07,11.12,1.0
11.13,11.36,11.07,11.36,1.0
11.36,11.68,11.26,11.56,-1.0
11.55,11.6,11.26,11.31,-1.0
11.4,11.45,11.1,11.11,1.0
11.05,11.3,11.0,11.14,1.0
11.14,11.18,11.02,11.15,1.0
11.14,11.5,11.14,11.43,-1.0
11.5,11.5,11.21,11.27,-1.0
11.3,11.35,11.1,11.15,1.0
11.15,11.34,11.15,11.23,-1.0
11.18,11.18,11.05,11.09,1.0
11.09,12.0,11.05,11.67,0.0
11.48,11.6,11.38,11.48,-1.0
11.51,11.68,11.32,11.5,1.0
11.69,12.05,11.58,11.72,1.0
11.6,12.34,11.52,12.14,1.0
12.1,12.79,11.94,12.6,-1.0
12.6,12.65,12.3,12.33,1.0
12.32,12.69,12.3,12.37,-1.0
12.32,12.46,12.01,12.29,1.0
12.29,12.77,12.11,12.57,-1.0
12.57,12.59,12.26,12.26,-1.0
12.3,12.49,12.06,12.27,1.0
12.2,12.52,12.17,12.37,-1.0
12.37,12.37,11.9,11.91,1.0
11.89,12.13,11.89,12.04,1.0
12.06,12.84,12.0,12.69,-1.0
12.72,12.79,12.18,12.34,1.0
12.37,13.21,12.36,13.03,-1.0
13.09,13.43,12.83,13.08,-1.0
13.13,13.36,11.77,12.2,1.0
12.19,12.48,11.6,12.47,1.0
12.55,13.05,12.36,12.96,1.0
13.02,13.56,12.84,13.36,-1.0
13.22,13.32,12.8,13.15,1.0
13.21,13.85,13.2,13.6,-1.0
13.39,13.39,13.0,13.08,-1.0
13.3,13.3,12.3,12.4,-1.0
12.46,12.82,12.18,12.35,-1.0
12.57,12.58,12.21,12.52,-1.0
12.42,12.58,11.66,11.8,1.0
11.81,12.05,11.54,11.89,-1.0
11.9,11.98,11.0,11.0,-1.0
10.98,10.98,9.91,9.91,1.0
10.01,10.37,9.9,10.24,-1.0
10.3,10.35,9.43,9.59,1.0
9.74,10.27,9.7,10.2,1.0
10.21,10.98,10.13,10.9,1.0
11.0,11.99,10.9,11.99,-1.0
12.15,12.75,11.82,12.04,1.0
11.9,12.99,11.52,12.5,-1.0
12.5,12.65,11.98,12.32,1.0
12.29,12.76,11.85,12.51,-1.0
12.3,12.3,11.5,11.54,-1.0
11.3,11.45,10.5,10.65,1.0
10.15,11.09,10.15,10.95,1.0
10.96,11.54,10.8,11.35,1.0
11.29,12.1,11.18,11.82,-1.0
12.0,12.16,11.58,11.7,0.0
11.7,11.7,11.7,11.7,1.0
12.08,12.18,11.8,12.13,-1.0
12.12,12.27,11.86,11.92,1.0
11.8,12.16,11.8,11.98,1.0
11.91,12.35,11.91,12.24,1.0
12.25,12.52,12.14,12.33,-1.0
12.35,12.4,12.01,12.18,1.0
12.18,12.75,12.1,12.59,-1.0
12.62,13.02,12.28,12.34,1.0
12.25,12.36,11.68,12.32,-1.0
12.32,12.45,11.78,11.78,-1.0
11.77,11.92,11.08,11.16,-1.0
11.16,11.32,10.83,11.08,-1.0
11.1,11.25,11.0,11.01,-1.0
11.03,11.25,10.2,10.32,1.0
10.46,10.83,10.2,10.72,-1.0
10.73,10.8,10.28,10.36,1.0
10.46,10.86,10.46,10.85,-1.0
10.95,11.08,10.78,10.88,1.0
11.0,11.36,11.0,11.24,-1.0
11.34,11.5,11.22,11.26,-1.0
11.36,11.43,11.12,11.19,1.0
11.29,11.6,11.1,11.6,1.0
11.6,11.74,11.45,11.67,1.0
11.65,12.07,11.65,11.8,-1.0
11.8,11.94,11.56,11.72,-1.0
12.28,12.28,11.74,11.78,1.0
11.78,12.17,11.73,11.91,1.0
11.93,12.07,11.8,11.98,-1.0
11.89,11.89,11.29,11.3,1.0
11.27,11.65,11.18,11.51,1.0
11.1,11.48,11.1,11.32,1.0
11.4,11.69,11.4,11.67,1.0
11.46,12.12,11.33,12.12,1.0
12.12,12.53,12.06,12.45,-1.0
12.46,12.5,12.24,12.31,1.0
12.31,12.58,12.28,12.51,1.0
12.56,12.87,12.48,12.57,1.0
12.6,12.88,12.6,12.78,1.0
12.85,13.15,12.74,13.07,-1.0
13.0,13.15,12.73,12.91,-1.0
12.88,12.98,12.64,12.74,1.0
12.7,13.68,12.69,13.66,1.0
13.95,14.46,13.67,14.16,1.0
14.0,14.29,13.88,14.16,-1.0
14.09,14.2,13.9,13.94,1.0
13.93,14.5,13.93,14.25,1.0
14.15,14.77,14.01,14.48,0.0
14.48,14.48,14.48,14.48,-1.0
15.03,15.58,13.7,13.9,1.0
13.73,14.78,13.73,14.73,-1.0
14.76,15.3,14.2,14.56,-1.0
14.38,14.56,13.33,13.46,1.0
13.74,14.25,13.48,14.25,1.0
14.25,15.2,13.98,15.01,-1.0
15.2,15.43,14.89,15.06,1.0
15.13,15.53,14.97,15.31,-1.0
15.16,15.49,14.32,14.68,0.0
14.75,14.9,14.44,14.75,-1.0
14.75,14.83,14.28,14.5,-1.0
14.46,14.72,14.2,14.43,1.0
14.65,15.14,14.52,14.67,-1.0
14.66,14.76,14.36,14.4,-1.0
14.46,14.58,14.02,14.22,1.0
14.23,14.56,14.14,14.42,-1.0
14.45,14.45,14.17,14.22,-1.0
14.22,14.31,13.6,13.65,-1.0
13.6,13.6,12.94,12.99,1.0
13.18,13.39,12.99,13.36,-1.0
13.39,13.46,12.85,12.94,1.0
13.0,13.28,12.9,13.22,1.0
13.22,13.98,13.22,13.86,1.0
13.88,14.0,13.76,13.92,1.0
13.93,14.3,13.81,13.98,-1.0
14.0,14.0,13.75,13.98,-1.0
13.98,14.2,13.58,13.7,1.0
13.68,13.85,13.61,13.72,1.0
13.78,14.07,13.78,13.97,1.0
13.9,14.61,13.82,14.54,1.0
14.4,15.28,14.4,14.8,-1.0
14.72,15.09,14.1,14.2,1.0
14.2,14.83,14.2,14.82,1.0
14.61,15.24,14.61,15.19,1.0
15.16,15.95,15.0,15.74,1.0
15.3,16.15,15.3,15.89,1.0
15.77,17.0,15.77,16.65,-1.0
16.8,16.89,16.4,16.74,1.0
16.6,17.36,16.56,17.06,1.0
16.85,17.24,16.8,16.9,-1.0
16.8,16.83,15.28,15.54,1.0
15.4,15.91,15.4,15.72,-1.0
15.7,15.7,14.88,14.92,1.0
15.0,15.41,14.8,15.24,-1.0
15.21,15.36,14.76,14.83,1.0
14.83,15.57,14.83,15.3,1.0
15.33,15.67,15.18,15.64,-1.0
15.7,16.0,15.45,15.5,1.0
15.39,15.7,14.91,15.56,-1.0
15.56,15.9,15.5,15.5,1.0
15.49,15.7,14.92,15.54,1.0
15.56,16.28,15.55,16.24,1.0
15.81,16.1,15.62,15.97,-1.0
16.0,16.09,15.5,15.75,-1.0
15.9,16.0,15.41,15.49,-1.0
15.49,15.78,15.05,15.34,1.0
15.35,15.77,15.2,15.73,1.0
15.72,16.52,15.7,16.45,1.0
16.45,16.92,16.2,16.8,1.0
16.8,16.93,16.6,16.82,1.0
16.82,17.2,16.79,17.05,1.0
17.11,17.58,16.8,17.53,1.0
17.46,18.39,17.46,18.04,-1.0
18.04,18.26,17.75,17.96,-1.0
17.8,18.1,17.21,17.32,1.0
17.4,17.99,17.2,17.67,-1.0
17.54,18.0,16.6,16.82,1.0
16.95,17.82,16.8,17.0,1.0
17.08,17.56,17.0,17.38,-1.0
17.3,17.36,17.01,17.24,-1.0
17.24,17.35,16.9,17.0,-1.0
16.95,17.1,16.55,16.77,-1.0
16.74,16.88,16.33,16.38,1.0
16.3,16.59,16.28,16.5,1.0
16.53,16.66,16.3,16.58,1.0
16.62,17.2,16.5,17.2,-1.0
17.2,17.34,16.96,17.09,1.0
17.09,17.23,17.02,17.23,1.0
17.19,17.49,17.1,17.3,-1.0
17.3,17.45,17.03,17.04,-1.0
17.14,17.18,16.79,16.96,1.0
16.99,17.38,16.76,17.25,1.0
17.26,17.37,17.0,17.3,1.0
17.38,17.7,17.28,17.57,0.0
17.57,17.57,17.57,17.57,1.0
17.72,18.35,17.6,18.3,1.0
18.3,18.5,18.11,18.5,-1.0
18.55,18.63,18.05,18.1,-1.0
18.1,18.28,17.6,17.84,1.0
17.83,19.5,17.71,18.9,1.0
18.9,19.76,18.71,19.31,-1.0
19.31,19.49,19.0,19.3,1.0
19.36,19.98,19.31,19.64,-1.0
19.68,19.98,18.0,18.91,1.0
18.63,19.26,18.19,18.85,1.0
18.89,19.5,18.7,19.15,0.0
19.1,19.25,18.66,19.1,-1.0
19.0,19.24,18.33,18.36,1.0
18.36,19.4,18.18,19.24,1.0
19.2,20.01,19.09,19.94,-1.0
20.1,20.25,19.62,19.7,-1.0
19.62,20.09,19.31,19.4,1.0
19.25,19.96,18.98,19.82,-1.0
19.83,19.93,19.0,19.4,-1.0
19.39,19.4,18.6,19.3,-1.0
14.57,14.97,13.6,13.6,-1.0
13.6,13.73,12.3,13.15,1.0
13.25,13.9,12.88,13.47,1.0
13.39,14.2,13.21,14.16,-1.0
14.12,14.66,13.9,13.9,1.0
13.48,13.99,13.3,13.57,1.0
13.7,14.44,13.54,14.25,-1.0
14.87,14.92,13.42,13.68,-1.0
13.3,13.68,13.01,13.14,1.0
13.06,13.78,13.06,13.7,1.0
13.58,14.1,13.4,13.79,-1.0
13.57,13.7,12.41,12.41,-1.0
12.1,12.44,11.26,11.7,1.0
11.6,11.95,11.29,11.7,-1.0
11.7,12.12,11.45,11.57,1.0
11.18,12.01,11.01,12.01,1.0
12.35,12.59,12.1,12.42,-1.0
12.38,12.38,11.5,12.0,1.0
11.8,12.5,11.8,12.38,1.0
12.42,12.6,12.03,12.5,-1.0
12.6,12.8,12.42,12.58,-1.0
12.57,12.68,11.9,11.9,-1.0
11.66,11.7,11.0,11.27,1.0
11.3,11.38,10.97,11.35,-1.0
11.49,11.6,11.21,11.25,1.0
11.2,11.5,11.18,11.28,1.0
11.1,11.2,10.96,11.15,1.0
11.13,11.59,11.1,11.59,1.0
11.59,11.94,11.58,11.89,1.0
11.87,12.39,11.7,12.26,-1.0
12.28,12.4,11.95,12.16,-1.0
12.18,12.3,11.7,11.72,1.0
11.52,12.08,11.52,11.95,1.0
11.99,12.26,11.37,12.2,1.0
12.16,12.37,12.01,12.29,-1.0
12.23,12.33,11.8,12.08,1.0
12.18,12.39,11.9,12.34,1.0
12.29,13.08,12.23,12.87,-1.0
12.83,12.83,12.34,12.52,-1.0
12.55,12.8,11.36,11.37,-1.0
11.37,11.37,10.65,11.15,-1.0
11.03,11.25,10.7,10.85,-1.0
10.96,10.96,10.04,10.55,-1.0
10.53,10.53,10.16,10.29,1.0
10.29,11.0,10.29,10.77,1.0
10.65,10.89,10.52,10.88,1.0
10.9,11.34,10.82,11.04,1.0
11.05,11.57,10.83,11.46,1.0
11.42,11.96,11.42,11.82,-1.0
11.82,11.82,11.3,11.41,1.0
11.43,11.86,11.43,11.8,-1.0
11.82,11.84,11.3,11.3,1.0
11.25,11.46,11.02,11.36,1.0
11.15,11.71,11.09,11.69,1.0
11.66,12.09,11.66,12.04,1.0
12.0,12.36,11.9,12.2,1.0
12.09,13.02,12.04,12.61,-1.0
12.58,12.58,12.15,12.41,1.0
12.45,12.75,12.14,12.5,1.0
12.4,13.22,12.26,13.02,1.0
12.93,13.2,12.77,13.2,1.0
13.24,13.55,13.14,13.33,-1.0
13.33,13.38,12.98,13.16,1.0
13.15,13.89,13.01,13.75,-1.0
13.69,14.0,13.59,13.6,1.0
13.61,13.93,13.47,13.91,1.0
13.87,14.24,13.77,14.0,1.0
14.0,14.42,13.94,14.28,1.0
14.2,14.34,14.02,14.28,-1.0
14.28,14.28,13.25,13.3,1.0
13.18,13.58,13.18,13.54,-1.0
13.35,13.45,12.9,13.0,1.0
12.96,13.96,12.96,13.88,1.0
13.8,14.5,13.77,14.28,1.0
14.35,14.58,14.26,14.39,-1.0
14.4,14.65,14.12,14.37,-1.0
14.4,14.63,14.28,14.38,-1.0
14.3,14.3,13.7,14.13,1.0
14.12,14.3,14.01,14.16,1.0
14.13,14.63,13.97,14.61,-1.0
14.57,14.78,14.2,14.25,-1.0
14.18,14.36,13.8,13.98,1.0
13.98,14.18,13.85,14.03,1.0
14.05,14.74,14.05,14.68,1.0
14.59,15.4,14.44,15.16,1.0
15.1,15.49,14.8,15.49,-1.0
15.88,16.0,15.5,15.66,1.0
15.74,16.19,15.71,16.18,0.0
16.18,16.18,16.18,16.18,0.0
16.18,16.18,16.18,16.18,0.0
16.18,16.18,16.18,16.18,0.0
16.18,16.18,16.18,16.18,0.0
16.18,16.18,16.18,16.18,0.0
16.18,16.18,16.18,16.18,0.0
16.18,16.18,16.18,16.18,0.0
16.18,16.18,16.18,16.18,0.0
16.18,16.18,16.18,16.18,0.0
16.18,16.18,16.18,16.18,0.0
16.18,16.18,16.18,16.18,0.0
16.18,16.18,16.18,16.18,0.0
16.18,16.18,16.18,16.18,0.0
16.18,16.18,16.18,16.18,0.0
16.18,16.18,16.18,16.18,0.0
16.18,16.18,16.18,16.18,0.0
16.18,16.18,16.18,16.18,0.0
16.18,16.18,16.18,16.18,0.0
16.18,16.18,16.18,16.18,0.0
16.18,16.18,16.18,16.18,0.0
16.18,16.18,16.18,16.18,0.0
16.18,16.18,16.18,16.18,0.0
16.18,16.18,16.18,16.18,0.0
16.18,16.18,16.18,16.18,0.0
16.18,16.18,16.18,16.18,0.0
16.18,16.18,16.18,16.18,0.0
17.8,17.8,17.8,17.8,0.0
19.58,19.58,19.58,19.58,0.0
21.54,21.54,21.54,21.54,0.0
23.69,23.69,23.69,23.69,0.0
26.06,26.06,26.06,26.06,0.0
28.67,28.67,28.67,28.67,0.0
31.54,31.54,31.54,31.54,0.0
34.69,34.69,34.69,34.69,0.0
38.16,38.16,38.16,38.16,1.0
39.48,41.8,37.77,40.6,1.0
40.6,42.22,38.81,41.06,1.0
40.6,44.0,40.3,42.01,1.0
41.5,44.89,41.15,43.0,1.0
42.59,44.46,42.1,42.84,-1.0
42.42,42.78,40.89,41.18,-1.0
40.8,41.88,37.55,38.35,1.0
38.77,39.75,38.01,39.2,-1.0
38.79,40.5,36.48,37.22,1.0
36.66,37.98,36.55,36.78,1.0
37.38,39.97,37.38,38.18,1.0
38.1,41.5,36.87,40.55,-1.0
40.55,41.55,38.0,38.45,-1.0
37.5,37.8,34.61,35.18,1.0
36.0,37.37,35.65,36.86,1.0
36.6,37.94,36.0,37.46,-1.0
37.3,37.75,36.2,36.75,1.0
36.75,38.8,36.51,38.71,-1.0
38.2,38.5,36.33,37.62,-1.0
37.48,37.69,36.4,36.91,-1.0
37.21,37.98,36.75,36.85,-1.0
36.56,37.69,35.52,35.79,-1.0
35.7,35.75,34.51,34.71,1.0
34.5,36.29,34.0,35.9,1.0
35.8,36.48,35.35,36.31,-1.0
36.0,36.9,35.46,35.6,1.0
35.56,37.73,35.15,37.29,1.0
37.6,38.47,37.03,37.94,1.0
37.8,39.3,37.8,38.11,1.0
38.19,38.69,37.35,38.69,-1.0
38.85,40.5,38.07,38.08,-1.0
37.31,37.88,36.71,37.05,1.0
37.25,38.18,36.8,37.71,1.0
38.0,39.1,37.5,38.2,-1.0
38.0,38.1,37.02,37.02,-1.0
37.0,37.98,36.13,36.16,-1.0
36.21,36.88,33.85,33.9,-1.0
34.12,34.46,31.62,32.05,-1.0
31.8,32.06,31.3,31.4,-1.0
31.88,31.88,30.28,31.69,-1.0
31.55,31.55,30.5,30.9,1.0
31.06,32.85,30.4,32.54,1.0
32.3,32.85,31.77,32.69,1.0
32.28,35.09,32.05,34.05,1.0
34.05,37.46,34.01,36.68,-1.0
36.01,37.69,35.05,35.62,-1.0
35.62,36.63,34.3,34.76,-1.0
34.77,34.77,32.0,32.59,1.0
32.72,33.88,32.2,33.8,-1.0
33.9,34.4,32.7,33.04,-1.0
32.68,32.72,31.0,32.05,-1.0
32.07,32.94,30.53,30.75,1.0
30.5,31.35,30.2,31.09,1.0
30.85,32.98,30.85,32.93,-1.0
32.88,33.17,30.8,30.9,-1.0
31.03,32.15,30.7,30.85,-1.0
29.5,29.5,27.77,27.77,-1.0
26.49,26.49,24.99,25.0,1.0
24.82,26.28,24.82,25.4,1.0
25.01,27.05,24.7,26.5,1.0
26.59,28.35,26.1,27.65,1.0
27.49,28.59,27.32,27.65,-1.0
27.8,27.98,27.14,27.43,1.0
27.3,29.47,27.0,29.15,1.0
28.99,29.75,28.8,29.38,-1.0
29.32,29.89,29.01,29.1,1.0
29.0,29.56,28.81,29.39,1.0
29.3,30.78,29.22,30.2,1.0
30.0,30.59,29.93,30.47,-1.0
30.53,30.82,28.9,30.09,1.0
29.8,31.46,29.52,31.02,1.0
30.7,32.5,30.52,32.47,-1.0
32.37,32.87,30.28,31.14,-1.0
31.0,31.1,30.23,30.71,1.0
30.71,32.49,30.71,31.67,-1.0
32.4,32.41,31.6,31.72,-1.0
31.73,32.0,30.78,31.3,-1.0
31.5,31.58,30.12,30.91,-1.0
30.85,30.85,29.72,30.6,-1.0
30.4,30.77,29.6,29.92,1.0
29.8,30.92,29.7,30.84,1.0
30.8,31.45,30.5,31.24,1.0
31.18,31.45,30.68,31.23,1.0
31.24,31.88,31.0,31.85,1.0
31.85,32.6,31.66,32.25,-1.0
32.18,32.24,31.28,31.31,-1.0
31.0,31.0,29.74,30.29,1.0
30.01,31.03,28.4,30.87,-1.0
30.78,30.81,30.01,30.38,-1.0
30.03,30.03,28.88,29.2,0.0
29.2,29.2,29.2,29.2,-1.0
29.19,29.69,28.83,29.0,-1.0
29.0,29.0,28.1,28.79,1.0
28.91,29.99,28.91,29.25,1.0
29.2,29.6,29.02,29.36,1.0
29.28,32.0,29.21,30.89,-1.0
30.55,31.05,30.01,30.2,1.0
30.05,31.54,29.8,30.82,-1.0
30.7,31.18,30.05,30.35,-1.0
30.2,30.48,28.5,28.95,1.0
28.92,29.78,28.92,29.45,-1.0
29.05,29.29,28.23,28.4,-1.0
28.33,28.88,28.0,28.19,1.0
28.16,28.75,28.0,28.66,-1.0
28.76,29.0,27.85,27.94,-1.0
28.2,28.24,27.21,27.25,1.0
27.14,27.25,26.48,27.17,1.0
27.19,27.7,26.82,27.68,-1.0
27.66,27.66,26.2,26.58,1.0
26.58,28.05,26.58,28.02,1.0
27.61,28.09,27.51,27.69,1.0
27.79,28.78,27.79,27.91,1.0
27.8,29.3,27.8,28.7,-1.0
29.15,29.25,28.28,28.68,1.0
28.68,29.12,28.38,28.99,-1.0
28.99,28.99,27.0,27.18,-1.0
27.22,27.32,26.44,26.52,-1.0
26.55,26.95,25.11,25.36,1.0
25.41,26.7,25.0,26.7,1.0
27.18,28.53,26.82,27.99,-1.0
27.98,28.19,27.5,27.91,-1.0
28.0,28.35,27.62,27.9,1.0
27.74,29.06,27.6,28.46,-1.0
28.48,28.98,28.04,28.1,1.0
28.1,28.49,27.61,28.42,1.0
28.21,28.65,28.0,28.33,-1.0
28.01,28.17,26.88,26.97,-1.0
26.97,27.75,25.9,26.05,1.0
26.12,26.48,25.2,26.28,-1.0
19.96,20.38,19.59,19.88,1.0
19.88,20.16,19.84,20.05,-1.0
20.02,20.45,19.98,19.99,-1.0
20.03,20.25,19.51,20.02,-1.0
20.2,20.35,19.55,19.76,-1.0
19.88,19.88,18.8,19.84,-1.0
19.7,19.89,19.4,19.48,-1.0
19.55,19.79,18.83,18.84,-1.0
18.84,19.0,17.6,17.8,-1.0
17.7,18.06,17.27,17.31,1.0
17.3,17.54,16.58,17.45,1.0
17.24,18.03,17.0,17.97,1.0
17.56,18.28,17.56,17.96,1.0
17.81,19.28,17.81,19.0,1.0
18.8,19.26,18.73,19.15,-1.0
19.14,19.15,18.74,18.98,1.0
18.98,20.18,18.98,19.44,1.0
19.25,20.23,19.12,20.02,1.0
20.03,21.0,20.03,20.18,1.0
20.0,20.93,19.83,20.91,-1.0
20.81,21.15,20.5,20.51,1.0
20.33,20.82,20.3,20.73,0.0
20.73,20.73,20.73,20.73,-1.0
20.97,20.99,19.19,19.66,1.0
19.3,19.84,19.3,19.59,-1.0
19.61,19.96,18.7,19.01,1.0
19.0,19.7,18.61,19.47,1.0
19.45,20.5,19.45,20.19,1.0
20.25,21.29,20.09,21.2,1.0
20.95,21.95,20.82,21.21,-1.0
21.1,21.52,20.66,20.8,0.0
20.8,20.8,20.8,20.8,-1.0
21.15,21.49,20.8,20.85,1.0
21.18,21.48,20.86,21.32,1.0
21.35,22.45,21.15,22.08,1.0
21.9,22.3,21.5,22.22,-1.0
22.2,22.4,21.72,21.75,-1.0
21.74,21.96,21.33,21.42,1.0
21.39,21.69,20.74,21.48,-1.0
21.2,21.38,20.58,20.59,1.0
20.5,21.14,20.5,21.0,1.0
21.02,21.35,21.01,21.3,1.0
21.31,21.67,21.16,21.5,1.0
21.69,23.62,21.69,23.04,1.0
22.9,24.99,22.55,24.37,-1.0
24.25,24.25,23.55,23.82,-1.0
23.63,24.37,23.4,23.51,-1.0
23.6,24.22,23.5,23.55,1.0
23.6,24.86,23.6,23.97,1.0
24.0,25.36,23.97,25.36,-1.0
25.62,26.28,24.82,25.12,-1.0
24.82,24.85,23.23,23.8,-1.0
23.88,23.95,22.9,22.92,-1.0
22.92,23.56,22.51,22.64,1.0
22.48,22.76,21.8,22.53,1.0
22.05,22.59,21.96,22.41,1.0
22.66,24.65,22.66,24.65,1.0
23.5,26.44,23.1,24.82,-1.0
24.25,25.28,22.36,23.76,1.0
22.7,26.14,21.91,26.14,-1.0
26.55,27.18,25.7,26.06,1.0
25.18,26.07,25.11,25.68,-1.0
25.98,26.41,25.43,25.49,1.0
25.49,26.39,25.01,26.38,-1.0
26.0,26.31,25.35,25.65,-1.0
25.4,25.78,25.13,25.13,-1.0
25.13,25.29,23.9,23.99,1.0
23.5,24.95,23.3,24.4,-1.0
24.26,24.8,23.58,23.72,1.0
23.78,24.6,23.76,24.2,1.0
24.49,25.72,24.23,25.25,1.0
25.12,25.56,24.65,25.37,-1.0
25.2,25.57,24.86,25.01,-1.0
25.03,25.1,24.0,24.11,-1.0
24.18,24.43,23.5,23.53,-1.0
23.54,23.7,22.83,23.19,1.0
23.24,24.2,23.24,23.73,-1.0
23.3,23.59,22.9,22.98,-1.0
22.55,22.55,21.7,21.73,-1.0
21.4,21.55,20.13,20.25,1.0
20.5,20.93,20.41,20.75,1.0
20.75,21.39,20.7,20.95,-1.0
20.75,21.23,20.25,20.35,-1.0
19.99,19.99,19.2,19.25,1.0
19.44,19.75,19.18,19.72,1.0
19.74,20.43,19.73,20.02,1.0
20.11,20.55,20.11,20.25,-1.0
19.85,20.22,19.3,19.3,1.0
19.01,21.23,18.76,20.72,1.0
20.4,21.27,20.36,21.16,-1.0
20.85,21.1,20.28,20.33,1.0
19.86,20.5,19.53,20.18,0.0
20.05,20.58,19.78,20.05,-1.0
20.43,20.5,19.88,20.23,1.0
20.3,20.5,19.96,20.31,-1.0
20.31,20.31,18.28,18.31,-1.0
18.31,18.5,17.63,17.81,-1.0
17.72,18.08,17.5,17.5,-1.0
18.02,18.27,17.56,17.84,1.0
17.85,18.58,17.58,18.51,1.0
18.41,19.14,18.38,19.05,-1.0
19.0,19.17,18.6,18.83,1.0
18.8,19.11,18.75,18.96,-1.0
18.95,18.95,18.0,18.05,-1.0
18.25,18.35,17.87,17.98,-1.0
17.87,17.88,17.12,17.33,-1.0
17.2,17.49,16.81,16.81,1.0
16.86,17.28,16.4,17.23,1.0
17.29,17.78,17.17,17.73,1.0
17.75,18.14,17.53,17.9,-1.0
17.9,18.05,17.68,17.74,1.0
17.97,18.59,17.83,18.51,1.0
18.51,18.96,18.45,18.7,-1.0
18.5,18.77,17.8,18.01,1.0
17.79,18.18,17.43,18.08,1.0
18.11,19.65,18.11,18.88,1.0
19.15,19.61,18.73,19.34,-1.0
19.3,19.4,19.0,19.28,-1.0
19.38,19.6,19.0,19.07,1.0
19.1,19.96,19.1,19.79,-1.0
19.52,19.95,19.0,19.05,-1.0
19.12,19.62,18.6,18.72,1.0
18.81,19.36,18.81,19.15,0.0
19.16,19.25,19.05,19.16,-1.0
19.17,19.2,18.55,18.64,1.0
18.6,19.56,18.6,19.06,-1.0
18.78,18.96,17.82,17.9,1.0
17.94,18.27,17.94,18.08,1.0
18.0,18.25,17.8,18.24,1.0
18.3,18.86,18.22,18.64,1.0
18.3,18.85,18.23,18.7,1.0
18.75,19.42,18.6,19.23,1.0
19.31,19.7,19.0,19.43,-1.0
19.51,19.88,19.31,19.47,-1.0
19.46,19.62,18.35,18.8,-1.0
19.18,19.54,18.95,18.99,-1.0
18.96,18.96,17.98,18.05,-1.0
17.97,17.97,17.0,17.24,-1.0
17.2,17.51,17.07,17.19,1.0
17.5,17.72,17.27,17.59,1.0
17.51,17.93,17.19,17.72,1.0
17.43,17.79,17.36,17.52,1.0
17.38,17.62,17.36,17.55,-1.0
17.5,17.5,16.64,16.68,-1.0
16.68,16.9,16.23,16.27,-1.0
16.2,16.26,14.92,15.46,1.0
15.46,15.99,15.07,15.91,1.0
15.91,16.72,15.6,16.53,-1.0
16.3,16.63,15.98,15.99,-1.0
16.01,16.3,15.5,15.52,-1.0
15.52,15.58,14.65,15.31,1.0
15.26,15.65,15.21,15.5,-1.0
15.5,15.82,15.31,15.44,-1.0
15.34,15.34,14.8,14.88,-1.0
14.82,15.01,14.27,14.6,1.0
14.6,14.9,14.35,14.65,-1.0
14.95,15.04,14.76,14.91,-1.0
14.99,15.28,14.41,14.41,-1.0
14.0,14.3,13.24,13.41,-1.0
13.4,13.43,12.44,13.27,1.0
13.06,13.85,12.95,13.7,1.0
13.7,14.55,13.7,14.4,1.0
14.43,15.15,14.25,14.58,1.0
14.58,14.76,14.35,14.59,-1.0
14.59,14.76,13.61,13.61,-1.0
13.3,13.61,13.13,13.15,1.0
13.21,13.98,12.8,13.93,1.0
13.95,14.45,13.66,14.03,-1.0
14.03,14.3,13.71,14.0,1.0
14.18,14.27,13.91,14.23,-1.0
14.18,14.37,14.01,14.07,1.0
13.86,14.18,13.65,13.96,-1.0
13.97,14.23,13.7,13.76,1.0
13.81,14.19,13.73,14.13,1.0
14.01,14.68,14.01,14.56,-1.0
14.51,14.54,14.19,14.37,1.0
14.2,15.33,14.11,15.23,1.0
15.05,15.48,14.74,15.36,1.0
15.2,15.71,15.0,15.35,1.0
15.23,15.42,15.13,15.28,1.0
15.06,15.82,14.98,15.59,1.0
15.5,16.0,15.38,15.81,1.0
15.7,15.87,15.35,15.85,1.0
15.7,16.2,15.69,16.02,-1.0
16.0,16.1,15.53,15.88,1.0
16.02,16.46,15.75,16.26,1.0
16.18,16.85,15.95,16.63,1.0
16.55,17.28,16.46,17.03,1.0
16.99,17.14,16.81,17.05,1.0
17.05,17.13,16.76,17.1,-1.0
17.1,17.24,16.95,16.96,-1.0
16.83,16.94,16.08,16.4,1.0
16.18,17.1,16.18,16.8,1.0
16.71,18.38,16.63,17.83,1.0
17.71,18.37,17.7,18.0,1.0
18.2,19.49,18.1,18.35,1.0
18.2,19.2,17.71,18.86,1.0
18.45,19.28,18.37,18.86,0.0
18.8,19.13,18.61,18.8,-1.0
18.95,19.28,18.73,18.92,-1.0
18.93,19.19,18.45,18.83,-1.0
18.96,18.99,18.59,18.8,-1.0
18.9,19.15,17.78,17.93,-1.0
17.83,18.19,17.12,17.57,1.0
17.72,17.88,17.28,17.76,-1.0
18.0,18.28,17.85,17.95,0.0
17.95,17.95,17.95,17.95,-1.0
17.6,17.6,16.88,17.3,-1.0
17.35,17.35,17.0,17.02,-1.0
17.15,17.38,16.89,16.98,-1.0
16.98,17.12,16.5,16.89,1.0
16.97,17.35,16.91,17.08,-1.0
17.06,17.06,16.37,16.47,-1.0
16.23,16.5,14.83,15.26,1.0
15.26,15.48,14.96,15.38,1.0
15.38,16.09,15.38,16.05,1.0
16.13,16.33,15.91,16.24,-1.0
16.24,16.35,16.0,16.23,1.0
12.12,12.76,12.12,12.74,1.0
12.55,12.79,12.46,12.78,1.0
12.78,13.33,12.72,13.27,0.0
13.27,13.48,13.2,13.27,0.0
13.15,13.45,13.07,13.15,-1.0
13.25,13.38,12.88,12.89,1.0
12.99,13.36,12.95,13.18,-1.0
13.18,13.18,12.71,12.8,1.0
12.8,13.12,12.75,12.9,1.0
12.91,14.1,12.86,14.05,-1.0
13.7,13.95,12.95,13.56,1.0
13.54,13.75,13.23,13.71,1.0
13.73,13.85,13.52,13.78,-1.0
13.8,13.98,13.46,13.77,-1.0
13.84,14.02,13.4,13.65,1.0
13.5,13.67,13.41,13.63,1.0
13.63,13.99,13.54,13.92,1.0
13.88,14.18,13.78,14.13,-1.0
14.2,14.28,13.96,14.1,1.0
14.02,14.43,13.9,14.12,0.0
14.12,14.12,14.12,14.12,-1.0
14.14,14.14,13.56,13.58,-1.0
13.7,13.75,13.32,13.35,-1.0
13.35,13.35,13.02,13.18,-1.0
13.27,13.4,13.11,13.2,1.0
13.09,13.33,13.03,13.26,-1.0
13.27,13.27,12.73,12.78,-1.0
12.8,13.02,12.3,12.62,1.0
12.59,12.9,12.52,12.83,1.0
12.83,13.31,12.8,13.11,1.0
13.1,13.28,13.0,13.15,1.0
13.1,13.32,13.0,13.31,-1.0
13.36,13.49,12.75,13.22,1.0
13.13,13.35,12.75,13.24,1.0
13.13,13.41,13.03,13.23,1.0
12.84,13.39,12.84,13.28,-1.0
13.19,13.33,13.1,13.16,-1.0
12.99,13.08,12.74,12.94,1.0
12.9,13.04,12.8,13.02,-1.0
13.01,13.06,12.81,12.89,1.0
13.0,13.35,12.89,13.07,-1.0
13.33,13.64,13.1,13.32,-1.0
13.5,13.68,13.3,13.45,1.0
13.4,13.68,13.24,13.57,0.0
13.57,13.57,13.57,13.57,-1.0
13.64,13.76,12.98,13.01,-1.0
13.01,13.1,12.78,12.87,1.0
12.89,13.06,12.85,12.94,-1.0
13.0,13.0,12.55,12.66,-1.0
12.71,12.95,12.55,12.68,-1.0
12.75,12.75,12.36,12.58,-1.0
12.46,12.6,11.96,11.99,-1.0
11.97,11.97,11.43,11.71,1.0
11.72,11.88,11.54,11.73,1.0
11.73,11.8,11.42,11.75,1.0
11.7,12.23,11.64,12.2,-1.0
12.16,12.2,11.89,12.12,-1.0
12.11,12.12,11.9,12.0,1.0
11.94,12.75,11.94,12.32,-1.0
12.3,12.3,11.86,11.98,1.0
12.02,12.09,11.86,12.06,-1.0
12.06,12.15,11.63,11.65,-1.0
11.6,11.62,11.36,11.58,1.0
11.5,11.63,11.45,11.55,1.0
11.55,11.67,11.48,11.6,-1.0
11.51,11.6,11.2,11.2,-1.0
11.21,11.32,10.7,10.86,1.0
10.86,11.05,10.75,10.93,1.0
10.98,11.29,10.83,11.23,-1.0
11.24,11.31,11.14,11.22,-1.0
11.22,11.27,11.02,11.1,1.0
10.85,10.98,10.75,10.88,1.0
10.8,11.1,10.79,10.88,-1.0
10.92,10.92,10.72,10.8,-1.0
10.82,10.88,10.58,10.63,-1.0
10.63,10.74,10.37,10.51,-1.0
10.54,10.64,10.31,10.42,-1.0
10.42,10.5,10.08,10.15,1.0
10.27,10.5,10.1,10.41,-1.0
10.47,10.47,10.2,10.25,1.0
10.32,10.4,10.22,10.38,1.0
10.32,10.74,10.31,10.67,1.0
10.65,11.1,10.6,11.04,1.0
11.05,11.37,10.85,11.13,1.0
11.1,11.45,11.02,11.34,1.0
11.35,11.78,11.22,11.67,-1.0
11.67,11.86,11.35,11.45,1.0
11.37,11.55,10.98,11.44,1.0
11.4,11.63,11.26,11.48,1.0
11.65,12.31,11.48,12.16,-1.0
12.22,12.22,11.81,11.93,1.0
11.94,12.14,11.75,12.03,1.0
12.12,13.1,11.9,12.42,1.0
12.48,12.88,12.31,12.8,-1.0
12.78,12.83,12.48,12.75,1.0
12.68,13.02,12.55,12.76,-1.0
12.56,12.68,12.0,12.03,1.0
12.02,12.55,11.83,12.55,1.0
12.53,13.39,12.51,12.94,-1.0
12.8,13.03,12.22,12.52,1.0
12.5,12.87,12.27,12.78,1.0
12.76,13.13,12.61,12.99,-1.0
12.92,13.0,12.81,12.9,-1.0
12.88,13.04,12.72,12.75,1.0
12.69,13.1,12.55,12.96,0.0
12.96,12.96,12.96,12.96,0.0
12.96,12.96,12.96,12.96,0.0
12.96,12.96,12.96,12.96,0.0
12.96,12.96,12.96,12.96,0.0
12.96,12.96,12.96,12.96,0.0
12.96,12.96,12.96,12.96,0.0
14.26,14.26,13.8,14.26,-1.0
13.88,13.88,12.91,13.18,-1.0
12.94,13.22,12.52,12.62,-1.0
12.69,13.15,12.33,12.38,-1.0
12.18,12.18,11.29,11.39,1.0
11.43,11.64,11.32,11.49,1.0
11.37,11.85,11.11,11.45,-1.0
11.29,11.49,10.88,10.9,1.0
10.78,11.38,10.75,11.3,0.0
11.34,11.46,11.2,11.34,1.0
11.4,11.68,11.36,11.53,1.0
11.62,11.78,11.4,11.75,1.0
11.69,12.3,11.6,12.14,-1.0
12.01,12.08,11.72,11.72,-1.0
11.63,11.91,11.33,11.44,-1.0
11.4,11.47,11.14,11.3,1.0
11.24,11.49,11.15,11.4,1.0
11.29,11.44,11.18,11.39,1.0
11.39,11.75,11.31,11.66,-1.0
11.69,11.9,11.63,11.64,-1.0
11.61,11.61,11.39,11.43,-1.0
11.46,11.53,11.32,11.33,-1.0
11.26,11.3,11.18,11.2,-1.0
11.34,11.45,11.19,11.22,-1.0
11.25,11.3,10.85,10.9,1.0
10.81,11.06,10.81,11.03,1.0
11.04,11.28,11.04,11.26,-1.0
11.38,11.46,10.88,11.18,1.0
11.1,11.3,11.1,11.17,1.0
11.18,11.4,11.17,11.38,1.0
11.37,11.66,11.3,11.5,-1.0
11.55,11.55,11.08,11.28,1.0
11.25,11.45,11.06,11.35,-1.0
11.25,11.35,11.08,11.09,-1.0
11.09,11.24,11.01,11.06,1.0
11.12,11.45,11.0,11.25,-1.0
11.3,11.38,10.98,10.99,-1.0
10.97,11.0,10.41,10.8,-1.0
10.68,10.8,10.33,10.33,1.0
10.12,10.32,9.98,10.17,-1.0
10.25,10.29,10.02,10.17,-1.0
10.18,10.29,10.0,10.06,1.0
10.14,10.24,9.87,10.24,-1.0
10.16,10.23,10.01,10.07,0.0
10.1,10.21,10.0,10.1,-1.0
10.5,10.9,10.38,10.39,-1.0
10.18,10.3,9.91,9.92,-1.0
9.91,9.92,9.49,9.55,-1.0
9.55,9.68,9.26,9.33,1.0
9.33,9.5,9.3,9.48,-1.0
9.41,9.5,8.98,9.0,1.0
8.98,9.23,8.8,9.2,1.0
9.07,9.68,9.06,9.51,1.0
9.52,9.86,9.5,9.62,1.0
9.58,9.85,9.58,9.82,0.0
9.96,9.98,9.77,9.96,-1.0
9.98,10.04,9.78,9.88,-1.0
9.9,10.02,9.66,9.85,-1.0
9.83,9.83,9.57,9.59,1.0
9.51,10.11,9.51,10.02,1.0
10.05,10.24,9.98,10.12,-1.0
10.12,10.25,10.02,10.08,1.0
10.06,10.24,10.05,10.1,1.0
10.08,10.18,10.04,10.09,1.0
10.1,10.49,10.06,10.38,-1.0
10.41,10.42,10.23,10.35,1.0
10.26,10.73,10.26,10.63,1.0
10.63,10.78,10.5,10.71,1.0
10.62,11.15,10.54,11.01,1.0
10.92,11.12,10.83,11.04,1.0
11.06,11.55,11.06,11.37,-1.0
11.37,11.52,11.11,11.18,1.0
11.43,12.3,11.13,12.3,1.0
13.3,13.53,13.13,13.53,-1.0
14.27,14.47,13.56,13.95,-1.0
13.9,14.46,13.4,13.74,1.0
13.87,15.11,13.8,15.11,1.0
14.79,16.53,14.6,16.33,-1.0
15.9,17.45,15.77,15.86,-1.0
16.27,16.27,15.38,16.02,-1.0
15.6,15.71,14.5,14.65,1.0
14.63,14.88,14.46,14.67,1.0
14.43,15.08,14.42,14.82,-1.0
14.8,14.81,13.85,14.06,1.0
14.07,14.82,14.07,14.66,1.0
14.83,15.8,14.53,15.19,-1.0
15.15,15.15,13.99,14.38,1.0
14.59,15.13,14.52,14.68,1.0
14.68,15.59,14.4,15.19,1.0
14.98,15.74,14.86,15.37,-1.0
15.32,15.32,14.8,15.08,0.0
15.0,15.46,14.86,15.0,-1.0
15.15,15.29,14.51,14.57,-1.0
14.4,14.41,13.93,14.28,1.0
14.42,14.75,14.41,14.72,1.0
14.78,15.48,14.51,15.23,-1.0
15.49,15.54,15.04,15.31,-1.0
15.36,15.45,15.05,15.3,1.0
15.3,15.9,15.21,15.43,1.0
15.44,15.56,15.05,15.5,-1.0
15.3,15.47,15.1,15.24,1.0
15.27,16.29,15.27,15.86,1.0
15.8,16.56,15.7,16.34,1.0
16.26,17.97,16.05,17.28,1.0
17.27,17.85,16.82,17.44,-1.0
17.45,17.5,17.0,17.26,1.0
17.26,17.83,17.19,17.31,-1.0
17.29,17.35,16.62,16.77,1.0
16.7,16.86,16.3,16.75,-1.0
16.86,17.17,16.54,16.72,-1.0
16.57,16.57,15.7,15.73,-1.0
15.7,16.12,15.35,15.59,1.0
15.9,16.85,15.88,16.7,-1.0
16.68,16.68,15.5,15.88,-1.0
15.52,15.78,15.1,15.45,1.0
15.2,15.65,15.17,15.21,1.0
15.29,15.79,14.9,15.34,-1.0
15.4,15.49,15.14,15.23,1.0
15.15,15.34,14.8,15.3,1.0
15.37,15.85,15.2,15.77,1.0
15.79,16.24,15.66,16.01,-1.0
16.01,16.18,15.72,15.89,-1.0
15.93,16.05,15.55,15.62,-1.0
15.49,15.49,15.01,15.19,1.0
15.16,15.84,15.15,15.63,-1.0
15.6,15.6,15.0,15.01,-1.0
15.01,15.15,14.68,14.75,0.0
14.75,14.75,14.75,14.75,0.0
14.75,14.75,14.75,14.75,0.0
14.75,14.75,14.75,14.75,0.0
14.75,14.75,14.75,14.75,0.0
14.75,14.75,14.75,14.75,0.0
14.75,14.75,14.75,14.75,0.0
14.75,14.75,14.75,14.75,0.0
14.75,14.75,14.75,14.75,0.0
14.75,14.75,14.75,14.75,0.0
14.75,14.75,14.75,14.75,0.0
14.75,14.75,14.75,14.75,0.0
14.75,14.75,14.75,14.75,0.0
14.75,14.75,14.75,14.75,0.0
14.75,14.75,14.75,14.75,-1.0
15.5,15.5,14.2,14.5,-1.0
14.42,14.67,14.08,14.34,-1.0
14.38,14.82,14.25,14.36,-1.0
14.36,14.36,13.38,13.43,-1.0
13.4,13.42,13.0,13.28,1.0
13.35,13.79,13.35,13.53,1.0
13.6,14.08,13.53,14.02,-1.0
14.0,14.01,13.82,13.96,1.0
13.96,14.46,13.9,14.26,1.0
14.26,14.66,14.0,14.45,-1.0
14.34,14.5,14.2,14.33,1.0
14.32,15.0,14.32,14.93,-1.0
14.84,14.85,14.32,14.38,1.0
14.43,14.86,14.41,14.65,1.0
14.59,14.82,14.43,14.68,1.0
14.69,14.99,14.62,14.8,1.0
14.95,15.56,14.91,15.47,1.0
15.48,16.06,15.32,15.77,-1.0
15.77,16.05,15.0,15.17,1.0
15.18,15.67,15.14,15.3,1.0
15.5,15.65,15.26,15.56,-1.0
15.65,15.95,15.35,15.5,1.0
15.62,15.82,15.25,15.67,1.0
16.0,16.35,15.79,16.33,1.0
16.24,16.64,16.02,16.47,-1.0
16.47,16.59,16.08,16.17,-1.0
16.18,16.47,15.75,16.02,-1.0
15.91,16.11,15.24,15.46,-1.0
15.39,15.51,14.89,15.11,-1.0
15.0,15.23,14.5,14.8,-1.0
14.56,14.88,14.12,14.35,-1.0
14.35,14.41,13.51,13.61,1.0
13.79,14.2,13.77,14.12,1.0
14.33,14.68,14.2,14.48,-1.0
14.52,14.83,14.37,14.48,-1.0
14.41,14.42,13.88,14.31,-1.0
14.3,14.3,13.6,13.63,-1.0
13.4,13.4,12.76,13.15,-1.0
13.12,13.12,12.04,12.18,1.0
12.0,12.38,10.98,12.24,1.0
12.3,12.46,11.98,12.34,-1.0
12.4,12.58,11.81,11.86,1.0
11.79,12.13,11.56,11.83,1.0
11.82,12.65,11.72,12.64,1.0
12.61,13.8,12.54,13.73,-1.0
13.7,13.7,13.15,13.53,1.0
13.28,14.26,13.2,13.58,-1.0
13.7,13.95,13.13,13.19,-1.0
12.88,12.98,12.35,12.37,1.0
12.29,12.69,12.2,12.6,1.0
12.62,13.11,12.43,13.1,1.0
13.01,13.53,12.92,13.35,-1.0
13.37,13.62,13.08,13.12,1.0
13.06,13.48,13.06,13.43,1.0
13.43,13.88,13.22,13.79,-1.0
13.81,14.09,13.48,13.53,1.0
13.49,13.77,13.12,13.56,-1.0
13.41,13.58,13.03,13.03,1.0
12.85,13.23,12.66,13.17,1.0
13.18,13.6,13.16,13.57,1.0
13.5,13.9,13.45,13.79,-1.0
13.84,14.13,13.61,13.65,-1.0
13.45,13.72,13.25,13.31,-1.0
13.3,13.3,13.03,13.05,0.0
13.02,13.19,12.6,13.02,-1.0
12.96,13.22,12.85,12.92,1.0
12.92,13.19,12.81,13.18,1.0
13.27,13.6,13.15,13.56,1.0
13.46,13.64,13.38,13.6,1.0
13.6,13.88,13.52,13.68,1.0
13.64,14.05,13.57,13.9,-1.0
13.9,13.9,13.46,13.5,1.0
13.51,13.84,13.5,13.82,1.0
13.91,14.03,13.79,14.0,-1.0
14.1,14.1,13.89,13.99,-1.0
13.97,14.04,13.59,13.69,-1.0
13.68,13.84,13.56,13.56,-1.0
13.45,13.79,13.13,13.14,1.0
12.99,13.43,12.96,13.39,-1.0
13.4,13.5,13.29,13.37,-1.0
13.4,13.47,13.23,13.38,1.0
13.4,13.58,13.33,13.42,-1.0
13.45,13.52,13.15,13.3,1.0
13.18,13.63,13.18,13.63,1.0
13.67,13.95,13.51,13.88,1.0
13.98,14.75,13.96,14.59,-1.0
14.55,14.55,14.03,14.12,-1.0
14.0,14.08,13.67,13.93,1.0
14.03,14.59,14.03,14.23,1.0
14.13,14.32,13.7,14.32,1.0
14.38,14.85,14.38,14.62,-1.0
14.56,14.95,14.36,14.45,1.0
14.5,15.0,14.5,15.0,1.0
15.23,15.77,14.9,15.41,-1.0
15.2,15.35,14.96,15.16,-1.0
15.3,15.51,14.1,14.26,-1.0
14.5,14.51,14.15,14.28,-1.0
14.36,14.45,14.14,14.21,-1.0
14.37,14.54,14.2,14.28,-1.0
14.34,14.48,14.11,14.14,-1.0
14.11,14.23,13.7,13.92,1.0
13.94,14.26,13.86,14.25,-1.0
14.26,14.28,14.01,14.13,1.0
14.2,14.99,14.13,14.82,-1.0
15.0,15.0,14.12,14.15,1.0
14.13,14.4,14.04,14.19,-1.0
14.18,14.35,14.1,14.14,1.0
14.1,14.23,13.86,14.16,1.0
14.2,14.55,14.06,14.43,-1.0
14.43,14.55,14.11,14.16,-1.0
14.25,14.28,14.08,14.2,-1.0
14.22,14.27,14.0,14.13,-1.0
14.13,14.21,14.03,14.11,-1.0
14.0,14.01,13.41,13.45,-1.0
13.59,13.6,13.28,13.44,1.0
13.56,13.67,13.4,13.63,1.0
13.65,13.96,13.44,13.89,-1.0
13.9,14.04,13.8,13.87,-1.0
13.84,13.99,13.63,13.63,-1.0
13.55,13.69,13.51,13.53,-1.0
13.66,13.66,13.16,13.23,1.0
13.25,13.56,13.25,13.3,-1.0
13.34,13.49,12.42,12.8,1.0
12.86,13.23,12.7,13.2,-1.0
13.14,13.14,12.83,12.94,1.0
13.0,13.07,12.85,13.06,-1.0
13.06,13.14,12.97,13.0,1.0
13.0,13.13,12.82,13.13,-1.0
13.13,13.36,13.05,13.07,-1.0
13.08,13.15,12.68,12.75,1.0
12.38,12.65,12.38,12.44,1.0
12.43,12.64,12.41,12.58,1.0
12.6,12.94,12.6,12.89,-1.0
13.38,13.59,12.93,12.97,1.0
12.81,13.9,12.66,13.88,1.0
13.9,14.84,13.72,14.23,1.0
14.45,15.06,14.26,14.75,1.0
14.65,15.02,14.4,14.96,1.0
14.79,16.2,14.57,15.84,-1.0
15.55,15.8,15.1,15.19,-1.0
15.35,15.73,15.22,15.22,-1.0
15.65,15.95,15.21,15.26,1.0
15.14,15.84,14.82,15.53,1.0
15.46,15.79,15.35,15.79,-1.0
15.91,16.57,15.48,15.59,1.0
15.4,16.39,15.37,16.1,-1.0
15.51,15.88,14.58,14.63,1.0
14.56,15.37,14.46,15.17,1.0
15.04,15.69,15.03,15.56,-1.0
15.53,15.85,15.39,15.49,-1.0
15.36,15.51,15.13,15.21,1.0
15.84,16.73,15.46,16.73,-1.0
17.36,17.37,16.33,16.4,1.0
16.44,16.87,16.16,16.67,-1.0
16.55,16.64,16.0,16.25,1.0
16.01,16.44,15.93,16.2,-1.0
16.15,16.3,15.48,15.57,1.0
15.54,16.06,15.48,15.6,-1.0
15.64,15.85,15.31,15.35,-1.0
15.36,15.53,15.19,15.29,1.0
15.31,15.58,15.26,15.44,1.0
15.47,16.08,15.38,16.07,1.0
16.12,16.41,15.81,16.19,1.0
16.13,16.28,15.85,16.17,-1.0
16.12,16.12,15.53,15.61,-1.0
15.65,15.97,15.33,15.61,1.0
15.7,16.18,15.45,15.99,-1.0
15.85,16.01,15.51,15.63,1.0
15.64,16.02,15.49,15.95,1.0
16.0,16.34,15.86,16.22,-1.0
16.16,16.18,15.57,15.7,-1.0
15.65,15.65,15.01,15.42,1.0
15.28,16.67,15.28,15.98,-1.0
15.79,16.24,15.56,15.57,-1.0
15.48,15.48,15.0,15.36,-1.0
15.21,15.35,14.7,14.76,1.0
14.6,15.3,14.45,15.2,1.0
15.05,15.75,14.94,15.5,-1.0
15.5,15.87,15.4,15.46,-1.0
15.4,15.54,15.0,15.0,1.0
15.03,15.59,14.99,15.16,1.0
15.14,15.74,15.1,15.74,1.0
15.73,16.05,15.68,15.98,1.0
15.96,16.12,15.82,15.97,1.0
15.96,16.5,15.85,16.29,-1.0
16.16,16.45,16.11,16.15,1.0
16.15,16.41,15.85,16.33,1.0
16.4,16.88,16.32,16.6,1.0
16.55,17.15,16.24,16.82,1.0
16.78,17.5,16.6,17.5,1.0
17.6,17.86,17.29,17.63,-1.0
17.6,17.6,17.06,17.2,-1.0
17.25,17.29,16.89,17.07,-1.0
17.08,17.19,16.45,16.52,1.0
16.46,16.8,16.32,16.67,1.0
16.67,17.6,16.67,17.6,-1.0
17.7,17.87,17.22,17.45,1.0
17.4,17.65,16.86,17.6,-1.0
17.6,17.6,16.85,16.9,1.0
16.79,17.29,16.72,17.15,1.0
17.01,17.4,16.84,17.3,-1.0
17.23,17.89,16.0,16.06,1.0
15.9,16.19,15.61,16.16,-1.0
16.15,16.65,15.93,15.95,1.0
15.72,16.33,15.71,16.22,1.0
16.4,16.66,16.27,16.5,1.0
16.43,16.79,16.27,16.72,-1.0
16.89,17.1,16.56,16.8,-1.0
16.95,16.95,16.32,16.54,-1.0
16.43,16.76,16.33,16.33,-1.0
16.1,16.1,14.97,15.13,1.0
15.04,15.33,14.83,15.2,-1.0
15.24,15.28,14.88,15.21,1.0
15.21,15.57,15.2,15.46,-1.0
15.46,15.51,14.95,15.08,1.0
15.2,15.58,15.14,15.56,-1.0
15.49,15.64,15.39,15.39,1.0
15.3,15.56,15.13,15.45,-1.0
15.45,15.5,14.78,14.78,1.0
14.7,15.19,14.6,15.11,-1.0
15.1,15.3,15.02,15.05,1.0
15.01,15.25,14.95,15.09,1.0
15.11,15.36,15.06,15.19,-1.0
15.1,15.13,14.85,14.86,-1.0
15.0,15.0,14.32,14.57,-1.0
14.57,14.79,14.33,14.42,1.0
14.47,14.66,14.43,14.6,0.0
14.61,14.73,14.51,14.61,1.0
14.66,14.76,14.6,14.71,1.0
14.71,15.03,14.61,15.0,1.0
14.94,15.5,14.9,15.37,-1.0
15.33,15.75,15.19,15.29,1.0
15.29,15.47,15.18,15.38,1.0
15.21,15.5,15.11,15.48,-1.0
15.36,15.55,15.17,15.26,-1.0
15.37,15.6,15.18,15.2,1.0
15.15,15.29,15.03,15.2,-1.0
15.23,15.29,15.11,15.15,-1.0
14.4,14.53,13.98,14.31,-1.0
14.15,14.38,14.04,14.08,1.0
14.11,14.19,13.64,14.16,1.0
14.13,14.32,13.8,14.29,-1.0
14.28,14.39,14.15,14.24,-1.0
14.01,14.38,13.75,13.76,1.0
13.5,14.0,13.16,13.76,1.0
13.5,13.88,13.5,13.72,1.0
13.69,13.85,13.58,13.72,1.0
13.7,14.08,13.5,14.07,1.0
14.05,14.36,13.92,14.36,1.0
14.25,14.42,14.05,14.31,1.0
14.22,14.52,14.22,14.45,-1.0
14.45,14.52,13.96,14.06,1.0
14.23,14.4,14.05,14.34,-1.0
14.37,14.48,14.26,14.32,1.0
14.32,14.8,14.21,14.75,1.0
14.74,15.53,14.7,15.13,1.0
15.2,15.3,14.87,15.27,-1.0
15.6,15.78,14.45,14.69,-1.0
14.71,14.8,14.24,14.34,1.0
14.11,14.45,14.0,14.34,1.0
14.08,14.51,14.08,14.15,1.0
14.02,14.28,14.02,14.09,-1.0
14.27,14.45,14.05,14.1,1.0
14.0,14.15,14.0,14.01,1.0
13.83,14.2,13.83,14.15,1.0
14.0,14.25,14.0,14.04,1.0
13.96,14.26,13.96,14.08,-1.0
14.22,14.23,14.1,14.11,-1.0
13.86,14.19,13.62,13.75,1.0
13.6,13.87,13.6,13.87,-1.0
13.87,13.87,13.61,13.69,-1.0
13.65,13.77,13.42,13.64,1.0
13.43,13.76,13.43,13.74,1.0
13.73,13.79,13.63,13.75,1.0
13.77,14.15,13.73,13.95,1.0
13.97,14.16,13.87,14.07,1.0
14.1,14.16,13.97,14.14,-1.0
14.12,14.12,13.77,13.78,-1.0
13.82,14.14,13.78,13.79,-1.0
13.79,13.89,13.31,13.34,1.0
13.36,13.49,13.31,13.48,1.0
13.47,13.76,13.47,13.71,1.0
13.71,14.07,13.57,13.94,1.0
13.95,14.0,13.76,13.97,1.0
13.97,14.17,13.91,14.02,1.0
14.03,14.28,13.95,14.17,1.0
14.38,15.27,14.36,14.81,1.0
14.88,15.28,14.65,14.95,1.0
14.93,15.77,14.8,15.37,-1.0
15.39,15.39,15.03,15.27,1.0
15.2,15.3,14.83,15.23,1.0
15.43,15.82,15.39,15.49,-1.0
15.52,15.75,15.13,15.34,1.0
15.37,16.24,15.16,15.6,1.0
15.55,16.36,15.4,15.75,1.0
15.7,16.2,15.35,16.11,-1.0
16.39,16.86,15.9,15.96,1.0
15.87,16.38,15.7,16.0,-1.0
15.8,15.9,15.11,15.21,1.0
15.13,15.47,15.06,15.36,1.0
15.3,15.64,15.21,15.57,0.0
15.55,15.68,15.26,15.55,1.0
15.55,15.65,15.3,15.59,-1.0
15.59,15.76,15.17,15.18,-1.0
15.21,15.23,14.6,14.74,1.0
14.93,15.13,14.7,15.02,1.0
15.11,15.52,15.05,15.44,1.0
15.5,15.85,15.39,15.53,1.0
15.65,15.86,15.47,15.73,1.0
15.79,15.9,15.59,15.8,-1.0
15.8,16.13,15.54,15.56,1.0
15.59,16.1,15.56,16.09,-1.0
16.07,16.22,15.78,15.9,1.0
15.91,16.26,15.71,16.17,-1.0
16.17,16.48,16.0,16.05,1.0
16.06,16.43,15.96,16.27,0.0
16.4,16.66,16.24,16.4,-1.0
16.5,16.54,16.22,16.38,1.0
16.11,16.35,16.0,16.17,-1.0
16.11,16.34,15.82,15.9,1.0
15.89,16.06,15.72,15.95,1.0
16.01,16.13,15.92,16.1,1.0
16.1,16.89,15.97,16.75,-1.0
16.68,16.8,16.48,16.62,1.0
16.69,17.43,16.66,17.29,1.0
17.2,17.75,17.1,17.3,-1.0
17.3,17.62,17.07,17.08,-1.0
17.03,17.39,16.62,16.76,1.0
16.87,18.28,16.86,17.93,-1.0
17.88,17.88,17.11,17.33,1.0
17.7,18.68,17.6,18.08,1.0
18.37,18.98,18.18,18.85,1.0
18.8,20.7,18.58,19.85,-1.0
19.9,20.28,19.53,19.87,1.0
19.76,20.97,19.67,20.05,-1.0
19.91,20.34,19.6,19.88,1.0
19.92,20.1,19.6,20.02,1.0
19.75,20.47,19.65,20.19,1.0
20.3,21.45,20.01,21.39,1.0
21.06,22.23,21.0,21.83,1.0
21.97,23.0,21.78,22.23,-1.0
22.2,22.3,20.7,20.78,-1.0
20.62,20.98,19.75,20.35,1.0
20.38,20.9,19.95,20.78,1.0
20.9,21.77,20.5,21.53,-1.0
21.5,21.5,20.6,20.8,1.0
20.8,21.45,20.63,21.27,1.0
21.26,22.3,21.02,21.88,1.0
21.92,23.05,21.87,22.27,-1.0
22.55,22.73,21.84,22.0,1.0
22.15,22.37,21.68,22.28,-1.0
22.25,22.73,22.05,22.15,0.0
22.15,22.15,22.15,22.15,0.0
22.15,22.15,22.15,22.15,0.0
22.15,22.15,22.15,22.15,0.0
22.15,22.15,22.15,22.15,0.0
22.15,22.15,22.15,22.15,0.0
22.15,22.15,22.15,22.15,0.0
22.15,22.15,22.15,22.15,0.0
22.15,22.15,22.15,22.15,0.0
22.15,22.15,22.15,22.15,0.0
22.15,22.15,22.15,22.15,0.0
22.15,22.15,22.15,22.15,0.0
22.15,22.15,22.15,22.15,0.0
22.15,22.15,22.15,22.15,0.0
22.15,22.15,22.15,22.15,0.0
22.15,22.15,22.15,22.15,0.0
22.15,22.15,22.15,22.15,0.0
22.15,22.15,22.15,22.15,0.0
22.15,22.15,22.15,22.15,0.0
22.15,22.15,22.15,22.15,0.0
22.15,22.15,22.15,22.15,0.0
22.15,22.15,22.15,22.15,0.0
22.15,22.15,22.15,22.15,0.0
22.15,22.15,22.15,22.15,0.0
22.15,22.15,22.15,22.15,0.0
22.15,22.15,22.15,22.15,0.0
22.15,22.15,22.15,22.15,0.0
22.15,22.15,22.15,22.15,0.0
22.15,22.15,22.15,22.15,0.0
22.15,22.15,22.15,22.15,0.0
22.15,22.15,22.15,22.15,0.0
22.15,22.15,22.15,22.15,0.0
22.15,22.15,22.15,22.15,0.0
22.15,22.15,22.15,22.15,0.0
22.15,22.15,22.15,22.15,0.0
22.15,22.15,22.15,22.15,-1.0
23.4,23.4,21.9,22.34,-1.0
22.62,22.62,21.55,21.98,-1.0
22.18,22.5,21.57,22.02,-1.0
21.92,22.19,20.88,20.98,-1.0
21.18,21.45,20.86,20.99,1.0
20.93,21.78,20.3,21.67,1.0
21.6,22.08,21.48,21.98,1.0
22.1,24.18,21.22,24.18,1.0
24.8,26.6,24.18,26.6,-1.0
27.3,28.68,24.0,24.08,1.0
23.9,25.3,22.51,24.76,1.0
24.1,25.2,24.01,24.9,-1.0
25.0,25.0,24.01,24.58,1.0
22.68,24.38,22.68,23.93,1.0
23.88,24.57,23.6,24.01,-1.0
23.9,23.9,22.97,23.15,1.0
23.0,24.89,22.95,24.29,-1.0
23.91,23.95,22.67,23.19,-1.0
23.23,23.69,21.5,21.98,-1.0
21.8,22.48,21.01,21.13,1.0
21.48,22.29,21.32,21.81,1.0
22.15,22.88,21.74,22.7,1.0
22.97,24.97,22.89,24.97,1.0
24.98,26.94,24.66,25.7,-1.0
25.28,25.28,24.15,24.32,1.0
24.64,25.24,24.27,24.8,-1.0
24.88,25.8,23.51,24.24,1.0
24.32,25.55,24.1,24.5,-1.0
24.15,24.15,23.32,23.61,-1.0
23.51,23.73,22.95,22.98,1.0
22.9,23.48,22.38,23.01,-1.0
22.96,23.35,22.21,22.28,1.0
22.31,23.24,22.3,23.23,1.0
23.24,24.28,22.89,23.6,-1.0
23.6,24.13,23.2,23.42,-1.0
23.88,23.91,23.26,23.75,-1.0
23.22,23.99,22.5,22.7,1.0
23.15,23.5,22.8,23.37,1.0
23.35,24.25,23.31,24.2,1.0
24.89,26.62,24.5,26.1,-1.0
26.25,26.62,25.3,25.3,1.0
25.75,26.29,25.5,25.84,1.0
25.98,27.99,25.64,26.93,-1.0
26.89,27.1,26.15,26.2,-1.0
25.7,25.95,25.31,25.61,-1.0
25.7,26.08,25.31,25.32,1.0
24.4,25.58,24.15,25.07,1.0
25.1,25.78,24.79,25.48,1.0
25.5,26.48,25.28,25.62,-1.0
25.76,26.0,25.21,25.36,1.0
25.05,25.29,24.4,25.2,-1.0
25.1,25.1,24.1,24.55,1.0
24.3,24.59,23.73,24.46,1.0
24.46,25.13,24.3,24.95,-1.0
25.01,25.18,24.57,24.88,1.0
24.88,25.56,24.85,25.35,1.0
25.41,25.75,25.02,25.45,-1.0
25.49,25.78,25.21,25.35,-1.0
25.55,25.63,24.0,24.96,-1.0
24.96,25.2,24.7,24.89,1.0
24.91,26.21,24.91,25.9,1.0
25.93,26.36,25.65,26.21,1.0
26.17,27.2,25.83,26.35,1.0
26.41,27.2,26.12,27.2,1.0
27.55,28.79,27.3,28.07,-1.0
27.8,28.49,27.5,27.65,-1.0
27.66,28.12,26.4,27.09,-1.0
27.2,27.2,26.71,26.99,-1.0
26.9,27.18,26.45,26.76,-1.0
26.6,26.84,25.95,26.39,1.0
26.46,27.0,26.45,26.91,1.0
27.0,28.05,27.0,27.86,1.0
27.86,28.95,27.61,27.93,1.0
28.02,28.49,27.61,28.2,1.0
28.13,28.55,27.84,28.27,-1.0
28.29,28.54,27.55,27.8,1.0
27.8,27.99,27.58,27.85,1.0
27.88,28.98,27.31,28.93,-1.0
28.5,28.7,27.95,28.27,-1.0
28.8,29.12,28.08,28.6,1.0
28.7,30.09,28.7,29.46,1.0
28.8,29.49,28.4,28.92,-1.0
28.8,29.7,28.54,28.75,1.0
28.74,29.2,28.6,28.95,1.0
29.1,30.26,29.1,29.89,1.0
29.95,32.5,29.6,32.0,-1.0
32.5,33.25,31.71,32.01,-1.0
32.01,32.01,29.98,31.03,-1.0
31.08,31.45,29.5,30.12,1.0
30.05,31.5,30.0,31.15,1.0
31.52,32.18,31.0,31.76,-1.0
31.43,32.05,31.06,31.2,-1.0
31.32,31.82,29.7,30.65,1.0
30.0,30.78,29.5,30.2,1.0
30.6,31.86,30.33,31.3,-1.0
30.58,32.39,29.69,30.15,1.0
30.15,32.53,30.15,31.37,1.0
31.4,32.33,31.2,32.17,-1.0
32.47,32.5,31.36,31.73,1.0
31.58,34.28,31.18,32.85,1.0
33.35,34.69,32.88,33.8,-1.0
33.81,33.82,31.7,32.18,1.0
31.56,33.38,31.5,32.32,-1.0
32.5,33.0,31.6,31.7,1.0
31.7,32.83,31.58,32.69,-1.0
32.93,33.44,31.66,31.68,-1.0
32.16,32.3,30.3,30.5,-1.0
30.5,30.8,28.89,29.66,1.0
29.8,30.77,29.8,30.6,1.0
31.2,32.8,31.2,32.26,1.0
32.38,34.28,32.35,33.9,-1.0
33.89,34.18,32.8,33.76,1.0
33.81,34.8,33.76,33.96,1.0
34.06,34.77,33.21,34.1,1.0
33.5,35.56,32.9,35.18,-1.0
35.18,35.56,34.5,35.16,1.0
35.24,38.55,35.2,36.33,1.0
36.29,38.3,36.06,38.13,1.0
39.0,41.94,39.0,40.75,1.0
40.79,44.47,40.79,43.05,1.0
43.2,47.36,42.46,47.3,-1.0
47.3,48.0,45.1,47.28,-1.0
46.0,46.55,42.55,42.55,1.0
41.5,43.44,38.32,41.87,1.0
41.84,43.6,40.8,42.82,1.0
42.85,45.05,42.35,43.77,-1.0
43.76,43.76,40.51,41.38,-1.0
41.2,41.2,37.66,39.85,1.0
40.47,41.59,40.47,40.84,-1.0
41.0,41.17,39.5,39.76,1.0
39.76,40.99,39.7,40.18,1.0
40.7,42.95,39.85,42.09,1.0
42.1,43.54,41.53,43.09,1.0
43.1,43.6,41.86,43.24,1.0
43.56,45.6,43.5,44.45,-1.0
33.81,33.81,30.74,31.4,1.0
31.4,32.16,29.46,31.76,-1.0
31.8,33.35,30.2,30.7,-1.0
30.47,31.98,29.38,29.63,1.0
29.33,32.15,26.72,32.14,1.0
32.51,33.89,32.28,33.0,1.0
33.0,34.88,32.08,33.5,-1.0
32.0,33.45,30.15,30.15,-1.0
31.21,31.35,27.14,27.14,1.0
25.85,28.06,24.43,27.85,-1.0
26.85,27.85,25.07,25.07,-1.0
24.5,24.5,22.56,22.56,0.0
20.3,22.88,20.3,20.3,-1.0
22.3,22.3,18.27,18.27,-1.0
17.0,17.0,16.44,16.44,1.0
14.8,17.24,14.8,16.28,1.0
14.8,17.91,14.77,17.91,0.0
19.7,19.7,19.07,19.7,0.0
21.67,21.67,21.67,21.67,0.0
23.84,23.84,23.0,23.84,-1.0
24.5,24.5,21.46,21.46,1.0
21.46,23.61,19.99,23.61,0.0
25.97,25.97,24.7,25.97,1.0
28.0,28.57,27.27,28.57,-1.0
29.0,30.51,27.51,28.58,1.0
27.88,31.44,27.6,31.44,1.0
31.5,33.99,29.88,32.72,1.0
32.1,34.96,31.62,32.4,-1.0
31.15,33.5,29.16,29.16,1.0
26.5,30.95,26.24,27.59,1.0
28.62,30.35,27.74,30.35,1.0
31.27,33.39,30.6,32.23,-1.0
31.7,32.6,29.01,29.7,-1.0
27.55,28.99,26.73,26.73,1.0
27.0,29.4,27.0,29.4,1.0
32.15,32.34,31.11,32.34,1.0
31.0,33.4,29.68,32.45,1.0
32.41,35.4,31.45,34.3,1.0
34.3,37.38,33.7,35.91,-1.0
35.0,36.91,34.0,34.95,0.0
34.95,34.95,34.95,34.95,0.0
34.95,34.95,34.95,34.95,0.0
34.95,34.95,34.95,34.95,0.0
34.95,34.95,34.95,34.95,0.0
34.95,34.95,34.95,34.95,1.0
31.46,37.84,31.46,34.46,-1.0
33.19,33.9,31.01,31.01,-1.0
28.9,32.42,27.95,27.97,-1.0
26.7,26.7,25.17,25.17,0.0
22.65,22.65,22.65,22.65,-1.0
21.0,23.2,20.39,20.39,1.0
20.8,21.7,18.9,21.66,1.0
22.4,23.83,22.0,23.83,-1.0
25.47,25.6,23.55,24.82,-1.0
23.98,23.98,22.34,22.34,1.0
20.11,22.9,20.11,20.71,-1.0
20.6,21.9,18.64,18.64,1.0
17.7,18.8,16.78,18.4,1.0
18.45,19.59,17.73,19.04,1.0
18.01,19.8,18.0,19.01,-1.0
18.87,19.1,18.16,18.61,-1.0
18.7,19.18,16.75,16.75,-1.0
15.71,16.4,15.08,15.08,1.0
15.2,16.59,14.72,16.59,-1.0
16.82,17.79,16.15,16.18,1.0
16.25,16.74,15.8,16.28,1.0
16.14,17.91,16.01,17.91,-1.0
18.99,19.5,18.2,18.85,1.0
18.1,19.29,17.95,18.67,1.0
18.68,20.08,18.68,19.24,-1.0
19.34,19.34,17.37,17.87,1.0
17.89,19.0,17.25,18.5,-1.0
17.98,18.32,17.5,17.5,1.0
17.77,19.25,17.77,19.25,-1.0
20.0,20.97,19.81,19.93,1.0
19.5,21.49,19.35,20.82,1.0
21.1,22.3,20.31,21.32,1.0
21.01,21.68,20.83,21.48,-1.0
21.6,22.55,20.5,20.66,1.0
20.4,21.6,20.32,21.5,-1.0
21.95,22.45,21.32,21.91,-1.0
22.0,22.07,20.76,21.32,1.0
21.33,21.96,21.15,21.81,-1.0
21.82,21.91,19.63,19.63,1.0
19.62,20.88,19.12,20.69,1.0
20.6,21.08,20.23,20.79,1.0
21.23,21.77,20.52,21.3,1.0
21.3,23.43,20.81,23.43,-1.0
23.63,23.97,22.02,22.27,1.0
22.55,23.78,21.8,23.07,-1.0
22.65,23.17,22.01,22.42,-1.0
22.44,23.12,21.14,21.44,-1.0
21.69,21.95,20.8,21.3,1.0
21.4,22.77,21.4,22.56,1.0
22.56,23.26,22.29,22.6,1.0
22.81,24.44,22.55,23.69,1.0
23.25,23.99,22.7,23.49,1.0
23.4,24.2,23.05,23.82,-1.0
24.22,24.35,23.3,23.64,0.0
24.01,24.67,23.5,24.01,-1.0
23.52,23.78,22.67,22.9,1.0
22.69,23.25,22.45,23.24,1.0
23.36,24.54,23.27,23.8,-1.0
23.78,24.41,22.95,23.0,1.0
23.01,24.25,23.01,24.05,1.0
24.17,25.3,24.02,24.78,-1.0
24.93,25.65,24.2,24.48,-1.0
24.31,24.6,23.42,24.1,-1.0
25.01,25.08,24.09,24.46,1.0
24.2,25.59,23.77,24.43,-1.0
24.83,25.1,22.25,22.53,-1.0
22.45,22.83,20.5,21.76,1.0
22.0,22.37,21.52,22.1,-1.0
22.1,22.29,21.02,21.97,1.0
22.13,22.45,21.91,22.37,1.0
22.3,23.1,22.2,22.58,-1.0
22.68,22.69,22.0,22.45,-1.0
22.43,22.43,21.29,21.3,1.0
21.3,21.8,21.04,21.56,-1.0
21.4,21.52,20.9,20.92,1.0
20.8,21.3,20.71,21.0,1.0
20.78,21.3,20.32,21.18,-1.0
21.1,21.6,20.88,21.07,1.0
21.41,21.59,21.1,21.43,1.0
21.8,22.34,21.8,22.14,1.0
22.0,22.28,21.91,22.17,1.0
22.09,22.92,22.01,22.75,1.0
22.89,23.6,22.73,23.14,-1.0
23.1,23.13,22.18,22.21,-1.0
22.17,22.29,21.51,21.99,1.0
21.9,22.17,21.78,22.02,-1.0
22.09,22.32,21.83,21.84,1.0
21.76,21.86,21.32,21.79,1.0
21.9,22.75,21.79,22.59,1.0
22.6,23.14,22.44,22.66,-1.0
23.51,23.91,20.6,21.4,1.0
20.55,22.88,20.55,22.65,1.0
22.51,24.16,22.0,24.02,-1.0
23.4,23.58,21.62,21.62,1.0
22.32,23.25,20.5,22.8,-1.0
22.0,22.42,20.52,20.52,-1.0
20.06,20.62,18.5,18.62,-1.0
18.9,18.94,16.8,16.93,1.0
16.45,18.6,16.0,18.5,-1.0
18.7,19.58,18.27,18.47,1.0
18.18,19.25,17.6,18.87,1.0
18.92,19.96,18.62,19.64,-1.0
19.6,20.16,19.1,19.28,-1.0
18.75,19.35,18.1,18.27,1.0
18.55,19.08,18.0,18.8,-1.0
19.1,19.19,18.6,18.78,-1.0
18.31,18.82,16.96,17.03,1.0
17.51,17.95,15.7,17.6,1.0
17.0,17.61,16.28,17.18,1.0
16.6,18.2,16.6,17.82,-1.0
17.82,17.9,16.69,16.97,1.0
17.22,18.55,17.08,17.99,1.0
17.56,18.95,17.5,18.74,1.0
18.73,19.69,18.52,19.28,-1.0
19.3,19.37,18.81,18.82,1.0
18.1,19.48,18.05,19.25,1.0
19.5,20.19,19.26,19.92,1.0
19.94,21.49,19.93,20.65,-1.0
20.88,20.88,19.95,20.0,1.0
20.02,20.3,19.75,20.03,-1.0
20.38,20.47,20.03,20.21,-1.0
20.29,20.3,19.2,19.8,1.0
19.83,20.3,19.56,20.05,-1.0
20.07,20.15,18.05,18.05,1.0
18.2,18.5,17.65,18.44,1.0
18.3,18.6,16.7,18.39,1.0
18.18,18.98,17.6,18.67,1.0
18.53,19.49,18.5,19.44,-1.0
19.44,19.93,19.28,19.28,1.0
19.11,19.88,18.51,19.27,1.0
19.25,19.65,19.0,19.37,-1.0
19.33,19.33,18.19,18.96,1.0
18.51,19.3,18.3,18.61,-1.0
18.57,19.0,18.2,18.29,-1.0
18.0,18.25,17.76,17.9,1.0
18.18,18.66,18.03,18.4,-1.0
18.39,18.49,17.9,18.0,-1.0
18.24,18.28,18.02,18.16,1.0
18.3,19.09,18.17,18.73,1.0
18.79,19.74,18.71,19.4,-1.0
19.9,20.0,19.3,19.8,1.0
19.61,21.33,19.45,20.32,1.0
20.05,20.4,19.81,20.07,1.0
19.9,20.87,19.7,20.03,1.0
19.95,20.55,19.81,20.18,-1.0
20.87,20.87,19.5,19.61,-1.0
19.6,19.74,18.68,18.89,1.0
18.98,19.59,18.98,19.58,-1.0
19.75,20.35,19.58,19.61,-1.0
19.5,19.69,18.75,19.29,1.0
19.29,19.77,19.1,19.63,1.0
19.57,20.24,19.5,19.98,-1.0
20.01,20.1,19.32,19.33,1.0
19.5,19.84,19.35,19.7,1.0
19.98,20.3,19.8,20.27,-1.0
20.18,20.18,19.82,20.01,1.0
20.11,20.64,20.06,20.24,-1.0
20.42,20.47,20.0,20.22,-1.0
20.05,20.43,19.88,19.99,-1.0
19.8,19.84,19.32,19.48,-1.0
19.61,19.65,19.23,19.58,-1.0
19.56,20.19,18.42,18.98,-1.0
18.96,19.15,18.82,18.9,1.0
