OPEN,HIGH,LOW,CLOSE,UPDOWN
37.1,38.0,35.35,35.73,1.0
35.79,39.19,35.79,36.97,1.0
35.85,36.3,34.3,36.04,-1.0
35.48,35.62,35.03,35.2,1.0
35.19,36.55,35.11,36.21,1.0
36.01,37.8,35.85,37.45,-1.0
36.88,37.2,35.66,36.42,1.0
36.47,37.35,35.8,37.03,1.0
36.88,38.35,36.62,37.86,1.0
37.83,38.67,37.38,38.18,0.0
38.18,39.17,37.83,38.18,-1.0
37.83,38.46,37.4,37.59,1.0
37.77,38.87,37.31,38.72,1.0
38.51,40.57,38.51,40.04,-1.0
39.6,39.93,38.5,38.58,1.0
38.66,39.12,38.18,38.77,1.0
38.98,39.5,38.6,39.45,-1.0
39.42,39.75,36.12,37.19,1.0
36.56,37.8,36.56,37.61,0.0
37.61,37.61,37.61,37.61,-1.0
36.5,36.8,35.55,36.37,-1.0
36.2,36.9,35.55,35.6,1.0
35.67,36.17,35.14,36.12,1.0
36.25,37.07,36.2,36.95,1.0
36.96,37.71,36.57,37.05,-1.0
37.0,37.44,36.5,36.78,1.0
36.81,37.79,36.72,37.49,-1.0
37.21,37.56,35.0,35.8,1.0
35.08,36.1,35.02,35.65,-1.0
35.8,36.06,35.04,35.04,-1.0
34.7,35.18,32.2,33.0,1.0
32.5,33.15,32.25,32.7,1.0
33.16,33.57,32.32,33.56,-1.0
33.09,33.64,32.24,32.35,1.0
31.8,32.35,31.45,31.82,-1.0
31.86,32.29,30.08,30.65,-1.0
31.35,31.44,30.08,30.27,-1.0
29.99,29.99,28.1,28.87,1.0
28.79,29.5,27.6,29.26,1.0
29.0,29.7,28.51,29.47,-1.0
28.75,29.39,28.0,28.02,1.0
28.0,28.56,27.23,28.4,1.0
28.01,29.32,27.95,28.85,1.0
28.68,29.2,28.5,28.78,1.0
28.14,30.13,27.94,29.89,1.0
29.71,31.5,29.71,31.09,-1.0
30.8,31.07,30.2,30.61,-1.0
30.61,30.97,30.39,30.54,1.0
30.57,31.75,30.08,31.3,-1.0
31.48,31.68,30.71,30.9,-1.0
30.73,31.57,29.86,29.86,-1.0
29.81,30.25,28.61,28.9,1.0
28.87,29.77,28.65,29.74,1.0
29.75,30.3,29.34,30.05,1.0
29.96,30.35,29.5,30.3,1.0
29.85,31.12,29.52,30.97,1.0
31.0,31.55,30.98,31.27,1.0
31.44,31.65,31.11,31.53,1.0
31.52,32.08,31.25,31.73,-1.0
31.91,32.0,31.2,31.68,-1.0
31.68,32.05,30.7,30.7,-1.0
28.5,29.96,28.0,28.38,1.0
28.2,29.15,27.7,29.1,1.0
29.0,29.47,28.82,29.17,-1.0
29.2,29.57,28.74,29.1,-1.0
29.33,29.49,29.0,29.19,-1.0
29.25,29.25,28.22,28.74,-1.0
28.65,28.98,28.06,28.28,-1.0
28.4,28.55,27.02,27.15,-1.0
26.98,27.0,26.02,26.52,1.0
26.36,26.94,26.36,26.66,1.0
26.5,26.85,25.22,26.7,1.0
26.31,27.7,25.8,27.44,1.0
27.38,28.05,27.25,27.87,1.0
27.77,28.2,27.66,28.1,0.0
28.3,28.47,27.76,28.3,1.0
28.12,29.6,28.03,29.1,1.0
28.95,29.3,28.71,29.08,-1.0
28.8,28.8,28.1,28.38,1.0
28.48,28.89,28.36,28.54,-1.0
28.6,28.72,28.11,28.46,1.0
28.4,29.28,27.95,29.24,1.0
29.04,29.82,28.86,29.73,1.0
29.73,30.0,29.5,29.98,-1.0
29.9,30.18,29.61,29.64,1.0
29.55,30.16,29.52,30.02,-1.0
29.99,30.11,29.42,29.88,1.0
29.87,30.2,29.73,30.19,-1.0
30.16,30.18,29.76,29.77,1.0
29.52,30.36,29.51,30.36,1.0
30.36,30.69,30.18,30.59,1.0
30.45,30.69,30.12,30.66,1.0
30.6,31.17,30.4,31.06,-1.0
31.08,31.2,30.48,30.5,-1.0
30.92,30.92,29.8,30.61,1.0
30.45,30.97,30.45,30.63,1.0
30.63,31.27,30.6,31.26,1.0
31.39,32.73,31.27,32.73,-1.0
32.6,32.6,31.46,31.52,1.0
31.5,32.08,31.28,31.71,-1.0
31.3,31.77,30.9,30.95,1.0
30.98,31.67,30.9,31.6,1.0
31.7,32.22,31.57,32.02,1.0
32.29,32.61,32.04,32.35,-1.0
32.2,32.38,31.8,32.11,1.0
31.91,32.42,31.9,32.4,-1.0
32.28,32.57,32.0,32.09,-1.0
32.0,32.45,31.5,31.67,1.0
31.01,31.89,31.01,31.86,-1.0
32.06,32.09,30.61,31.21,1.0
31.07,31.3,30.73,31.24,1.0
30.99,31.35,30.82,31.35,1.0
31.14,31.98,30.92,31.93,-1.0
31.88,31.88,31.29,31.59,-1.0
31.7,32.5,31.04,31.63,1.0
31.71,32.49,31.65,32.09,1.0
32.17,33.35,31.95,32.98,-1.0
33.16,33.17,31.88,32.59,1.0
32.49,33.28,32.05,33.04,1.0
32.89,33.28,32.56,32.92,-1.0
33.14,33.38,32.31,32.38,-1.0
32.47,32.57,31.38,32.09,0.0
32.09,32.09,32.09,32.09,-1.0
32.48,32.69,31.92,32.0,-1.0
32.01,32.17,30.82,31.0,-1.0
30.87,31.19,29.65,29.82,1.0
30.0,30.27,29.78,30.07,-1.0
30.06,30.26,29.31,29.41,1.0
29.41,29.88,29.41,29.81,1.0
29.91,30.87,29.81,30.56,-1.0
30.5,30.56,29.78,29.99,1.0
29.8,30.2,29.8,30.2,1.0
29.66,30.95,29.66,30.5,1.0
30.59,32.87,30.59,32.07,1.0
32.19,34.0,32.19,32.79,1.0
32.8,33.87,32.25,33.41,-1.0
33.13,33.2,32.34,32.54,-1.0
32.53,32.73,31.28,31.35,1.0
31.25,31.87,30.7,31.33,-1.0
31.0,31.5,29.9,30.69,1.0
30.75,31.8,30.69,31.41,1.0
31.0,31.8,30.25,31.08,1.0
31.02,31.55,30.81,31.23,1.0
31.2,32.5,30.93,32.18,1.0
32.2,33.1,32.06,33.04,-1.0
33.17,33.39,32.0,32.93,1.0
32.32,33.7,32.32,32.5,-1.0
32.5,32.92,32.09,32.39,1.0
32.39,33.0,32.11,33.0,1.0
33.01,33.93,32.81,33.69,1.0
33.9,35.34,33.17,34.3,-1.0
34.4,34.67,33.05,33.13,1.0
33.27,33.75,33.03,33.5,-1.0
33.93,33.93,33.19,33.68,1.0
33.68,34.35,33.4,33.98,1.0
34.0,34.76,33.91,34.09,1.0
34.2,34.5,33.81,34.43,-1.0
34.43,34.98,34.2,34.2,-1.0
34.0,34.0,31.61,32.0,0.0
32.0,32.0,32.0,32.0,-1.0
33.46,33.77,32.08,32.8,-1.0
32.46,32.78,32.0,32.14,1.0
32.19,33.6,32.19,33.57,1.0
33.5,35.5,33.22,35.2,-1.0
35.3,36.19,34.88,35.11,1.0
34.72,37.68,34.72,37.35,1.0
36.9,37.94,36.51,37.32,-1.0
37.0,37.6,36.02,36.59,-1.0
36.55,36.6,35.68,35.98,1.0
35.98,36.8,35.66,36.78,-1.0
36.78,36.79,34.6,35.35,1.0
35.05,35.58,35.05,35.36,1.0
35.98,36.45,35.37,36.17,-1.0
36.15,36.4,35.45,36.0,-1.0
36.0,36.28,34.58,35.59,1.0
35.59,36.75,35.0,36.7,1.0
36.3,37.5,36.2,37.09,1.0
37.5,40.8,36.94,40.18,-1.0
41.12,41.12,39.11,39.4,1.0
40.0,40.97,39.2,40.12,1.0
39.8,40.48,39.28,39.81,-1.0
39.9,39.9,38.85,39.16,1.0
39.2,39.91,39.16,39.28,1.0
39.02,39.89,39.02,39.85,-1.0
39.87,40.35,37.8,38.74,-1.0
38.74,38.98,37.83,38.44,1.0
38.59,38.88,38.31,38.8,-1.0
38.77,38.8,37.85,38.0,-1.0
37.8,37.89,36.02,36.15,1.0
35.97,36.8,35.44,36.0,1.0
35.59,36.64,34.83,36.25,-1.0
36.93,36.93,35.78,36.5,-1.0
36.2,36.59,35.75,35.87,1.0
36.01,36.99,35.8,36.95,1.0
36.9,38.47,36.71,38.34,-1.0
38.3,38.3,37.36,37.38,-1.0
37.36,37.66,36.4,36.41,-1.0
36.33,36.75,35.78,35.99,-1.0
35.89,36.26,34.02,34.74,-1.0
34.7,34.8,33.58,34.08,1.0
33.86,34.6,33.86,34.55,1.0
34.52,35.05,34.38,34.81,-1.0
34.5,34.76,33.11,33.3,-1.0
33.0,33.51,32.2,32.41,1.0
32.5,32.76,32.1,32.75,1.0
32.81,33.28,32.01,33.23,-1.0
32.84,33.27,32.2,32.4,1.0
32.28,33.0,32.17,32.66,-1.0
32.66,32.85,32.03,32.03,-1.0
32.2,32.91,30.67,30.8,1.0
30.89,31.34,30.75,31.24,1.0
30.7,31.79,30.7,31.52,1.0
31.15,31.79,31.15,31.66,1.0
31.66,32.7,31.66,32.63,-1.0
32.9,32.9,31.84,32.0,-1.0
31.8,31.96,31.0,31.08,1.0
31.02,31.83,30.8,31.79,1.0
31.7,33.09,31.53,33.03,1.0
33.0,33.65,32.21,33.44,1.0
33.22,34.34,32.92,33.5,1.0
33.65,34.15,33.1,34.02,1.0
33.82,36.98,33.75,35.59,1.0
35.5,36.32,34.44,36.0,1.0
35.35,35.6,34.69,35.5,-1.0
35.0,35.42,33.9,33.95,-1.0
34.1,34.3,33.9,34.0,1.0
34.0,34.18,33.55,34.1,-1.0
34.2,34.2,33.69,33.93,1.0
33.99,34.5,33.78,34.23,1.0
34.3,34.94,34.14,34.76,1.0
34.76,35.3,34.45,34.84,-1.0
34.6,34.92,33.8,33.86,-1.0
33.75,34.16,33.4,33.69,1.0
33.63,33.98,33.51,33.84,1.0
33.91,34.32,33.86,34.2,-1.0
34.2,34.29,33.58,33.83,-1.0
33.81,33.83,33.5,33.59,1.0
33.45,33.89,33.21,33.61,-1.0
33.61,33.61,32.94,33.09,-1.0
33.03,33.08,31.78,32.36,1.0
32.3,32.89,32.16,32.81,-1.0
32.6,32.6,31.9,31.93,-1.0
32.17,32.49,31.91,32.09,1.0
32.1,32.3,32.08,32.23,1.0
32.25,32.88,32.13,32.77,1.0
32.78,33.0,32.37,32.95,1.0
32.88,35.5,32.66,35.08,1.0
34.7,35.38,34.4,35.11,-1.0
35.11,35.22,34.15,34.7,-1.0
34.69,34.69,32.02,33.15,-1.0
33.05,33.15,32.21,32.74,1.0
32.6,33.2,32.4,33.13,1.0
33.13,35.32,32.84,35.16,-1.0
34.99,34.99,33.99,34.12,-1.0
33.71,33.73,32.66,33.1,1.0
33.5,34.5,33.2,34.46,-1.0
34.48,34.7,33.86,34.4,1.0
34.35,35.08,34.0,35.08,-1.0
35.01,35.33,34.49,34.9,-1.0
34.8,35.29,34.15,34.16,1.0
34.16,34.98,33.76,34.65,-1.0
34.44,34.45,34.01,34.3,-1.0
34.18,34.18,32.79,32.8,1.0
32.8,33.15,32.8,33.0,1.0
32.98,33.4,32.91,33.2,-1.0
33.35,33.35,33.03,33.27,-1.0
33.27,33.27,32.0,32.73,-1.0
32.22,32.65,31.8,32.15,0.0
32.15,32.15,32.15,32.15,-1.0
32.15,32.15,30.01,30.2,1.0
30.21,30.7,30.0,30.7,1.0
30.76,31.0,30.69,31.0,-1.0
31.18,31.18,30.25,30.34,1.0
30.34,31.8,30.31,31.59,1.0
31.2,32.27,31.0,31.85,-1.0
32.28,33.0,31.82,31.85,-1.0
19.84,19.84,19.3,19.42,-1.0
19.86,19.88,19.1,19.76,-1.0
19.55,19.55,19.2,19.2,1.0
19.18,19.21,18.86,19.21,-1.0
19.15,19.15,18.8,18.81,1.0
18.76,18.98,18.64,18.81,-1.0
18.61,18.87,18.19,18.38,-1.0
18.51,18.51,17.8,17.84,-1.0
17.85,17.98,17.61,17.83,-1.0
17.95,17.95,17.02,17.23,1.0
17.1,17.92,17.1,17.77,-1.0
17.7,17.78,17.2,17.63,-1.0
17.6,17.63,17.26,17.39,-1.0
17.5,17.5,16.47,17.0,-1.0
17.2,17.2,16.72,16.72,1.0
16.72,16.94,16.41,16.86,-1.0
16.84,16.84,16.65,16.79,-1.0
16.66,16.66,15.99,16.36,1.0
16.11,16.48,16.0,16.4,-1.0
16.4,16.4,16.18,16.29,1.0
16.31,16.4,16.16,16.38,-1.0
16.37,16.52,16.19,16.2,1.0
16.21,16.36,15.88,16.3,0.0
16.3,16.3,16.3,16.3,0.0
16.3,16.3,16.3,16.3,0.0
16.3,16.3,16.3,16.3,0.0
16.3,16.3,16.3,16.3,0.0
16.3,16.3,16.3,16.3,-1.0
15.31,15.8,14.67,15.18,1.0
14.85,15.04,14.6,14.96,-1.0
15.47,15.47,14.71,14.76,1.0
14.79,14.99,14.5,14.94,1.0
14.85,16.24,14.83,15.69,1.0
15.41,15.94,15.4,15.72,1.0
15.74,15.93,15.63,15.87,-1.0
15.94,16.03,15.65,15.65,1.0
15.4,15.81,15.4,15.7,-1.0
15.94,15.95,15.74,15.78,1.0
15.75,16.18,15.74,16.11,1.0
16.11,16.37,16.04,16.34,1.0
16.32,16.83,16.14,16.66,1.0
16.56,17.0,16.56,16.73,-1.0
16.75,16.8,16.32,16.49,1.0
16.3,16.66,16.23,16.52,-1.0
16.31,16.48,16.02,16.09,1.0
16.08,16.38,16.06,16.33,1.0
16.34,17.4,16.34,17.0,1.0
16.49,17.5,16.22,16.93,-1.0
16.88,16.93,16.5,16.62,-1.0
16.61,16.61,16.36,16.47,1.0
16.5,16.67,16.33,16.64,1.0
16.64,16.94,16.51,16.73,-1.0
16.92,16.92,16.3,16.39,-1.0
16.22,16.22,15.49,15.8,1.0
15.6,16.21,15.6,16.18,1.0
16.31,16.5,15.82,16.49,1.0
16.31,16.65,16.31,16.64,-1.0
16.63,16.63,16.34,16.44,1.0
16.03,17.26,16.03,16.91,-1.0
17.0,17.0,16.4,16.92,1.0
16.8,17.15,16.65,16.93,-1.0
16.93,17.1,16.66,16.73,1.0
15.85,16.44,15.85,16.29,-1.0
15.92,16.26,14.68,15.64,1.0
15.25,16.25,14.73,15.91,-1.0
16.0,16.3,15.55,15.7,1.0
15.08,15.89,15.08,15.66,1.0
15.7,16.04,15.55,15.81,1.0
15.91,17.15,15.81,17.03,1.0
17.0,18.1,16.82,17.81,-1.0
17.83,17.83,17.16,17.57,-1.0
17.16,17.76,17.12,17.12,0.0
17.12,17.12,17.12,17.12,1.0
17.02,17.37,16.66,17.07,1.0
17.2,17.26,16.86,17.25,-1.0
17.25,17.29,16.84,16.88,1.0
16.85,17.29,16.72,17.26,-1.0
17.2,17.6,17.14,17.19,-1.0
16.89,16.89,15.7,15.8,-1.0
15.88,16.08,15.65,15.66,-1.0
15.68,15.79,15.4,15.59,1.0
15.58,15.75,15.55,15.62,-1.0
15.6,15.66,15.08,15.25,-1.0
15.03,15.18,14.85,14.88,1.0
14.6,14.79,14.54,14.71,1.0
14.8,15.07,14.72,15.01,-1.0
15.1,15.15,14.9,14.91,-1.0
14.9,15.07,14.79,14.79,-1.0
14.6,14.6,14.31,14.52,1.0
14.6,14.79,14.42,14.79,1.0
14.72,15.12,14.72,14.9,1.0
15.07,15.44,14.93,15.1,-1.0
15.11,15.18,14.83,15.03,1.0
15.01,15.25,14.87,15.03,1.0
15.03,15.34,14.9,15.22,-1.0
15.13,15.24,14.83,14.83,-1.0
14.73,14.73,14.32,14.48,-1.0
14.54,14.65,14.18,14.2,-1.0
14.24,14.31,13.76,13.92,-1.0
14.0,14.02,13.5,13.5,-1.0
13.48,13.48,12.83,12.95,-1.0
12.95,13.0,12.7,12.8,-1.0
12.97,13.0,12.71,12.8,-1.0
13.01,13.18,12.79,12.83,1.0
12.77,13.25,12.76,13.22,1.0
13.22,13.53,13.12,13.49,1.0
13.35,13.46,13.25,13.39,1.0
13.2,13.52,13.15,13.5,-1.0
13.4,13.5,13.19,13.19,-1.0
13.22,13.29,13.03,13.12,-1.0
13.02,13.11,12.7,12.7,1.0
12.7,13.3,12.31,13.3,1.0
13.3,13.58,13.08,13.54,1.0
13.52,13.84,13.15,13.73,-1.0
13.6,13.78,13.43,13.5,-1.0
13.55,13.55,13.36,13.39,1.0
13.5,13.85,13.42,13.7,1.0
13.69,13.95,13.63,13.86,1.0
13.71,13.95,13.53,13.95,1.0
13.77,14.18,13.66,14.09,-1.0
14.4,14.5,14.05,14.17,1.0
14.01,14.28,14.01,14.18,-1.0
14.2,14.26,13.96,14.03,1.0
13.91,14.37,13.91,14.23,1.0
14.22,14.38,14.03,14.3,-1.0
14.25,14.31,14.02,14.15,1.0
14.07,15.37,14.05,14.93,1.0
14.8,15.12,14.7,15.02,1.0
14.78,14.93,14.71,14.87,-1.0
14.81,14.88,14.12,14.17,-1.0
14.28,14.37,14.09,14.13,1.0
14.13,14.36,14.08,14.17,-1.0
14.13,14.17,13.51,13.67,-1.0
13.62,13.62,13.35,13.59,1.0
13.55,13.74,13.46,13.67,1.0
13.75,14.18,13.49,13.95,-1.0
13.75,14.0,13.58,13.6,-1.0
13.6,13.81,13.38,13.44,1.0
13.57,13.7,13.47,13.68,-1.0
13.55,13.68,13.07,13.33,-1.0
13.67,13.82,13.34,13.42,1.0
13.34,13.6,12.92,13.5,-1.0
13.68,13.68,13.06,13.24,1.0
13.08,13.31,13.01,13.25,-1.0
13.38,13.39,13.09,13.18,1.0
13.12,13.3,12.95,13.28,-1.0
13.2,13.38,13.15,13.18,-1.0
13.42,13.48,13.17,13.38,-1.0
13.36,13.4,13.05,13.26,1.0
13.24,13.6,13.05,13.4,-1.0
13.45,13.51,12.13,12.42,1.0
12.2,12.65,11.35,12.3,1.0
12.01,12.18,11.6,12.06,1.0
11.83,12.25,11.83,11.91,-1.0
12.05,12.13,11.52,11.69,-1.0
11.7,11.7,11.07,11.53,-1.0
11.55,11.66,11.31,11.36,-1.0
11.25,11.38,11.06,11.06,-1.0
11.25,11.25,10.26,10.3,-1.0
10.31,10.31,9.87,10.09,-1.0
10.05,10.23,10.01,10.03,-1.0
10.1,10.23,10.03,10.09,-1.0
10.25,10.28,9.8,9.82,-1.0
9.8,9.83,9.26,9.29,1.0
9.23,9.33,9.07,9.28,1.0
9.29,9.67,9.17,9.67,1.0
9.66,10.25,9.66,10.24,1.0
10.21,10.87,10.09,10.73,-1.0
10.63,10.78,10.31,10.48,-1.0
10.47,10.68,10.1,10.4,1.0
10.15,10.3,10.03,10.21,1.0
10.37,11.08,10.13,10.8,-1.0
10.96,11.25,10.53,10.56,1.0
10.36,10.6,10.2,10.42,1.0
10.48,10.6,10.35,10.58,1.0
10.52,10.7,10.44,10.58,1.0
10.68,10.73,10.45,10.7,-1.0
10.62,10.75,10.51,10.57,1.0
10.52,10.9,10.47,10.83,-1.0
11.27,11.45,10.93,11.06,-1.0
11.0,11.23,10.91,10.91,-1.0
10.82,10.83,10.51,10.55,1.0
10.6,11.0,10.53,11.0,-1.0
11.08,11.16,10.9,11.0,1.0
11.06,11.79,10.93,11.58,-1.0
11.34,11.55,11.25,11.25,1.0
11.28,11.5,11.2,11.33,1.0
11.28,11.49,11.17,11.44,1.0
11.37,11.76,11.32,11.76,1.0
11.61,12.44,11.55,12.1,1.0
12.2,12.99,11.88,12.48,-1.0
12.4,12.4,12.03,12.37,1.0
12.25,12.4,12.02,12.39,-1.0
12.36,12.44,12.01,12.19,-1.0
12.29,12.31,12.12,12.27,0.0
12.27,12.27,12.27,12.27,0.0
12.27,12.27,12.27,12.27,0.0
12.27,12.27,12.27,12.27,1.0
12.01,12.79,11.9,12.58,0.0
12.5,12.68,12.35,12.5,1.0
12.45,12.74,12.4,12.46,-1.0
12.46,12.46,12.07,12.07,-1.0
11.82,12.13,11.75,11.75,1.0
11.79,12.01,11.76,11.87,1.0
11.87,12.19,11.87,12.18,1.0
12.18,12.36,12.1,12.23,1.0
12.2,12.4,12.15,12.4,-1.0
12.4,12.61,11.71,11.8,-1.0
11.79,12.62,11.65,11.78,1.0
11.78,11.98,11.66,11.92,1.0
11.82,12.45,11.81,12.4,-1.0
12.23,12.38,12.0,12.0,0.0
12.0,12.0,12.0,12.0,1.0
12.19,12.36,12.05,12.28,1.0
12.28,12.84,12.13,12.81,1.0
12.84,13.45,12.53,13.16,-1.0
13.18,13.36,12.71,12.94,-1.0
12.76,12.87,11.83,12.19,-1.0
12.14,12.14,11.06,11.34,-1.0
11.3,11.39,10.82,10.95,1.0
10.92,11.29,10.52,11.28,1.0
11.21,11.44,11.05,11.28,-1.0
11.2,11.38,11.19,11.19,-1.0
11.2,11.25,10.88,11.19,1.0
11.12,11.3,10.92,11.3,1.0
11.22,11.5,11.22,11.44,1.0
11.5,11.6,11.44,11.59,-1.0
11.61,11.61,11.41,11.5,-1.0
11.42,11.53,11.24,11.28,1.0
11.22,11.55,11.21,11.53,1.0
11.53,11.87,11.49,11.65,1.0
11.53,12.82,11.53,12.82,-1.0
12.87,12.87,12.53,12.53,-1.0
12.64,12.64,11.98,12.38,1.0
12.4,12.91,12.22,12.77,1.0
12.7,13.37,12.41,13.01,-1.0
12.93,12.97,12.36,12.39,1.0
12.5,13.63,12.31,13.63,1.0
14.15,14.99,13.99,14.88,1.0
14.43,14.78,14.29,14.62,1.0
14.39,14.62,14.28,14.46,-1.0
14.36,14.54,13.99,14.34,1.0
14.03,14.49,14.02,14.2,1.0
14.19,14.39,13.99,14.26,-1.0
14.21,14.79,14.02,14.09,-1.0
14.16,14.24,13.6,13.8,-1.0
13.54,13.68,13.3,13.45,1.0
13.48,13.77,13.41,13.54,1.0
13.5,13.85,13.0,13.85,-1.0
13.6,13.85,13.38,13.4,1.0
13.39,13.8,12.92,13.5,1.0
13.31,13.65,13.31,13.52,1.0
13.44,13.51,13.22,13.47,1.0
13.46,14.35,13.35,13.99,-1.0
14.05,14.05,13.38,13.39,1.0
13.12,13.36,12.6,13.15,1.0
13.12,13.75,13.0,13.52,1.0
13.53,13.84,13.33,13.63,-1.0
13.48,13.72,13.34,13.43,-1.0
13.4,13.63,13.2,13.23,-1.0
12.9,13.14,12.75,12.78,1.0
12.72,13.15,12.72,12.92,1.0
12.85,13.13,12.85,13.13,-1.0
13.39,13.48,12.95,13.01,-1.0
13.11,13.4,13.03,13.1,1.0
13.2,13.45,13.01,13.31,1.0
13.4,14.24,13.26,13.93,1.0
13.85,14.15,13.71,14.09,-1.0
14.08,14.08,13.75,13.8,0.0
13.8,13.8,13.8,13.8,-1.0
14.03,14.89,13.95,14.0,1.0
13.82,14.23,13.7,13.88,-1.0
14.08,14.09,13.74,13.9,-1.0
13.94,13.94,13.35,13.37,-1.0
13.16,13.48,13.02,13.04,1.0
12.89,13.36,12.72,13.3,-1.0
13.3,13.49,13.02,13.04,-1.0
13.27,13.27,12.89,12.94,1.0
12.8,13.25,12.68,13.15,0.0
13.35,13.58,13.15,13.35,1.0
13.35,14.3,13.35,13.93,1.0
13.85,14.03,13.76,13.92,1.0
13.96,14.39,13.9,14.2,1.0
14.1,14.28,13.71,14.23,-1.0
14.08,14.2,13.64,13.74,-1.0
13.65,13.9,13.34,13.5,-1.0
13.6,13.65,13.39,13.56,1.0
13.62,14.8,13.62,14.48,1.0
14.19,14.64,14.13,14.49,1.0
14.48,14.83,14.28,14.56,-1.0
14.5,14.68,13.81,14.22,1.0
14.18,15.64,13.9,15.64,1.0
15.92,17.2,15.7,17.2,-1.0
16.56,17.1,16.23,16.44,1.0
16.27,16.52,15.9,16.37,-1.0
16.25,16.49,15.74,16.12,1.0
16.02,16.33,15.87,16.18,-1.0
16.05,16.1,14.56,14.73,-1.0
14.37,14.61,14.08,14.22,-1.0
14.15,14.3,13.23,13.44,1.0
13.45,13.69,13.04,13.52,1.0
13.45,13.86,13.2,13.66,-1.0
13.62,13.63,13.1,13.39,1.0
13.4,13.88,13.3,13.86,1.0
13.75,14.28,13.65,14.21,1.0
14.16,14.78,14.02,14.77,-1.0
14.75,14.78,14.31,14.37,1.0
14.2,14.71,14.14,14.6,-1.0
14.59,14.88,14.11,14.37,1.0
14.99,15.81,14.98,15.81,-1.0
16.0,16.83,15.37,15.74,-1.0
15.4,15.41,15.0,15.18,-1.0
14.93,15.34,14.26,14.36,1.0
14.11,14.26,13.8,14.2,1.0
14.05,14.37,13.93,14.28,1.0
14.1,14.67,14.1,14.56,-1.0
14.56,14.65,14.16,14.45,1.0
14.4,15.59,14.23,15.31,-1.0
15.1,15.35,14.75,14.84,-1.0
14.6,14.68,14.2,14.24,1.0
14.11,15.15,14.11,14.96,-1.0
14.92,15.26,14.64,14.7,-1.0
14.58,14.85,14.01,14.36,1.0
14.35,14.53,14.03,14.38,1.0
14.5,15.73,14.5,15.39,-1.0
15.25,15.3,14.89,15.08,1.0
15.08,15.47,14.93,15.38,1.0
15.38,15.54,15.14,15.5,1.0
15.6,16.35,15.25,15.75,1.0
15.7,16.04,15.43,15.9,-1.0
15.9,15.9,15.41,15.52,-1.0
15.72,16.0,15.61,15.65,-1.0
15.63,15.87,15.37,15.37,-1.0
15.6,15.78,15.33,15.42,1.0
15.5,16.2,15.4,15.9,1.0
15.9,17.48,15.7,16.86,1.0
16.6,17.2,16.32,16.95,-1.0
16.8,16.8,16.07,16.4,1.0
16.11,16.5,15.8,16.38,-1.0
16.18,16.27,15.71,16.0,-1.0
15.83,15.92,15.11,15.12,1.0
15.11,15.9,15.0,15.5,1.0
15.6,16.49,15.6,15.96,1.0
15.96,16.15,15.7,16.1,1.0
16.11,16.66,16.07,16.15,1.0
16.2,16.54,16.2,16.41,1.0
16.48,17.14,16.16,17.09,-1.0
16.96,16.96,16.16,16.35,1.0
16.2,17.95,16.2,17.29,1.0
17.33,18.94,16.9,18.49,-1.0
18.4,19.19,17.91,18.2,1.0
18.16,18.49,17.78,18.48,1.0
18.37,18.91,18.31,18.5,-1.0
18.35,18.5,17.65,17.9,1.0
17.75,19.13,17.75,19.12,-1.0
18.89,19.03,18.0,18.25,-1.0
17.99,17.99,17.37,17.5,-1.0
17.13,17.31,16.51,16.55,1.0
16.55,17.05,16.43,16.72,-1.0
16.72,16.95,16.18,16.45,1.0
16.52,17.08,16.38,16.93,1.0
17.09,17.22,16.61,17.21,-1.0
17.2,17.45,16.94,17.19,-1.0
17.19,17.24,16.91,16.99,-1.0
16.79,16.79,16.2,16.42,1.0
16.32,16.85,16.32,16.85,-1.0
16.87,17.1,16.67,16.69,-1.0
16.46,16.46,15.58,15.59,-1.0
15.49,15.63,15.12,15.28,1.0
15.28,15.55,15.25,15.49,-1.0
15.57,15.57,15.0,15.0,-1.0
15.28,15.3,14.41,14.7,-1.0
14.65,14.65,13.95,13.99,1.0
13.84,14.21,13.71,14.21,1.0
14.2,14.42,14.0,14.4,-1.0
14.41,14.88,14.1,14.2,1.0
14.01,14.47,14.0,14.46,1.0
14.26,15.48,14.24,15.23,-1.0
15.28,15.39,14.91,15.1,-1.0
15.3,15.73,15.11,15.17,-1.0
14.95,14.98,14.0,14.03,-1.0
13.97,13.97,12.85,12.98,-1.0
12.96,13.28,12.52,12.57,1.0
12.49,12.93,12.49,12.84,-1.0
12.7,13.1,12.02,12.04,1.0
12.04,12.51,11.52,12.39,1.0
12.26,13.1,12.26,12.83,-1.0
12.69,12.99,12.55,12.58,1.0
12.44,12.99,12.41,12.92,1.0
12.92,13.59,12.83,13.54,-1.0
13.49,13.5,13.11,13.26,1.0
13.13,13.38,12.92,13.17,-1.0
13.06,13.16,12.71,12.75,1.0
12.8,13.79,12.72,13.75,1.0
13.62,13.89,13.51,13.64,1.0
13.55,13.83,13.36,13.6,1.0
13.43,13.73,13.41,13.59,1.0
13.56,13.7,13.21,13.62,1.0
13.62,14.0,13.53,13.8,1.0
13.79,14.25,13.67,14.23,1.0
14.2,15.0,14.02,14.66,1.0
14.67,14.84,14.48,14.71,-1.0
14.73,14.75,14.36,14.36,-1.0
14.6,14.6,14.27,14.44,1.0
14.41,14.57,14.22,14.44,-1.0
14.58,14.58,14.24,14.39,1.0
14.55,15.07,14.46,14.93,-1.0
14.89,15.39,14.72,14.87,1.0
14.69,14.96,14.62,14.7,1.0
14.7,15.07,14.7,15.02,-1.0
15.05,15.16,14.4,14.41,1.0
14.41,14.94,14.39,14.8,1.0
14.9,15.36,14.8,15.36,1.0
15.46,15.76,15.16,15.56,-1.0
15.54,15.54,15.1,15.18,1.0
15.23,15.43,15.2,15.38,-1.0
15.45,15.5,15.21,15.35,-1.0
15.32,15.33,14.91,14.96,-1.0
14.9,14.95,14.6,14.8,-1.0
14.85,15.03,14.12,14.19,-1.0
14.25,14.39,14.09,14.15,1.0
14.29,14.59,14.21,14.59,1.0
14.59,14.84,14.46,14.7,-1.0
14.64,14.72,14.41,14.59,1.0
14.56,15.27,14.55,14.92,0.0
14.88,14.98,14.72,14.88,-1.0
14.86,15.1,14.56,14.74,1.0
14.65,14.78,14.4,14.68,1.0
14.61,14.79,14.61,14.72,-1.0
14.8,14.89,14.6,14.7,1.0
14.6,14.96,14.6,14.92,1.0
14.98,15.26,14.87,15.21,-1.0
15.21,15.25,14.82,14.82,1.0
14.84,15.09,14.83,15.07,-1.0
15.06,15.06,14.46,14.47,1.0
14.49,14.69,14.49,14.55,1.0
14.55,14.73,14.47,14.64,-1.0
14.61,14.62,14.3,14.34,-1.0
14.47,14.67,14.32,14.36,1.0
14.33,14.65,14.33,14.6,1.0
14.6,14.9,14.52,14.89,-1.0
14.9,15.3,14.73,14.87,1.0
14.88,15.24,14.88,15.22,1.0
15.22,15.53,15.08,15.49,-1.0
15.5,15.52,15.07,15.2,-1.0
15.39,15.39,14.91,14.96,1.0
14.86,15.07,14.85,14.98,-1.0
14.9,15.07,14.2,14.37,-1.0
14.3,14.43,13.9,14.11,-1.0
13.98,14.24,13.91,13.95,-1.0
13.99,14.21,13.71,13.84,-1.0
13.84,14.09,13.64,13.69,-1.0
13.72,13.86,13.54,13.71,1.0
13.8,14.1,13.72,14.08,-1.0
14.1,14.18,13.91,14.05,1.0
14.04,14.21,14.04,14.15,-1.0
14.1,14.19,13.89,14.02,-1.0
13.86,14.0,13.53,13.63,-1.0
13.76,13.78,13.51,13.6,-1.0
13.56,13.56,13.05,13.05,1.0
13.0,13.18,13.0,13.05,1.0
13.06,13.54,13.0,13.4,1.0
13.29,13.54,13.29,13.44,-1.0
13.46,13.6,13.08,13.12,-1.0
13.12,13.12,12.75,12.9,1.0
12.89,13.3,12.89,13.27,1.0
13.28,13.57,13.23,13.39,1.0
13.52,13.87,13.33,13.58,-1.0
13.7,13.7,13.45,13.5,1.0
13.53,13.72,13.5,13.56,1.0
13.47,13.71,13.42,13.71,1.0
13.72,13.86,13.6,13.85,1.0
14.4,15.12,14.4,14.77,1.0
14.65,14.89,14.51,14.8,1.0
14.76,15.14,14.55,15.14,-1.0
15.0,15.34,14.86,14.87,1.0
14.72,15.08,14.72,15.0,-1.0
15.11,15.13,14.65,14.66,-1.0
14.75,14.8,14.02,14.05,1.0
14.03,14.2,13.73,14.18,1.0
14.1,14.45,14.1,14.35,1.0
14.45,14.88,14.26,14.78,1.0
14.8,14.98,14.7,14.81,1.0
14.81,15.0,14.72,14.96,1.0
15.0,15.1,14.73,15.02,-1.0
15.02,15.23,14.87,15.01,-1.0
15.01,15.1,14.85,14.94,-1.0
14.94,15.04,14.68,14.91,1.0
14.94,15.18,14.83,15.18,-1.0
16.11,16.68,15.4,15.84,-1.0
15.72,15.75,15.4,15.5,1.0
15.5,15.88,15.5,15.6,1.0
15.85,16.61,15.85,16.4,1.0
16.14,16.57,16.13,16.28,1.0
16.22,16.56,16.1,16.23,1.0
16.2,16.35,15.9,16.27,1.0
16.44,16.61,16.33,16.5,-1.0
16.5,16.5,15.97,16.02,-1.0
8.7,8.8,8.41,8.63,1.0
8.6,8.71,8.5,8.71,-1.0
8.72,8.72,8.53,8.56,-1.0
8.56,8.56,8.18,8.18,-1.0
8.18,8.18,7.85,7.99,1.0
7.9,7.95,7.79,7.94,-1.0
7.89,8.04,7.82,7.88,-1.0
7.89,7.97,7.74,7.76,-1.0
7.68,7.68,7.3,7.36,1.0
7.35,7.58,7.35,7.45,1.0
7.45,7.58,7.4,7.5,1.0
7.5,7.65,7.41,7.51,0.0
7.52,7.62,7.28,7.52,-1.0
7.42,7.6,7.31,7.31,1.0
7.11,7.25,7.04,7.2,-1.0
7.2,7.33,6.48,6.54,-1.0
6.48,6.54,5.89,6.4,1.0
6.32,6.49,6.3,6.49,-1.0
6.5,6.58,6.3,6.31,-1.0
6.24,6.4,6.09,6.15,1.0
6.2,6.3,6.03,6.3,1.0
6.3,6.36,6.23,6.36,-1.0
6.36,6.36,6.16,6.35,1.0
6.29,6.54,6.23,6.5,-1.0
6.56,6.58,6.47,6.53,0.0
6.31,6.52,6.31,6.31,1.0
6.31,6.43,6.18,6.4,1.0
6.37,6.85,6.33,6.78,1.0
6.78,7.4,6.66,7.19,1.0
7.1,7.3,7.03,7.25,-1.0
7.25,7.39,7.13,7.23,-1.0
7.22,7.23,7.03,7.12,-1.0
7.14,7.24,6.92,6.92,-1.0
6.94,7.01,6.71,6.72,-1.0
6.72,6.84,6.51,6.62,1.0
6.6,6.68,6.5,6.65,1.0
6.66,6.9,6.55,6.84,-1.0
6.88,6.88,6.67,6.76,-1.0
6.73,6.79,6.61,6.64,-1.0
6.61,6.67,6.48,6.54,-1.0
6.51,6.52,6.33,6.38,1.0
6.38,6.66,6.36,6.54,-1.0
6.54,6.62,6.44,6.45,1.0
6.5,6.69,6.49,6.69,1.0
6.69,6.89,6.64,6.89,1.0
6.87,7.04,6.84,7.04,-1.0
7.05,7.06,6.9,6.95,-1.0
6.94,7.01,6.88,6.88,1.0
6.83,6.95,6.82,6.89,1.0
6.9,7.22,6.86,7.18,1.0
7.14,7.29,7.07,7.2,1.0
7.18,7.23,7.1,7.19,1.0
7.21,7.91,7.2,7.91,1.0
8.1,8.7,8.0,8.42,-1.0
8.18,8.6,7.97,8.07,1.0
7.95,8.24,7.72,8.2,-1.0
8.08,8.19,7.83,7.97,1.0
7.9,8.15,7.8,7.97,-1.0
7.98,8.01,7.73,7.76,1.0
7.81,7.86,7.59,7.84,1.0
7.85,7.97,7.77,7.93,1.0
7.85,7.94,7.74,7.89,-1.0
7.89,7.89,7.7,7.71,-1.0
7.71,7.74,7.58,7.63,-1.0
7.59,7.72,7.35,7.4,1.0
7.41,7.48,7.3,7.48,1.0
7.5,7.65,7.4,7.63,-1.0
7.63,7.65,7.5,7.53,-1.0
7.53,7.66,7.45,7.45,1.0
7.46,7.6,7.4,7.57,1.0
7.61,7.78,7.5,7.69,-1.0
7.66,7.66,7.4,7.54,-1.0
7.55,7.57,7.4,7.46,-1.0
7.43,7.5,7.38,7.42,1.0
7.45,7.49,7.4,7.48,1.0
7.48,7.56,7.42,7.55,1.0
7.56,7.84,7.51,7.7,1.0
7.72,7.82,7.6,7.81,1.0
7.78,7.91,7.71,7.91,-1.0
7.91,7.93,7.63,7.73,-1.0
7.74,7.8,7.5,7.53,-1.0
7.55,7.55,7.31,7.33,1.0
7.33,7.45,7.33,7.44,1.0
7.44,7.69,7.4,7.54,1.0
7.52,7.67,7.51,7.67,1.0
7.62,8.04,7.61,7.95,-1.0
7.9,7.98,7.72,7.85,1.0
7.83,8.13,7.8,8.02,1.0
8.03,8.22,7.96,8.14,1.0
8.06,8.34,8.06,8.27,1.0
8.2,8.37,8.0,8.28,-1.0
8.25,8.3,8.0,8.03,1.0
7.91,8.18,7.75,7.96,0.0
7.98,7.99,7.8,7.98,-1.0
8.0,8.0,7.86,7.92,-1.0
7.97,8.01,7.75,7.76,-1.0
7.75,7.75,7.46,7.52,-1.0
7.52,7.57,7.36,7.41,1.0
7.45,7.62,7.38,7.6,-1.0
7.62,7.64,6.9,7.02,-1.0
7.02,7.08,6.92,6.97,-1.0
6.98,7.0,6.71,6.97,0.0
6.97,7.0,6.81,6.97,1.0
6.97,7.0,6.89,7.0,1.0
6.99,7.05,6.88,7.0,1.0
7.02,7.56,7.0,7.37,-1.0
7.45,7.5,7.08,7.15,-1.0
6.98,7.02,6.47,6.49,-1.0
6.55,6.56,6.41,6.5,-1.0
6.54,6.6,6.45,6.46,1.0
6.45,6.58,6.25,6.49,-1.0
6.56,6.59,6.27,6.42,1.0
6.35,6.56,6.31,6.44,1.0
6.46,6.68,6.46,6.66,1.0
6.66,6.86,6.61,6.83,1.0
6.86,6.9,6.74,6.87,-1.0
6.87,6.87,6.69,6.79,-1.0
6.79,6.85,6.71,6.73,-1.0
6.74,6.83,6.69,6.73,1.0
6.75,6.8,6.72,6.8,1.0
6.81,6.89,6.79,6.87,1.0
6.88,6.99,6.84,6.92,1.0
6.91,6.98,6.86,6.97,-1.0
6.81,6.81,6.37,6.48,1.0
6.42,6.65,6.42,6.6,1.0
6.59,6.76,6.56,6.71,1.0
6.71,6.84,6.7,6.81,-1.0
6.83,6.92,6.79,6.82,1.0
6.86,6.96,6.82,6.92,-1.0
6.95,6.95,6.84,6.92,-1.0
6.91,6.91,6.7,6.77,1.0
6.76,6.94,6.74,6.93,1.0
6.9,7.08,6.85,6.94,-1.0
6.91,6.93,6.79,6.8,-1.0
6.83,6.83,6.68,6.7,1.0
6.7,6.78,6.66,6.71,-1.0
6.74,6.82,6.72,6.73,-1.0
6.76,6.76,6.6,6.64,0.0
6.66,6.71,6.56,6.66,1.0
6.63,6.91,6.63,6.85,1.0
6.85,6.89,6.81,6.88,-1.0
7.01,7.17,6.85,6.86,1.0
6.8,6.96,6.76,6.92,1.0
6.96,7.05,6.92,7.02,-1.0
7.0,7.03,6.87,6.9,1.0
6.91,6.94,6.86,6.92,1.0
6.92,7.19,6.92,7.12,1.0
7.18,7.45,7.11,7.33,1.0
7.22,7.34,7.0,7.34,-1.0
7.31,7.5,7.21,7.3,-1.0
7.25,7.28,7.01,7.03,-1.0
7.03,7.03,6.68,6.68,1.0
6.64,6.75,6.61,6.7,1.0
6.7,6.82,6.63,6.81,1.0
6.82,6.93,6.78,6.88,-1.0
6.86,6.91,6.81,6.83,-1.0
6.83,6.87,6.66,6.67,1.0
6.67,6.79,6.65,6.74,1.0
6.72,6.83,6.7,6.83,1.0
6.83,7.0,6.76,6.99,1.0
7.0,7.15,6.95,7.06,1.0
7.02,7.14,7.02,7.07,-1.0
7.11,7.17,7.03,7.08,1.0
7.05,7.15,7.0,7.07,1.0
7.06,7.13,7.03,7.11,-1.0
7.1,7.12,7.02,7.07,1.0
7.0,7.28,7.0,7.27,1.0
7.27,7.42,7.25,7.4,-1.0
7.4,7.45,7.26,7.32,1.0
7.32,7.51,7.29,7.51,-1.0
7.48,7.53,7.31,7.35,1.0
7.36,7.51,7.33,7.48,1.0
7.49,7.63,7.46,7.62,1.0
7.59,7.75,7.52,7.64,1.0
7.64,7.79,7.6,7.77,-1.0
7.79,7.85,7.48,7.48,-1.0
7.45,7.57,7.32,7.39,1.0
7.35,7.55,7.33,7.55,-1.0
7.52,7.69,7.34,7.4,-1.0
7.33,7.35,7.07,7.25,-1.0
7.22,7.35,7.12,7.12,1.0
7.08,7.35,7.02,7.33,1.0
7.33,7.52,7.29,7.49,1.0
7.45,7.48,7.34,7.46,1.0
7.49,7.63,7.44,7.52,1.0
7.46,7.52,7.33,7.49,-1.0
7.53,7.54,7.33,7.35,-1.0
7.35,7.35,6.93,6.99,1.0
6.94,7.09,6.92,7.06,1.0
7.05,7.12,6.98,7.06,1.0
7.06,7.16,7.04,7.1,1.0
7.06,7.13,7.04,7.1,1.0
7.08,7.24,7.08,7.22,0.0
7.22,7.28,7.18,7.22,1.0
7.21,7.32,7.21,7.25,-1.0
7.26,7.28,7.04,7.04,1.0
7.05,7.19,6.95,7.18,1.0
7.18,7.4,7.15,7.38,1.0
7.3,7.41,7.28,7.35,1.0
7.38,7.46,7.34,7.45,-1.0
7.45,7.45,7.21,7.22,1.0
7.27,7.59,7.23,7.58,-1.0
7.61,7.68,7.4,7.58,1.0
7.48,7.71,7.34,7.65,-1.0
7.58,7.65,7.47,7.48,1.0
7.48,7.64,7.44,7.62,-1.0
7.57,7.58,7.45,7.53,0.0
7.5,7.56,7.4,7.5,1.0
7.49,7.63,7.47,7.6,-1.0
7.6,7.63,7.45,7.46,-1.0
7.44,7.49,7.35,7.42,1.0
7.4,7.54,7.38,7.53,1.0
7.51,7.66,7.48,7.54,1.0
7.52,7.63,7.48,7.6,1.0
7.61,7.85,7.58,7.8,-1.0
7.73,7.73,7.5,7.54,-1.0
7.5,7.52,7.29,7.3,1.0
7.31,7.58,7.31,7.57,-1.0
7.56,7.68,7.48,7.54,-1.0
7.49,7.5,7.33,7.43,-1.0
7.37,7.43,7.15,7.15,-1.0
7.14,7.15,6.89,6.92,1.0
6.9,7.1,6.9,7.05,1.0
7.05,7.17,7.03,7.16,1.0
7.16,7.68,7.02,7.65,-1.0
7.66,7.75,7.55,7.64,1.0
7.65,8.15,7.58,7.96,0.0
7.96,7.96,7.96,7.96,0.0
7.96,7.96,7.96,7.96,0.0
7.96,7.96,7.96,7.96,0.0
7.96,7.96,7.96,7.96,0.0
7.96,7.96,7.96,7.96,0.0
7.96,7.96,7.96,7.96,0.0
7.96,7.96,7.96,7.96,0.0
7.96,7.96,7.96,7.96,0.0
7.96,7.96,7.96,7.96,0.0
7.96,7.96,7.96,7.96,0.0
7.96,7.96,7.96,7.96,0.0
7.96,7.96,7.96,7.96,0.0
7.96,7.96,7.96,7.96,0.0
7.96,7.96,7.96,7.96,0.0
7.96,7.96,7.96,7.96,0.0
7.96,7.96,7.96,7.96,0.0
7.96,7.96,7.96,7.96,0.0
7.96,7.96,7.96,7.96,0.0
7.96,7.96,7.96,7.96,0.0
7.96,7.96,7.96,7.96,0.0
7.96,7.96,7.96,7.96,0.0
7.96,7.96,7.96,7.96,0.0
7.96,7.96,7.96,7.96,0.0
7.96,7.96,7.96,7.96,0.0
7.96,7.96,7.96,7.96,0.0
7.96,7.96,7.96,7.96,0.0
7.96,7.96,7.96,7.96,0.0
7.96,7.96,7.96,7.96,0.0
7.96,7.96,7.96,7.96,0.0
7.96,7.96,7.96,7.96,0.0
7.96,7.96,7.96,7.96,0.0
7.96,7.96,7.96,7.96,0.0
7.96,7.96,7.96,7.96,0.0
7.96,7.96,7.96,7.96,0.0
7.96,7.96,7.96,7.96,0.0
7.96,7.96,7.96,7.96,0.0
7.96,7.96,7.96,7.96,0.0
7.96,7.96,7.96,7.96,0.0
7.96,7.96,7.96,7.96,0.0
7.96,7.96,7.96,7.96,0.0
7.96,7.96,7.96,7.96,0.0
7.96,7.96,7.96,7.96,0.0
7.96,7.96,7.96,7.96,0.0
7.96,7.96,7.96,7.96,0.0
7.96,7.96,7.96,7.96,0.0
7.96,7.96,7.96,7.96,0.0
7.96,7.96,7.96,7.96,0.0
7.96,7.96,7.96,7.96,0.0
7.96,7.96,7.96,7.96,0.0
7.96,7.96,7.96,7.96,0.0
7.96,7.96,7.96,7.96,0.0
7.96,7.96,7.96,7.96,0.0
7.96,7.96,7.96,7.96,0.0
7.96,7.96,7.96,7.96,0.0
7.96,7.96,7.96,7.96,0.0
7.96,7.96,7.96,7.96,0.0
7.96,7.96,7.96,7.96,0.0
7.96,7.96,7.96,7.96,0.0
7.96,7.96,7.96,7.96,0.0
8.76,8.76,8.76,8.76,0.0
9.64,9.64,9.64,9.64,0.0
10.6,10.6,10.6,10.6,0.0
11.66,11.66,11.66,11.66,-1.0
12.01,12.78,11.66,11.7,-1.0
11.33,11.74,11.1,11.15,-1.0
11.14,11.33,10.92,11.0,1.0
11.0,11.58,10.92,11.28,-1.0
11.3,11.38,11.07,11.25,-1.0
11.37,11.55,11.14,11.25,-1.0
11.11,11.23,10.8,11.08,1.0
11.2,11.68,11.13,11.27,1.0
11.16,11.35,10.9,11.33,-1.0
11.26,11.47,11.06,11.13,1.0
11.15,11.62,11.05,11.29,1.0
11.21,11.43,11.1,11.25,-1.0
11.15,11.22,11.0,11.09,-1.0
11.16,11.16,10.95,11.07,-1.0
11.07,11.07,10.3,10.41,-1.0
10.38,10.51,10.1,10.22,1.0
10.25,10.43,10.12,10.32,1.0
10.29,10.49,10.15,10.46,1.0
10.4,10.59,10.36,10.52,1.0
10.47,10.71,10.36,10.69,1.0
10.64,10.83,10.62,10.79,-1.0
10.79,10.88,10.66,10.72,-1.0
10.98,11.2,10.75,10.9,-1.0
10.92,10.96,10.68,10.91,1.0
10.87,11.06,10.75,11.03,1.0
11.0,11.2,10.91,11.1,1.0
11.03,11.16,11.03,11.14,1.0
11.17,11.43,11.03,11.18,-1.0
11.18,11.22,10.6,10.6,1.0
10.61,10.8,10.5,10.72,-1.0
10.8,10.99,10.63,10.67,1.0
10.8,11.17,10.68,11.07,-1.0
10.94,11.06,10.82,10.87,1.0
10.82,11.1,10.81,10.99,1.0
10.97,11.16,10.92,11.11,1.0
11.48,12.2,11.41,11.6,-1.0
11.58,11.58,11.24,11.3,1.0
11.31,11.47,11.25,11.33,-1.0
11.35,11.41,11.31,11.34,1.0
11.34,11.42,11.25,11.38,1.0
11.39,11.87,11.34,11.46,-1.0
11.45,11.46,11.18,11.27,1.0
11.22,11.36,11.02,11.25,1.0
11.2,11.47,11.2,11.39,-1.0
11.35,11.45,11.24,11.27,-1.0
11.2,11.33,10.92,11.02,-1.0
10.94,11.03,10.46,10.62,1.0
10.67,10.95,10.65,10.93,-1.0
10.95,11.03,10.81,10.82,-1.0
10.87,10.93,10.6,10.62,0.0
10.62,10.62,10.62,10.62,0.0
10.62,10.62,10.62,10.62,0.0
10.62,10.62,10.62,10.62,0.0
10.62,10.62,10.62,10.62,0.0
10.62,10.62,10.62,10.62,0.0
10.62,10.62,10.62,10.62,-1.0
11.19,11.68,10.86,11.01,-1.0
10.9,10.95,10.64,10.8,1.0
10.81,11.45,10.71,11.33,1.0
11.24,11.57,11.15,11.31,1.0
11.31,11.42,11.2,11.32,-1.0
11.35,11.57,11.16,11.33,-1.0
11.38,11.48,11.22,11.34,-1.0
11.34,11.4,10.7,10.78,1.0
10.64,11.06,10.63,10.96,-1.0
10.91,11.05,10.6,10.6,-1.0
10.78,10.78,10.41,10.48,1.0
10.52,10.78,10.4,10.76,-1.0
10.75,10.79,10.62,10.73,1.0
10.74,10.92,10.67,10.83,-1.0
10.83,11.0,10.72,10.82,0.0
10.82,10.87,10.69,10.82,-1.0
10.92,10.92,10.73,10.84,1.0
10.82,10.95,10.75,10.9,1.0
10.94,11.19,10.88,11.18,-1.0
11.15,11.2,11.0,11.11,1.0
11.1,11.4,11.03,11.24,-1.0
11.31,11.4,11.15,11.29,-1.0
11.3,11.38,11.13,11.17,1.0
11.25,11.66,11.03,11.62,-1.0
11.63,11.7,11.43,11.54,-1.0
11.49,11.5,10.8,11.19,-1.0
11.1,11.4,11.01,11.04,-1.0
11.02,11.19,10.6,10.72,1.0
10.67,10.93,10.52,10.83,1.0
10.85,11.16,10.73,11.16,-1.0
11.11,11.18,10.94,11.06,1.0
11.06,11.52,11.0,11.47,-1.0
11.41,11.54,11.22,11.33,1.0
11.32,11.33,11.12,11.33,-1.0
11.3,11.49,11.2,11.26,-1.0
11.24,11.32,11.06,11.17,-1.0
11.01,11.06,10.05,10.06,1.0
10.16,10.84,10.16,10.6,1.0
10.68,10.9,10.52,10.77,1.0
10.77,11.37,10.66,11.12,1.0
11.11,11.23,11.03,11.13,-1.0
11.13,11.29,10.86,11.01,1.0
10.99,11.14,10.8,11.03,1.0
11.1,11.29,10.9,11.29,-1.0
11.31,11.31,11.05,11.1,1.0
11.05,11.29,10.91,11.23,-1.0
11.24,11.32,11.1,11.23,-1.0
11.26,11.47,10.95,11.22,1.0
11.15,11.32,11.1,11.22,1.0
11.1,11.37,10.9,11.12,1.0
11.12,11.68,10.95,11.38,-1.0
11.33,11.45,11.01,11.11,1.0
11.11,11.34,11.11,11.19,1.0
11.16,11.34,11.15,11.19,1.0
11.08,11.37,10.82,11.32,1.0
11.28,12.45,11.2,12.33,1.0
12.15,12.65,12.08,12.4,-1.0
12.39,12.5,12.22,12.31,-1.0
12.26,12.39,11.8,11.92,1.0
11.92,12.55,11.91,12.55,-1.0
12.65,12.89,12.25,12.32,-1.0
12.32,12.45,12.03,12.2,1.0
12.21,12.58,12.11,12.4,-1.0
12.55,12.58,11.8,11.8,-1.0
11.67,11.67,11.4,11.48,1.0
11.45,11.64,11.45,11.54,-1.0
11.56,11.62,11.32,11.37,1.0
11.42,11.64,11.28,11.44,-1.0
11.45,11.5,11.24,11.33,-1.0
11.35,11.36,11.08,11.19,-1.0
11.21,11.3,11.1,11.19,0.0
11.26,11.35,11.18,11.26,0.0
11.26,11.35,11.21,11.26,1.0
11.29,11.5,11.29,11.48,0.0
11.51,11.54,11.38,11.51,1.0
11.51,11.6,11.44,11.56,-1.0
11.56,11.6,11.39,11.4,1.0
11.4,11.58,11.35,11.57,1.0
11.57,11.65,11.49,11.63,1.0
11.65,12.07,11.64,12.0,1.0
11.86,12.16,11.82,12.0,1.0
12.13,12.5,12.08,12.39,-1.0
12.3,12.39,11.99,12.07,1.0
12.1,12.3,11.83,12.21,1.0
12.08,13.35,12.03,13.12,1.0
13.09,13.12,12.8,13.1,-1.0
13.13,13.9,12.81,12.9,1.0
13.04,13.69,12.59,13.43,1.0
13.21,13.6,13.17,13.23,1.0
13.29,13.39,13.15,13.3,0.0
13.3,13.3,13.3,13.3,0.0
13.3,13.3,13.3,13.3,0.0
13.3,13.3,13.3,13.3,0.0
13.3,13.3,13.3,13.3,0.0
13.3,13.3,13.3,13.3,0.0
13.3,13.3,13.3,13.3,0.0
13.3,13.3,13.3,13.3,0.0
13.3,13.3,13.3,13.3,0.0
13.3,13.3,13.3,13.3,0.0
14.63,14.63,14.03,14.63,1.0
15.11,16.09,15.0,16.09,1.0
16.15,17.3,15.8,16.86,1.0
16.67,17.35,16.57,17.24,1.0
17.0,18.05,16.79,17.79,-1.0
17.8,18.88,17.68,17.75,1.0
17.85,18.49,17.4,18.3,1.0
18.21,19.15,17.53,18.97,1.0
18.35,19.58,18.15,19.0,1.0
18.7,20.0,18.46,19.53,-1.0
19.7,19.99,19.25,19.43,-1.0
19.34,19.34,18.4,18.78,1.0
18.53,18.95,18.18,18.63,1.0
18.77,19.5,18.3,19.49,1.0
19.5,21.08,18.9,20.14,1.0
20.1,21.1,19.82,20.72,1.0
20.85,21.5,20.22,21.36,-1.0
21.69,21.97,21.0,21.28,1.0
21.06,21.95,20.8,21.8,-1.0
21.51,21.99,21.02,21.17,-1.0
21.17,21.22,20.0,20.69,1.0
20.38,20.93,20.1,20.78,-1.0
20.56,20.74,20.16,20.3,1.0
20.31,20.68,19.91,20.57,-1.0
20.41,20.57,19.21,19.67,-1.0
19.67,20.09,19.31,19.64,1.0
19.64,21.25,19.41,21.0,1.0
21.3,21.88,21.0,21.8,1.0
21.93,22.5,21.9,22.4,1.0
22.43,22.7,22.3,22.6,-1.0
22.54,22.78,22.25,22.4,1.0
22.11,23.22,22.0,23.03,-1.0
23.0,23.0,22.1,22.6,1.0
22.35,23.73,22.02,23.51,1.0
23.26,23.7,22.94,23.6,-1.0
23.53,24.25,23.29,23.3,1.0
23.34,23.98,22.71,23.74,1.0
24.0,26.11,24.0,26.11,1.0
26.2,28.45,24.72,27.43,1.0
27.55,28.43,27.29,28.32,1.0
28.4,30.2,27.8,29.88,-1.0
29.88,30.15,27.01,27.42,1.0
27.02,29.99,24.71,29.65,1.0
29.47,31.28,28.95,30.65,1.0
30.9,31.2,29.65,30.98,1.0
30.98,32.31,30.15,31.5,-1.0
31.85,32.32,28.55,30.52,-1.0
30.6,31.45,29.77,30.1,1.0
29.99,30.1,29.0,30.1,-1.0
30.18,30.4,29.0,29.15,1.0
28.8,32.01,28.8,32.0,-1.0
32.05,33.09,31.06,31.92,-1.0
31.93,32.6,31.0,31.85,-1.0
31.8,32.6,30.49,31.0,-1.0
30.01,30.98,28.4,30.0,1.0
30.4,30.5,28.71,30.5,-1.0
30.25,30.26,28.69,28.69,1.0
27.45,29.35,26.29,29.0,1.0
28.93,29.0,26.88,29.0,1.0
29.37,30.99,28.55,29.85,-1.0
29.82,30.1,28.2,28.81,-1.0
27.06,29.0,25.93,25.93,-1.0
26.6,26.6,23.34,23.34,0.0
23.34,23.34,23.34,23.34,0.0
23.34,23.34,23.34,23.34,0.0
23.34,23.34,23.34,23.34,0.0
23.34,23.34,23.34,23.34,0.0
23.34,23.34,23.34,23.34,0.0
23.34,23.34,23.34,23.34,0.0
23.34,23.34,23.34,23.34,0.0
23.34,23.34,23.34,23.34,0.0
23.34,23.34,23.34,23.34,1.0
22.5,25.67,21.55,25.67,1.0
24.55,26.25,23.5,25.0,1.0
23.82,24.99,23.82,24.99,0.0
24.99,25.69,23.88,24.99,1.0
24.99,26.8,24.5,25.36,1.0
26.0,27.9,25.8,27.9,1.0
28.9,30.47,27.5,30.34,1.0
30.52,31.6,29.31,30.8,1.0
30.0,31.54,29.88,30.92,-1.0
30.7,30.92,29.77,30.5,-1.0
29.7,30.01,27.45,27.45,1.0
24.9,27.52,24.71,25.95,-1.0
25.3,26.5,23.36,24.0,-1.0
23.98,23.98,21.6,21.6,1.0
20.2,22.33,20.0,21.8,-1.0
21.8,21.8,19.62,19.62,1.0
19.61,21.5,17.66,21.0,-1.0
19.9,20.5,19.11,19.18,-1.0
18.2,18.69,17.69,17.81,1.0
18.1,18.87,18.1,18.67,1.0
19.01,20.5,18.9,20.16,1.0
20.32,21.79,19.78,21.14,-1.0
20.72,21.16,19.71,19.71,1.0
19.6,20.0,19.4,19.94,1.0
20.13,21.42,20.13,21.21,-1.0
21.5,21.51,20.46,20.89,-1.0
20.87,21.66,19.58,19.77,1.0
19.2,20.83,17.85,20.45,-1.0
20.0,20.88,19.5,19.85,-1.0
19.51,19.6,17.87,17.89,-1.0
16.98,16.99,16.1,16.1,0.0
14.49,14.6,14.49,14.49,0.0
13.04,14.31,13.04,13.04,-1.0
12.98,13.45,11.74,12.21,1.0
12.48,13.43,12.26,13.43,-1.0
13.5,14.08,12.8,12.86,-1.0
12.63,12.8,11.57,11.57,-1.0
10.63,11.88,10.43,10.43,1.0
10.73,11.2,10.72,10.92,1.0
10.92,11.9,10.86,11.87,1.0
11.98,13.06,11.9,12.89,-1.0
13.1,13.1,12.45,12.47,1.0
12.41,12.83,12.27,12.66,-1.0
12.67,12.82,11.39,11.39,-1.0
10.81,11.39,10.25,10.25,1.0
10.31,11.28,10.2,11.28,-1.0
11.17,11.68,10.8,10.85,1.0
10.94,11.15,10.75,11.03,1.0
10.85,11.77,10.7,11.66,1.0
11.69,12.3,11.61,12.24,-1.0
11.93,12.17,11.7,11.92,1.0
11.92,12.3,11.92,12.1,-1.0
12.09,12.15,11.25,11.41,1.0
11.4,11.8,11.22,11.73,-1.0
11.59,11.72,11.39,11.53,1.0
11.58,12.1,11.58,11.85,-1.0
12.5,12.6,12.2,12.37,1.0
12.3,12.84,12.28,12.71,1.0
12.97,13.98,12.82,13.78,1.0
13.6,14.16,13.46,13.96,1.0
13.86,15.36,13.6,15.36,1.0
15.3,15.98,14.68,15.75,-1.0
15.53,15.74,15.02,15.39,-1.0
15.4,15.48,14.6,14.78,1.0
14.79,15.2,14.7,15.15,-1.0
15.21,15.24,13.64,13.64,1.0
13.42,14.6,13.42,14.44,1.0
14.41,14.84,14.15,14.75,1.0
15.09,15.71,15.01,15.48,1.0
15.16,15.44,14.28,15.27,-1.0
15.16,15.16,14.35,14.48,1.0
14.57,14.85,14.21,14.67,1.0
14.6,14.9,14.2,14.79,1.0
14.34,15.14,14.2,14.68,1.0
14.7,15.37,14.7,15.22,1.0
15.38,16.26,15.21,16.03,-1.0
15.9,16.39,15.6,15.75,1.0
15.72,16.2,15.63,16.17,1.0
15.9,16.24,15.55,16.03,1.0
15.84,16.53,15.55,16.43,1.0
16.38,16.97,16.07,16.9,1.0
16.88,17.89,16.68,17.44,-1.0
17.16,17.19,16.4,16.59,1.0
16.12,17.05,16.12,16.97,-1.0
17.1,17.34,16.6,16.69,-1.0
16.71,16.87,16.1,16.12,1.0
16.25,16.55,16.04,16.54,1.0
16.54,17.15,16.46,16.98,1.0
17.08,17.97,17.0,17.49,1.0
17.25,17.95,17.03,17.9,1.0
17.8,18.81,17.8,18.7,-1.0
18.62,19.7,18.31,18.5,-1.0
18.2,18.81,16.8,17.2,-1.0
17.4,17.43,15.7,17.2,1.0
16.92,17.75,16.61,17.56,-1.0
17.45,17.56,16.2,16.87,1.0
16.94,17.43,16.72,17.33,1.0
17.14,17.56,16.91,17.17,-1.0
17.37,17.39,17.0,17.28,-1.0
17.1,17.2,16.51,16.54,-1.0
16.35,16.69,15.91,16.11,1.0
16.2,16.48,16.02,16.25,-1.0
16.13,16.14,15.73,15.93,1.0
15.78,16.63,15.58,16.55,1.0
16.94,17.23,16.85,16.99,1.0
17.16,17.38,17.01,17.3,1.0
17.29,17.82,17.29,17.66,-1.0
17.67,17.77,17.13,17.39,1.0
17.46,18.15,17.31,18.04,-1.0
18.04,18.09,17.64,18.01,-1.0
18.32,18.92,17.52,17.68,-1.0
17.55,17.68,17.07,17.3,1.0
17.08,17.75,17.08,17.58,-1.0
17.58,17.73,16.7,16.7,1.0
16.7,17.35,16.7,17.26,1.0
17.24,17.64,17.16,17.6,-1.0
17.7,17.73,16.9,16.9,-1.0
16.88,17.14,15.3,15.34,-1.0
14.5,15.49,14.0,14.44,1.0
14.49,15.03,14.4,14.97,-1.0
14.67,14.78,13.49,13.56,-1.0
14.0,14.09,12.22,13.9,-1.0
13.54,13.96,12.51,12.51,1.0
12.58,12.93,12.36,12.73,-1.0
12.95,13.1,12.01,12.1,1.0
11.85,12.87,11.8,12.75,-1.0
12.7,13.13,12.29,12.62,1.0
12.25,13.09,12.15,12.84,1.0
12.69,13.34,12.68,13.26,-1.0
13.26,13.45,12.98,13.24,-1.0
12.9,13.31,12.5,12.5,1.0
12.58,13.14,12.38,13.09,-1.0
13.3,13.31,13.01,13.19,-1.0
13.0,13.33,12.01,12.16,-1.0
12.24,12.5,11.0,12.0,-1.0
12.0,12.2,11.7,11.75,1.0
11.75,12.35,11.7,12.2,-1.0
12.24,12.24,11.75,12.16,1.0
12.2,12.59,12.14,12.51,1.0
12.3,12.45,12.0,12.37,1.0
12.35,12.67,12.31,12.54,-1.0
12.53,12.69,12.18,12.46,1.0
12.02,12.38,11.96,12.33,1.0
12.44,12.8,12.38,12.8,1.0
12.77,13.03,12.61,12.99,1.0
13.03,13.13,12.88,13.06,1.0
13.0,13.8,12.96,13.75,1.0
14.01,14.28,13.81,14.2,-1.0
14.2,14.23,13.82,14.09,0.0
13.95,14.18,13.52,13.95,-1.0
13.85,13.9,12.56,12.56,-1.0
13.2,13.21,12.3,12.62,-1.0
12.65,12.7,11.4,11.67,1.0
11.7,12.09,11.54,11.95,1.0
11.94,12.6,11.89,12.48,1.0
12.5,12.86,12.4,12.66,-1.0
12.6,12.65,11.71,12.27,1.0
12.24,12.66,12.24,12.6,-1.0
13.7,13.7,12.88,13.32,1.0
13.03,13.59,12.91,13.3,-1.0
13.38,13.5,13.05,13.16,-1.0
12.96,13.16,12.6,12.9,1.0
13.22,13.88,13.16,13.81,1.0
13.66,14.08,13.65,14.08,-1.0
14.41,14.96,13.95,13.98,1.0
13.83,14.47,13.8,14.33,1.0
14.46,14.97,14.21,14.94,1.0
15.09,15.28,14.94,15.15,1.0
15.01,15.77,14.92,15.58,1.0
15.59,15.79,15.2,15.62,1.0
15.64,16.77,15.6,16.19,1.0
16.04,16.35,15.71,16.07,-1.0
16.16,16.43,15.52,15.59,1.0
15.47,15.81,15.21,15.65,1.0
15.75,16.85,15.74,16.76,-1.0
16.98,17.68,16.61,16.71,1.0
16.78,17.66,16.6,17.63,1.0
17.9,18.2,17.61,18.01,1.0
17.79,19.35,17.5,19.03,-1.0
18.92,19.67,18.71,18.75,-1.0
18.5,18.6,17.5,18.09,-1.0
19.2,19.88,18.42,18.7,-1.0
18.36,18.5,16.83,16.88,-1.0
17.0,17.56,16.88,16.97,1.0
17.05,17.25,16.63,17.24,-1.0
17.2,17.22,16.81,16.96,-1.0
7.7,7.95,7.51,7.6,-1.0
7.57,7.67,7.25,7.39,-1.0
7.4,7.47,6.65,6.79,-1.0
6.74,6.84,6.55,6.58,1.0
