OPEN,HIGH,LOW,CLOSE,UPDOWN
12.18,13.38,11.88,12.78,1.0
11.5,13.4,11.5,13.34,-1.0
13.25,13.3,12.5,12.61,-1.0
12.59,12.87,12.0,12.15,-1.0
12.2,12.37,11.58,11.76,-1.0
11.7,12.1,11.3,11.38,1.0
11.78,12.1,11.39,11.95,-1.0
11.81,12.1,11.2,11.49,1.0
11.49,11.78,11.43,11.65,-1.0
11.74,11.74,11.18,11.3,0.0
11.25,11.6,10.92,11.25,-1.0
11.25,11.3,10.4,10.55,-1.0
10.61,10.8,9.5,9.9,-1.0
9.9,10.32,9.61,9.88,-1.0
9.97,10.26,9.79,9.94,-1.0
10.02,10.41,9.68,9.78,1.0
9.81,10.25,9.4,9.94,1.0
10.01,10.27,9.81,10.16,-1.0
10.1,10.29,9.88,9.91,1.0
9.91,10.71,9.78,10.56,1.0
10.78,10.9,10.5,10.9,-1.0
10.98,10.98,10.5,10.85,-1.0
10.85,10.87,10.5,10.53,1.0
10.53,10.8,10.38,10.56,-1.0
10.7,10.76,10.5,10.6,-1.0
10.71,11.04,10.6,10.67,1.0
10.58,10.78,10.27,10.6,-1.0
10.8,10.8,10.45,10.5,-1.0
10.5,10.65,10.15,10.2,1.0
10.1,10.5,10.0,10.3,-1.0
10.3,10.3,10.01,10.08,1.0
10.05,10.5,10.0,10.2,-1.0
9.8,10.05,9.65,9.72,1.0
9.68,10.4,9.65,10.22,1.0
10.22,11.0,10.1,10.9,1.0
10.9,11.19,10.8,10.99,-1.0
11.28,11.48,11.0,11.18,-1.0
11.22,11.3,11.0,11.05,1.0
10.91,11.64,10.9,11.63,-1.0
11.6,11.76,11.28,11.5,0.0
11.65,11.81,11.5,11.65,-1.0
11.65,11.71,11.21,11.3,-1.0
11.3,11.4,10.75,10.91,1.0
10.9,11.4,10.81,11.38,-1.0
11.38,11.4,10.91,11.14,-1.0
11.58,11.58,11.15,11.36,1.0
11.3,11.9,11.3,11.68,-1.0
11.8,11.8,11.4,11.6,1.0
11.6,11.85,11.52,11.75,1.0
11.9,12.3,11.88,12.23,-1.0
12.4,12.45,12.1,12.1,1.0
12.2,12.69,12.15,12.25,1.0
12.2,12.4,11.93,12.37,-1.0
12.3,12.3,12.05,12.12,1.0
12.1,12.3,11.9,12.2,-1.0
13.0,13.0,12.23,12.39,-1.0
12.38,12.58,12.19,12.19,1.0
12.19,12.5,12.17,12.3,1.0
12.2,12.61,12.2,12.46,1.0
12.46,12.92,12.46,12.65,-1.0
12.8,12.85,12.5,12.53,-1.0
12.68,12.78,12.2,12.2,1.0
12.22,12.35,12.16,12.35,-1.0
12.3,12.34,11.88,11.98,-1.0
12.12,12.31,11.8,11.91,1.0
11.82,11.98,11.75,11.85,1.0
12.0,12.12,11.86,12.04,-1.0
12.0,12.1,11.84,11.9,1.0
11.85,12.01,11.85,11.98,1.0
11.9,12.06,11.9,11.94,-1.0
11.9,12.0,11.48,11.5,-1.0
11.5,11.52,10.35,10.6,1.0
10.8,11.25,10.7,11.2,1.0
11.15,11.58,11.0,11.5,1.0
11.48,11.5,11.0,11.5,-1.0
11.4,11.4,11.0,11.17,-1.0
11.18,11.38,10.95,11.1,-1.0
11.1,11.16,10.8,10.82,1.0
10.8,11.28,10.8,11.06,1.0
11.1,11.94,11.1,11.8,1.0
11.9,12.2,11.7,12.1,-1.0
12.09,12.35,12.0,12.0,1.0
12.0,12.32,11.96,12.08,-1.0
12.1,12.14,11.99,12.04,1.0
12.1,12.76,12.1,12.65,-1.0
12.65,13.1,12.48,12.49,-1.0
12.52,12.59,12.2,12.3,1.0
12.3,12.5,12.12,12.5,-1.0
12.58,12.7,12.31,12.4,-1.0
12.4,12.45,11.82,11.88,-1.0
11.88,12.17,11.8,11.85,1.0
11.85,12.18,11.8,12.1,1.0
12.0,12.64,12.0,12.59,1.0
12.59,13.26,11.38,12.76,1.0
12.69,13.38,12.51,13.33,-1.0
13.3,13.69,12.85,12.88,1.0
12.74,13.09,12.62,12.9,1.0
13.15,13.65,13.14,13.55,-1.0
13.45,13.65,13.1,13.26,1.0
13.35,13.6,13.2,13.48,1.0
13.5,14.13,13.38,13.75,1.0
13.55,14.14,13.55,14.1,-1.0
14.17,14.38,13.59,13.9,-1.0
13.7,13.9,13.35,13.5,1.0
13.55,13.85,13.39,13.6,1.0
13.45,13.8,13.4,13.8,-1.0
13.93,14.0,13.52,13.74,-1.0
13.76,13.91,13.4,13.45,-1.0
13.51,13.51,13.15,13.15,0.0
13.2,13.45,13.01,13.2,-1.0
13.2,13.4,13.1,13.16,-1.0
13.08,13.08,12.82,12.9,-1.0
12.7,12.82,12.36,12.68,1.0
12.57,12.79,12.53,12.7,1.0
12.8,12.88,12.5,12.88,-1.0
12.8,12.86,12.38,12.38,1.0
12.6,12.79,12.4,12.76,1.0
12.76,13.35,12.66,13.19,-1.0
13.34,13.4,12.98,13.06,-1.0
13.0,13.2,12.91,12.98,1.0
13.0,13.45,13.0,13.36,1.0
13.38,13.98,13.25,13.78,-1.0
14.08,14.1,13.7,13.86,1.0
13.86,13.95,13.71,13.94,0.0
13.9,14.05,13.8,13.9,1.0
13.91,14.32,13.82,14.29,-1.0
14.29,14.4,13.99,13.99,1.0
14.29,14.6,13.85,14.6,1.0
14.5,14.68,14.36,14.54,-1.0
14.25,14.39,13.9,13.9,1.0
13.8,14.11,13.8,14.04,1.0
14.01,14.3,13.9,14.15,1.0
14.21,14.58,13.95,14.45,-1.0
14.5,14.65,14.18,14.29,1.0
14.22,14.5,14.02,14.25,1.0
14.24,14.45,14.08,14.29,-1.0
14.36,14.55,14.09,14.18,-1.0
14.18,14.2,13.8,13.9,-1.0
14.2,14.3,13.88,14.02,1.0
14.2,14.99,14.15,14.87,1.0
15.1,15.53,15.05,15.53,-1.0
15.5,15.5,15.1,15.15,-1.0
15.34,15.34,14.93,15.06,1.0
15.1,15.28,14.98,15.2,1.0
15.15,15.38,14.9,15.25,-1.0
15.4,15.44,14.65,14.8,-1.0
14.69,14.69,13.32,13.75,1.0
13.89,14.15,13.75,13.99,1.0
13.4,14.51,13.4,14.26,1.0
14.3,14.45,14.2,14.38,-1.0
14.5,14.65,14.14,14.21,-1.0
14.0,14.48,13.95,13.98,-1.0
14.5,14.5,13.96,14.03,0.0
14.08,14.2,14.01,14.08,1.0
14.28,14.35,14.1,14.3,-1.0
14.6,14.8,14.35,14.58,-1.0
14.65,14.7,14.26,14.35,-1.0
14.3,14.39,14.08,14.15,-1.0
14.25,14.48,14.08,14.2,-1.0
14.25,14.35,14.17,14.19,-1.0
14.18,14.27,13.78,13.8,1.0
13.8,13.91,13.78,13.91,-1.0
14.01,14.18,13.89,13.9,-1.0
14.0,14.0,13.7,13.85,1.0
13.98,14.29,13.85,14.0,-1.0
14.0,14.09,13.31,13.45,1.0
13.4,13.75,13.4,13.44,-1.0
13.44,13.44,13.01,13.01,1.0
13.09,13.55,13.09,13.55,1.0
13.51,13.65,13.3,13.65,-1.0
13.3,13.49,13.03,13.05,1.0
13.65,14.18,13.3,13.99,-1.0
14.0,14.43,13.95,13.98,-1.0
14.05,14.15,13.81,13.9,1.0
13.9,14.36,13.8,14.29,1.0
14.45,14.69,14.29,14.47,-1.0
14.46,14.55,14.29,14.43,-1.0
14.5,14.68,14.2,14.32,-1.0
14.32,14.32,14.03,14.08,1.0
14.1,14.3,14.1,14.24,1.0
14.3,14.86,14.3,14.8,-1.0
14.87,14.97,14.61,14.81,-1.0
14.82,14.88,14.65,14.76,-1.0
14.73,14.76,14.5,14.58,1.0
14.5,14.68,14.47,14.52,1.0
14.61,14.83,14.57,14.75,1.0
14.75,15.35,14.75,15.25,-1.0
15.3,15.4,14.9,14.94,0.0
14.9,15.15,14.85,14.9,1.0
14.9,15.35,14.9,15.16,-1.0
15.35,15.75,15.16,15.3,1.0
15.35,15.99,15.21,15.76,1.0
15.78,16.2,15.75,16.02,-1.0
16.05,16.19,15.82,15.95,1.0
15.75,15.99,15.55,15.98,0.0
16.0,16.18,15.62,16.0,-1.0
15.88,16.15,15.7,15.8,0.0
15.8,15.8,15.8,15.8,-1.0
15.78,15.78,15.0,15.3,1.0
15.28,15.98,15.2,15.73,1.0
15.79,16.1,15.6,15.85,-1.0
15.8,16.0,15.5,15.67,1.0
15.62,15.84,15.62,15.72,-1.0
15.7,15.72,15.3,15.4,1.0
15.3,15.69,15.18,15.68,-1.0
15.58,15.68,15.3,15.43,1.0
15.4,15.97,15.35,15.7,1.0
15.71,16.5,15.7,16.42,-1.0
16.48,16.48,16.06,16.21,-1.0
16.15,16.39,15.99,16.0,1.0
16.0,16.48,15.9,16.48,1.0
16.8,17.48,16.71,17.01,1.0
17.1,17.4,16.96,17.27,-1.0
17.25,17.4,17.11,17.18,1.0
17.5,18.4,17.43,18.2,-1.0
18.19,18.3,17.91,18.07,-1.0
18.08,18.18,17.68,17.87,-1.0
17.73,18.38,17.45,17.6,1.0
17.6,18.0,17.45,18.0,-1.0
18.1,18.5,17.7,17.76,-1.0
17.65,17.75,17.2,17.3,1.0
17.31,17.51,17.3,17.44,-1.0
17.38,17.6,17.05,17.19,1.0
17.26,17.75,17.26,17.6,1.0
17.78,18.19,17.67,18.0,1.0
18.01,18.46,17.8,18.05,-1.0
18.05,18.05,17.62,17.77,-1.0
17.7,17.9,17.38,17.5,1.0
17.6,18.2,17.6,17.95,-1.0
17.95,18.09,17.68,17.83,-1.0
17.78,17.8,17.4,17.52,1.0
17.28,17.94,17.28,17.89,1.0
17.8,18.33,17.6,17.9,0.0
18.0,18.27,17.73,18.0,1.0
18.5,19.08,18.31,18.95,-1.0
18.91,18.96,17.85,18.18,-1.0
18.15,18.29,17.91,18.0,-1.0
17.8,17.94,17.4,17.55,1.0
17.56,17.8,17.45,17.79,-1.0
17.8,17.83,17.35,17.48,-1.0
17.4,17.55,17.21,17.3,1.0
17.3,17.7,17.25,17.47,-1.0
17.48,17.5,17.08,17.18,1.0
17.5,17.67,17.31,17.55,-1.0
17.5,17.55,16.81,16.93,-1.0
16.81,16.86,16.25,16.66,0.0
16.7,16.86,16.42,16.7,-1.0
16.81,17.14,16.58,16.7,1.0
17.0,17.31,16.79,17.31,1.0
17.38,17.78,17.35,17.5,1.0
17.52,18.1,17.52,17.9,-1.0
17.95,18.09,17.7,17.8,-1.0
17.9,17.9,17.27,17.36,-1.0
17.32,17.39,17.08,17.22,-1.0
17.27,17.27,16.58,16.78,-1.0
16.8,16.8,16.38,16.5,-1.0
16.98,16.98,15.95,16.05,1.0
16.06,16.36,15.89,16.32,-1.0
16.5,16.5,16.12,16.25,-1.0
16.2,16.25,15.92,15.93,1.0
15.9,16.15,15.78,15.99,1.0
16.18,16.4,16.11,16.38,-1.0
16.49,16.49,16.16,16.26,-1.0
16.5,16.5,16.25,16.33,-1.0
16.4,16.4,16.13,16.38,1.0
16.45,16.88,16.21,16.76,-1.0
16.69,16.8,16.5,16.64,1.0
16.5,16.92,16.5,16.85,-1.0
16.82,16.82,16.35,16.45,-1.0
16.22,16.22,15.58,15.7,1.0
15.7,16.1,15.6,15.99,-1.0
15.9,15.95,15.78,15.8,1.0
15.85,15.99,15.8,15.98,1.0
16.11,16.2,16.05,16.15,-1.0
16.2,16.2,15.55,15.9,-1.0
15.9,15.9,14.8,15.42,-1.0
15.4,15.4,14.99,15.1,1.0
15.1,15.38,15.01,15.22,-1.0
15.26,15.26,15.13,15.24,1.0
15.25,15.79,15.25,15.55,-1.0
15.4,15.4,15.0,15.25,1.0
15.2,15.39,15.1,15.3,-1.0
15.28,15.35,15.2,15.22,-1.0
15.35,15.6,15.15,15.21,0.0
15.21,15.21,15.21,15.21,-1.0
14.75,14.75,13.7,13.88,-1.0
13.71,13.9,13.05,13.46,-1.0
13.68,13.68,13.3,13.48,-1.0
13.4,13.58,13.08,13.18,-1.0
12.9,12.91,11.86,11.94,1.0
11.85,12.32,11.8,12.2,1.0
12.09,13.0,12.09,12.88,0.0
13.18,13.25,12.78,13.18,1.0
13.15,13.5,13.0,13.45,-1.0
13.4,14.0,13.26,13.38,-1.0
13.35,13.35,12.93,13.15,-1.0
13.2,13.35,12.98,12.98,0.0
12.82,13.0,12.68,12.82,1.0
12.68,12.83,12.68,12.73,1.0
12.6,13.15,12.35,13.13,1.0
13.1,13.35,12.81,13.18,1.0
13.1,13.6,13.1,13.32,1.0
13.2,13.5,13.2,13.36,1.0
13.36,13.78,13.36,13.64,-1.0
13.8,13.85,13.57,13.75,-1.0
13.75,13.82,13.6,13.6,1.0
13.58,13.97,13.52,13.97,1.0
13.98,14.28,13.9,14.15,-1.0
14.18,14.29,13.95,14.07,1.0
14.08,14.38,13.9,14.23,0.0
14.2,14.4,14.15,14.2,1.0
14.0,14.37,13.98,14.29,1.0
14.35,14.65,14.2,14.38,1.0
14.38,14.6,14.1,14.45,1.0
14.45,15.08,14.38,14.87,1.0
14.78,14.98,14.69,14.8,-1.0
14.8,14.9,14.65,14.7,-1.0
14.75,14.8,13.95,13.95,1.0
13.95,14.51,13.86,14.5,1.0
14.52,15.02,14.34,14.67,-1.0
14.69,14.9,14.55,14.68,1.0
14.65,14.95,14.65,14.84,-1.0
14.8,14.8,14.58,14.6,-1.0
14.66,14.94,14.62,14.65,1.0
14.5,14.74,14.35,14.57,1.0
14.6,14.9,13.15,14.9,-1.0
14.98,14.98,14.78,14.78,1.0
14.69,14.88,14.6,14.88,-1.0
15.0,15.37,14.88,14.93,-1.0
14.96,15.0,14.8,14.85,1.0
15.0,15.4,14.87,15.28,-1.0
15.47,15.47,15.01,15.05,1.0
15.07,15.3,15.07,15.17,-1.0
15.25,15.26,14.9,14.91,-1.0
14.9,14.98,14.3,14.3,1.0
14.1,14.57,14.1,14.51,-1.0
14.45,14.6,14.3,14.32,-1.0
14.24,14.3,14.05,14.22,1.0
14.24,14.54,14.2,14.48,1.0
14.52,14.68,14.44,14.68,-1.0
14.81,14.81,14.4,14.45,1.0
14.4,14.68,14.4,14.48,1.0
14.45,14.7,14.41,14.7,1.0
14.8,15.08,14.75,15.0,-1.0
15.1,15.15,14.85,14.95,1.0
14.93,15.3,14.91,15.25,1.0
15.32,15.6,15.31,15.47,1.0
15.5,15.8,15.4,15.68,-1.0
15.66,15.66,15.32,15.44,-1.0
15.4,15.48,15.2,15.35,1.0
15.4,15.65,15.37,15.5,-1.0
15.5,15.5,15.2,15.35,1.0
15.35,15.5,14.9,15.48,-1.0
15.55,15.65,15.4,15.52,1.0
15.48,15.8,15.28,15.78,1.0
15.8,15.95,15.54,15.89,1.0
15.88,16.09,15.74,15.98,-1.0
16.1,16.1,15.68,16.03,1.0
16.02,16.09,15.86,16.08,-1.0
16.05,16.43,15.5,15.57,-1.0
15.49,15.55,15.11,15.21,-1.0
15.15,15.34,15.0,15.03,-1.0
15.0,15.03,14.74,14.92,1.0
14.9,15.05,14.9,14.93,1.0
14.9,14.95,14.68,14.95,-1.0
15.02,15.04,14.8,14.86,-1.0
14.9,14.9,14.45,14.54,-1.0
14.76,14.79,14.15,14.2,1.0
14.23,14.38,14.14,14.35,-1.0
14.4,14.45,14.2,14.34,-1.0
14.35,14.35,14.0,14.1,1.0
14.0,14.3,14.0,14.3,-1.0
14.3,14.36,14.08,14.1,1.0
14.1,14.26,14.0,14.25,0.0
14.3,14.46,14.22,14.3,-1.0
14.3,14.4,14.11,14.13,-1.0
14.09,14.39,13.7,13.79,-1.0
13.79,13.9,13.38,13.4,1.0
13.42,14.05,13.42,14.03,-1.0
14.1,14.16,13.66,13.7,1.0
13.7,13.93,13.7,13.93,-1.0
13.98,14.12,13.88,13.95,-1.0
14.0,14.08,13.68,13.71,-1.0
13.61,13.75,13.4,13.45,1.0
13.7,13.89,13.4,13.84,-1.0
13.81,13.9,13.65,13.69,-1.0
13.65,13.65,13.4,13.4,0.0
13.4,13.5,13.12,13.4,1.0
13.42,13.65,13.31,13.6,-1.0
13.65,13.65,13.4,13.54,1.0
13.62,14.05,13.58,14.0,0.0
14.02,14.04,13.9,14.02,-1.0
13.98,13.98,13.8,13.81,-1.0
13.69,13.81,13.58,13.6,1.0
13.6,13.9,13.6,13.79,-1.0
13.8,13.9,13.7,13.73,1.0
13.73,14.42,13.73,14.38,-1.0
14.38,14.45,14.22,14.34,-1.0
14.33,14.38,14.18,14.2,1.0
14.18,14.38,14.05,14.35,-1.0
14.68,14.68,14.18,14.24,-1.0
14.2,14.26,13.91,13.92,0.0
13.85,13.95,13.79,13.85,1.0
13.8,13.88,13.68,13.81,-1.0
13.81,14.05,13.78,13.78,-1.0
13.8,13.8,13.59,13.66,-1.0
13.6,13.6,13.2,13.35,1.0
13.0,13.22,12.88,13.08,1.0
13.05,13.28,13.05,13.18,-1.0
13.1,13.28,12.96,12.99,-1.0
12.94,12.98,12.6,12.63,-1.0
12.55,12.65,12.4,12.42,1.0
12.45,12.75,12.45,12.74,-1.0
12.68,12.68,12.35,12.48,1.0
12.45,12.65,12.3,12.46,1.0
12.4,13.0,12.4,12.88,1.0
12.88,13.07,12.76,12.9,-1.0
12.91,12.98,12.75,12.81,-1.0
12.81,12.81,12.6,12.79,1.0
12.77,13.04,12.71,12.9,-1.0
12.9,12.9,12.64,12.64,1.0
12.64,13.08,12.59,12.97,1.0
12.91,13.17,12.89,12.99,-1.0
13.1,13.28,12.8,13.08,-1.0
13.09,13.1,12.88,12.94,-1.0
12.93,13.03,12.8,12.8,-1.0
12.73,12.8,12.67,12.7,1.0
12.71,13.09,12.65,13.09,1.0
13.1,13.28,13.05,13.18,-1.0
13.23,13.25,13.01,13.09,1.0
13.16,13.25,13.05,13.21,-1.0
13.2,13.2,12.85,12.85,1.0
12.8,13.0,12.78,12.93,-1.0
12.9,12.96,12.68,12.85,-1.0
12.82,12.82,12.65,12.68,1.0
12.68,12.9,12.3,12.79,1.0
12.78,13.06,12.7,13.05,1.0
13.04,13.17,12.95,13.09,1.0
13.07,13.24,12.93,13.2,-1.0
13.11,13.18,12.94,13.08,-1.0
13.05,13.05,12.85,12.91,-1.0
12.86,13.0,12.62,12.84,1.0
12.85,12.95,12.73,12.91,-1.0
12.8,12.8,12.6,12.62,1.0
12.63,12.8,12.6,12.66,1.0
12.66,12.88,12.59,12.87,-1.0
12.88,12.9,12.52,12.6,-1.0
12.59,12.6,12.39,12.45,1.0
12.4,12.46,12.3,12.42,0.0
12.45,12.5,12.36,12.45,-1.0
12.45,12.48,12.05,12.06,-1.0
12.0,12.0,11.65,11.8,-1.0
11.9,12.03,11.75,11.84,-1.0
11.84,11.84,11.39,11.4,-1.0
11.3,11.3,11.05,11.13,1.0
11.2,11.45,11.2,11.25,1.0
11.4,11.6,11.27,11.53,-1.0
11.75,11.75,11.58,11.63,-1.0
11.6,11.65,11.42,11.42,-1.0
11.44,11.44,11.1,11.39,1.0
11.53,11.87,11.53,11.79,-1.0
11.7,11.89,11.65,11.66,-1.0
11.66,11.66,11.1,11.26,1.0
11.2,11.42,11.2,11.37,1.0
11.37,11.6,11.35,11.43,-1.0
11.5,11.56,11.25,11.35,-1.0
11.35,11.35,11.05,11.05,1.0
11.05,11.26,10.9,11.1,-1.0
11.18,11.18,10.97,10.97,1.0
10.97,11.5,10.91,11.4,1.0
11.44,11.94,11.44,11.88,1.0
11.9,12.09,11.83,11.92,1.0
11.95,12.57,11.93,12.52,-1.0
12.6,12.75,11.93,11.98,1.0
11.96,12.4,11.8,12.3,1.0
12.5,12.97,12.35,12.85,-1.0
12.9,12.95,12.4,12.48,-1.0
12.52,12.75,11.91,12.23,1.0
12.25,12.51,12.01,12.5,0.0
12.5,12.5,12.5,12.5,-1.0
12.28,12.4,11.91,11.98,1.0
12.0,12.45,11.99,12.45,1.0
12.5,12.96,12.4,12.95,1.0
13.18,13.95,13.18,13.39,-1.0
13.4,13.49,13.06,13.33,-1.0
13.5,13.57,13.2,13.25,1.0
13.28,13.54,13.26,13.35,1.0
13.5,13.85,13.45,13.85,-1.0
14.01,14.3,12.98,13.2,1.0
13.3,13.82,13.3,13.8,1.0
14.05,14.46,13.85,14.26,1.0
14.4,15.25,14.26,14.72,1.0
14.98,15.13,14.76,15.13,-1.0
15.14,15.18,14.55,14.95,1.0
15.0,15.45,14.98,15.32,0.0
15.5,15.51,15.01,15.5,-1.0
15.58,17.0,15.42,15.55,1.0
15.79,16.5,15.78,16.4,-1.0
16.68,16.88,15.95,16.25,-1.0
16.29,16.35,15.4,15.52,-1.0
15.5,15.5,13.97,14.0,1.0
14.25,15.4,14.0,15.4,1.0
15.56,16.3,15.1,15.6,-1.0
15.58,15.8,14.98,15.0,1.0
15.08,15.55,14.81,15.4,0.0
15.5,15.85,15.4,15.5,1.0
15.5,16.64,15.5,16.3,1.0
16.8,17.55,16.55,17.0,-1.0
17.0,17.0,16.12,16.3,1.0
16.28,16.64,15.98,16.44,-1.0
16.5,16.69,16.0,16.1,-1.0
15.8,16.08,15.45,15.5,-1.0
15.29,15.3,15.0,15.01,1.0
15.05,16.1,15.0,16.1,-1.0
16.2,16.33,15.8,16.1,-1.0
16.08,16.08,15.0,15.2,1.0
15.2,15.77,15.2,15.52,1.0
15.0,15.29,14.8,15.18,1.0
15.0,15.18,14.88,15.05,1.0
15.0,15.4,14.96,15.27,-1.0
15.35,15.38,14.85,14.98,1.0
14.98,15.15,14.91,15.04,-1.0
15.0,15.04,14.7,14.77,1.0
14.88,15.15,14.88,15.15,-1.0
15.25,15.29,14.98,15.18,-1.0
15.21,15.27,15.0,15.1,-1.0
15.1,15.15,14.78,14.97,-1.0
14.9,14.9,14.75,14.78,-1.0
14.7,14.75,14.6,14.64,1.0
14.58,14.7,14.58,14.63,-1.0
14.63,14.63,14.38,14.4,1.0
14.41,14.6,14.33,14.45,-1.0
14.42,14.47,14.25,14.32,1.0
14.35,14.68,14.35,14.61,1.0
14.6,14.79,14.2,14.79,1.0
14.78,15.25,14.67,15.05,-1.0
15.11,15.19,14.92,15.0,1.0
15.0,15.75,14.97,15.69,-1.0
15.6,15.61,15.39,15.46,-1.0
15.5,15.5,15.03,15.07,1.0
15.07,15.35,14.95,15.35,1.0
15.3,15.39,15.08,15.35,-1.0
15.2,15.3,14.5,15.19,-1.0
15.18,15.18,14.95,15.04,-1.0
15.04,15.15,14.76,14.78,1.0
14.68,14.9,14.56,14.9,-1.0
14.9,14.9,14.62,14.62,1.0
14.51,14.6,14.2,14.52,1.0
14.41,14.56,14.35,14.48,1.0
14.4,14.62,14.4,14.5,1.0
14.67,15.7,14.67,15.57,-1.0
15.57,15.68,15.11,15.15,1.0
15.15,15.6,15.1,15.4,-1.0
14.2,14.3,13.98,14.05,1.0
14.11,14.5,14.1,14.14,1.0
14.15,14.2,14.1,14.16,1.0
14.15,14.35,14.12,14.25,-1.0
14.28,14.3,13.9,13.97,-1.0
13.91,13.91,13.68,13.8,-1.0
13.78,13.9,13.7,13.76,1.0
13.76,13.87,13.72,13.87,-1.0
13.93,13.98,13.71,13.72,-1.0
13.79,13.85,13.41,13.47,1.0
13.4,13.89,13.4,13.68,-1.0
13.76,13.78,13.55,13.6,-1.0
13.62,13.65,13.5,13.5,-1.0
13.5,13.5,13.2,13.29,1.0
13.2,13.49,13.2,13.41,1.0
13.41,13.63,13.41,13.63,-1.0
13.58,13.65,13.29,13.3,1.0
13.3,13.5,13.12,13.46,1.0
13.46,13.75,13.46,13.62,-1.0
13.7,13.72,13.3,13.35,-1.0
13.2,13.2,13.0,13.01,1.0
12.8,13.1,12.8,13.1,-1.0
13.0,13.03,12.61,12.89,1.0
12.85,13.25,12.85,13.14,-1.0
13.14,13.14,12.97,12.98,1.0
13.04,13.4,13.0,13.32,1.0
13.55,13.69,13.4,13.58,-1.0
13.8,13.98,13.42,13.45,-1.0
13.75,13.79,13.01,13.14,1.0
13.14,13.36,13.14,13.25,-1.0
13.2,13.35,13.17,13.18,1.0
13.21,13.3,13.16,13.24,1.0
13.2,13.34,13.2,13.21,1.0
13.15,13.38,13.15,13.27,1.0
13.27,13.6,13.2,13.6,1.0
13.66,13.86,13.61,13.68,-1.0
13.64,13.65,13.42,13.58,1.0
13.58,13.81,13.55,13.76,-1.0
13.8,13.88,13.62,13.66,-1.0
13.68,13.78,13.45,13.66,1.0
13.7,13.98,13.7,13.95,0.0
13.95,13.98,13.7,13.95,1.0
14.0,14.19,13.85,14.08,-1.0
14.06,14.4,13.94,14.04,1.0
14.2,14.53,14.0,14.44,1.0
14.45,14.5,14.36,14.48,-1.0
14.41,14.5,14.15,14.19,-1.0
14.18,14.18,13.95,13.98,1.0
13.93,14.18,13.9,14.09,1.0
14.03,14.26,13.98,14.12,1.0
14.1,14.28,14.0,14.12,1.0
14.12,14.28,14.12,14.2,1.0
14.22,14.51,14.22,14.34,1.0
14.35,14.48,14.35,14.42,1.0
14.44,14.85,14.44,14.64,1.0
14.62,14.7,14.53,14.64,-1.0
14.64,14.8,14.4,14.59,1.0
14.5,14.63,14.36,14.57,1.0
14.38,14.63,14.38,14.63,-1.0
14.62,14.65,14.4,14.4,-1.0
14.3,14.38,14.06,14.11,1.0
14.06,14.5,14.06,14.2,-1.0
14.2,14.27,14.11,14.14,-1.0
14.15,14.23,13.9,13.9,0.0
13.8,13.86,13.61,13.8,-1.0
13.92,13.92,13.6,13.7,-1.0
13.62,13.75,13.5,13.54,1.0
13.58,13.7,13.52,13.63,1.0
13.5,13.8,13.5,13.73,-1.0
13.73,13.88,13.59,13.6,1.0
13.65,13.9,13.55,13.85,1.0
13.9,14.08,13.8,13.98,1.0
14.1,14.55,14.05,14.41,0.0
14.42,14.53,14.3,14.42,1.0
14.35,14.8,14.3,14.5,1.0
14.61,15.1,14.61,14.9,1.0
15.0,15.24,14.73,15.15,-1.0
15.1,15.4,14.8,14.9,-1.0
14.86,15.1,14.61,14.65,1.0
14.6,15.3,14.51,15.05,1.0
15.08,15.46,15.08,15.3,1.0
15.31,16.35,15.31,16.24,-1.0
16.24,17.36,15.51,15.52,1.0
15.52,16.09,15.3,16.0,1.0
16.02,16.17,15.88,16.08,-1.0
16.05,16.4,15.58,15.58,1.0
15.6,16.0,15.1,16.0,-1.0
15.98,16.19,15.51,15.65,-1.0
15.58,15.64,15.28,15.36,-1.0
15.4,15.65,15.05,15.31,1.0
15.8,16.3,15.2,16.05,1.0
16.2,17.15,15.9,17.13,-1.0
17.18,17.28,16.25,16.33,1.0
16.33,17.5,16.33,17.36,-1.0
17.5,18.0,15.62,16.04,1.0
15.99,16.73,15.68,16.6,1.0
16.5,17.08,16.0,16.55,-1.0
16.6,16.97,16.28,16.32,-1.0
16.2,16.25,15.58,15.65,1.0
15.5,15.92,15.5,15.8,-1.0
15.8,15.9,15.42,15.6,1.0
15.5,16.5,15.2,16.25,-1.0
16.25,16.25,15.74,15.91,1.0
15.91,17.06,15.9,16.75,1.0
16.85,17.1,16.59,16.9,-1.0
17.15,17.18,16.71,16.75,-1.0
16.8,16.88,16.3,16.31,1.0
16.02,16.68,15.9,16.32,1.0
16.4,16.9,16.35,16.8,1.0
17.0,17.85,16.66,17.83,-1.0
17.51,18.1,17.2,17.26,1.0
17.5,18.08,17.26,17.98,-1.0
17.5,17.98,17.0,17.25,1.0
17.25,17.6,17.05,17.28,-1.0
17.35,17.57,15.9,16.03,1.0
16.34,17.48,16.3,17.48,1.0
17.4,17.8,16.8,17.77,1.0
17.77,19.0,17.55,19.0,-1.0
19.1,19.6,18.75,18.81,1.0
18.75,19.37,18.5,19.03,1.0
19.1,19.3,18.5,19.15,1.0
19.16,20.35,19.1,20.08,-1.0
20.19,20.46,19.1,19.2,1.0
19.2,19.45,18.6,19.29,1.0
19.29,19.94,19.1,19.81,-1.0
19.7,19.95,19.0,19.08,-1.0
18.98,19.35,18.5,18.88,1.0
18.58,18.79,18.31,18.69,-1.0
18.8,18.8,17.98,18.0,1.0
18.2,19.27,18.07,19.05,1.0
18.99,19.3,18.8,19.1,-1.0
19.2,19.25,18.9,19.09,-1.0
19.04,19.04,18.4,18.79,1.0
18.5,18.77,18.31,18.59,1.0
18.5,19.58,18.26,19.5,-1.0
19.5,19.5,18.82,18.82,-1.0
18.8,18.82,18.2,18.55,1.0
18.47,18.8,18.39,18.65,1.0
18.6,19.05,18.55,19.01,1.0
19.0,20.3,19.0,20.2,1.0
20.02,22.22,20.0,21.89,-1.0
23.0,23.0,20.58,20.6,1.0
20.6,22.48,20.0,22.48,1.0
22.3,23.59,21.8,22.85,0.0
22.8,23.48,22.5,22.8,0.0
22.8,22.8,22.8,22.8,1.0
23.18,25.08,22.65,24.7,1.0
24.7,25.0,24.12,24.76,-1.0
24.6,24.61,23.25,23.45,-1.0
23.1,23.45,22.3,22.31,1.0
22.35,22.97,21.71,22.62,1.0
22.5,22.87,22.06,22.55,1.0
22.88,23.45,22.7,23.1,1.0
23.15,23.44,22.91,23.3,1.0
23.2,24.4,23.02,23.88,-1.0
24.01,25.0,23.9,24.0,1.0
24.13,25.2,24.12,25.17,-1.0
25.5,25.6,24.61,25.19,1.0
25.1,25.45,24.66,25.2,-1.0
25.2,25.2,24.6,24.7,0.0
24.7,25.4,24.69,24.7,-1.0
24.5,24.9,23.7,23.74,1.0
23.74,24.68,23.7,24.05,1.0
24.1,24.58,23.71,24.16,-1.0
24.16,24.5,24.01,24.05,1.0
24.25,25.0,24.0,25.0,-1.0
25.0,25.0,24.5,24.55,1.0
24.6,24.98,24.5,24.79,-1.0
25.0,25.0,24.68,24.85,-1.0
24.87,24.99,23.97,24.4,-1.0
24.5,24.79,23.8,23.92,1.0
23.8,24.6,23.6,24.0,1.0
23.81,24.37,23.81,23.96,1.0
24.0,25.0,23.2,24.95,1.0
24.7,26.3,24.7,26.28,-1.0
26.45,26.5,25.38,26.34,-1.0
25.8,26.0,25.32,25.48,-1.0
25.79,25.79,24.62,25.0,1.0
24.8,25.1,24.66,24.9,-1.0
25.0,25.45,24.82,24.95,-1.0
24.94,24.94,24.45,24.53,1.0
24.69,25.97,24.54,25.28,-1.0
24.9,25.4,24.58,24.8,1.0
24.7,24.86,24.5,24.75,-1.0
24.52,24.7,24.01,24.19,1.0
24.0,25.38,24.0,25.38,1.0
25.38,25.89,24.75,25.8,-1.0
25.79,25.8,24.76,25.49,1.0
25.5,25.88,25.46,25.79,-1.0
25.8,25.8,25.15,25.3,1.0
25.5,26.1,25.46,25.85,1.0
25.85,25.95,25.18,25.95,1.0
25.8,26.6,25.75,26.31,1.0
26.1,26.89,25.77,26.6,-1.0
26.6,26.8,26.16,26.5,-1.0
26.8,26.8,25.4,25.7,1.0
25.71,26.26,24.9,26.09,1.0
26.0,27.98,25.5,27.7,1.0
27.72,28.38,27.59,27.88,1.0
27.88,28.18,27.5,27.98,1.0
28.0,28.98,28.0,28.8,-1.0
28.8,29.4,28.0,28.6,-1.0
28.39,28.98,28.0,28.06,-1.0
27.9,28.2,27.4,27.82,-1.0
27.82,27.82,27.0,27.6,1.0
27.5,27.68,26.86,27.52,1.0
27.37,27.73,27.0,27.39,1.0
27.3,27.47,27.0,27.47,1.0
27.45,27.6,27.2,27.58,-1.0
27.73,27.73,27.3,27.4,-1.0
27.6,27.8,27.0,27.19,1.0
27.01,27.18,26.78,27.18,1.0
27.0,27.25,26.5,27.18,-1.0
27.19,27.19,26.68,27.18,-1.0
27.0,27.0,26.63,26.98,0.0
27.0,27.0,26.7,27.0,1.0
27.0,27.77,26.88,27.34,-1.0
27.4,27.4,27.1,27.27,-1.0
27.39,27.5,27.12,27.29,-1.0
27.39,27.39,27.23,27.28,1.0
27.26,27.6,27.26,27.42,-1.0
27.4,27.45,27.01,27.3,1.0
27.3,27.5,27.1,27.36,1.0
27.12,27.47,26.25,27.21,1.0
27.35,28.17,26.62,28.17,0.0
28.17,28.17,28.17,28.17,-1.0
28.5,28.7,27.8,27.94,1.0
27.8,29.97,27.7,29.86,-1.0
29.7,30.2,28.6,29.0,-1.0
28.95,28.95,27.9,27.9,-1.0
27.8,28.5,26.9,27.38,1.0
27.2,27.41,26.9,27.38,1.0
27.4,28.68,27.4,27.98,-1.0
27.9,27.9,27.6,27.65,-1.0
27.92,28.26,27.55,27.79,-1.0
27.85,28.0,27.05,27.2,1.0
17.2,17.58,17.06,17.4,-1.0
17.5,17.5,16.87,16.98,1.0
16.98,16.99,16.6,16.99,1.0
16.9,17.29,16.85,17.08,1.0
16.9,17.1,16.68,16.98,1.0
16.7,17.0,16.03,16.81,-1.0
16.49,16.49,15.8,15.8,1.0
15.81,16.5,15.81,15.98,-1.0
16.0,16.11,15.9,15.9,1.0
16.0,16.3,15.8,16.3,-1.0
16.3,16.31,15.85,15.99,1.0
15.95,16.2,15.88,16.19,1.0
16.0,16.8,15.97,16.78,-1.0
16.77,16.77,16.0,16.03,1.0
16.03,16.3,15.96,16.3,-1.0
16.25,16.25,15.7,16.0,1.0
16.0,16.26,15.73,16.1,1.0
15.9,16.0,15.68,15.99,1.0
15.88,15.95,15.52,15.89,1.0
15.85,16.5,15.54,16.1,1.0
16.0,16.2,15.9,16.11,1.0
16.01,16.09,15.7,16.05,-1.0
16.01,16.01,15.59,15.89,-1.0
15.81,15.85,15.62,15.65,-1.0
15.78,15.78,15.46,15.46,1.0
15.5,15.7,15.48,15.64,1.0
15.64,15.75,15.46,15.69,-1.0
15.76,15.77,15.52,15.58,0.0
15.58,15.73,15.5,15.58,1.0
15.7,15.75,15.5,15.75,1.0
15.7,15.89,15.5,15.87,-1.0
15.9,15.9,15.57,15.58,1.0
15.6,16.09,15.5,15.75,1.0
15.66,16.3,15.65,15.9,1.0
16.0,16.2,15.9,16.17,1.0
16.2,16.49,16.18,16.31,-1.0
16.41,16.41,16.18,16.19,1.0
16.21,16.6,16.2,16.35,-1.0
16.4,16.49,16.15,16.22,1.0
16.23,16.39,16.0,16.25,-1.0
16.45,16.45,16.25,16.33,1.0
16.4,17.35,16.2,17.32,1.0
17.28,18.09,17.0,18.0,-1.0
17.95,18.0,17.68,17.85,-1.0
17.8,17.99,17.5,17.55,-1.0
17.6,17.68,17.18,17.46,1.0
17.46,17.65,17.06,17.57,-1.0
17.55,17.64,17.1,17.31,-1.0
17.35,17.41,16.98,17.24,-1.0
17.23,17.23,16.0,16.55,-1.0
16.38,16.6,16.14,16.27,1.0
16.28,16.6,16.25,16.38,-1.0
16.55,16.55,16.08,16.19,1.0
16.19,16.48,16.1,16.25,-1.0
16.25,16.53,16.14,16.24,-1.0
16.3,16.35,16.1,16.19,-1.0
16.2,16.48,15.9,16.1,-1.0
16.55,16.55,15.95,15.99,1.0
15.99,16.03,15.62,16.0,-1.0
15.98,15.98,15.75,15.8,-1.0
15.8,15.8,15.4,15.6,-1.0
15.57,15.71,15.41,15.51,1.0
15.51,15.85,15.5,15.64,-1.0
15.6,15.67,15.48,15.5,-1.0
15.51,15.58,15.48,15.5,1.0
15.43,16.05,15.4,15.94,-1.0
16.01,16.05,15.6,15.97,1.0
15.97,16.22,15.69,16.15,-1.0
16.17,16.18,15.98,16.04,1.0
16.05,16.18,15.63,16.06,-1.0
16.06,16.12,15.68,15.69,1.0
15.68,15.85,15.66,15.75,-1.0
15.8,15.8,15.65,15.7,-1.0
16.0,16.0,15.6,15.68,1.0
15.68,15.8,15.52,15.77,1.0
15.86,15.9,15.65,15.9,-1.0
16.0,16.05,15.87,15.99,-1.0
16.0,16.05,15.68,15.93,1.0
15.93,16.35,15.77,16.35,1.0
16.4,16.58,16.15,16.41,-1.0
16.45,16.54,16.16,16.32,1.0
16.32,16.5,16.1,16.47,-1.0
16.45,16.45,16.14,16.3,-1.0
16.3,16.3,16.0,16.06,-1.0
16.0,16.0,15.6,15.62,1.0
15.5,15.8,15.4,15.65,0.0
15.75,15.85,15.7,15.75,1.0
15.75,15.79,15.68,15.76,1.0
15.76,15.98,15.68,15.86,1.0
15.5,15.88,15.5,15.58,1.0
15.56,15.88,15.33,15.79,-1.0
15.96,16.2,15.82,15.93,-1.0
16.0,16.05,15.5,15.54,1.0
15.54,15.8,15.45,15.55,-1.0
15.6,15.6,14.9,15.51,-1.0
15.5,15.5,15.38,15.38,-1.0
15.38,15.4,15.14,15.14,-1.0
15.14,15.14,14.95,15.0,0.0
15.0,15.15,14.9,15.0,-1.0
15.0,15.01,14.6,14.97,0.0
15.0,15.15,14.98,15.0,-1.0
14.97,15.09,14.85,14.9,-1.0
14.9,14.99,14.84,14.88,1.0
14.88,15.24,14.88,14.94,-1.0
15.18,15.28,14.85,14.93,-1.0
14.96,15.0,14.75,14.8,1.0
14.8,15.1,14.71,15.02,-1.0
15.03,15.1,14.86,14.95,1.0
14.95,15.25,14.95,15.08,1.0
15.19,15.23,15.08,15.23,-1.0
15.23,15.25,15.12,15.2,-1.0
15.23,15.25,15.1,15.12,-1.0
15.12,15.16,15.03,15.1,1.0
15.16,15.22,15.15,15.19,-1.0
15.25,15.28,15.15,15.15,-1.0
15.15,15.17,15.01,15.03,-1.0
15.04,15.1,14.98,15.03,1.0
15.03,15.6,15.03,15.58,0.0
15.58,15.58,15.58,15.58,-1.0
15.55,15.57,15.33,15.4,-1.0
15.4,15.48,15.37,15.37,1.0
15.4,15.65,15.18,15.65,1.0
15.66,16.03,15.6,15.98,-1.0
16.06,16.06,15.61,15.64,1.0
15.6,15.99,15.55,15.94,-1.0
16.0,16.0,15.7,15.89,-1.0
15.88,15.98,15.74,15.75,-1.0
15.85,15.9,15.67,15.72,-1.0
15.72,15.77,15.55,15.65,1.0
15.6,15.71,15.55,15.65,-1.0
15.66,15.67,15.53,15.58,-1.0
15.58,15.75,15.45,15.55,0.0
15.47,15.6,15.38,15.47,1.0
15.48,15.6,15.48,15.51,-1.0
15.51,15.65,15.4,15.49,1.0
15.51,15.68,15.45,15.68,0.0
15.7,15.78,15.5,15.7,1.0
15.65,15.81,15.51,15.8,-1.0
15.8,15.96,15.58,15.76,1.0
15.63,15.84,15.55,15.72,-1.0
15.75,15.8,15.55,15.62,-1.0
15.62,15.68,15.43,15.46,1.0
15.46,16.59,15.44,16.59,-1.0
16.5,16.5,15.96,15.96,-1.0
15.9,15.9,15.7,15.79,1.0
15.85,16.0,15.7,15.91,-1.0
15.9,15.9,15.55,15.75,-1.0
15.67,15.88,15.61,15.61,1.0
15.62,15.95,15.62,15.74,1.0
15.78,15.98,15.78,15.83,1.0
15.58,15.98,15.5,15.86,-1.0
15.88,15.9,15.51,15.77,1.0
15.55,15.78,15.54,15.64,-1.0
15.64,15.64,15.41,15.49,-1.0
15.49,15.49,15.29,15.45,-1.0
15.5,15.65,15.45,15.48,-1.0
15.5,15.59,15.35,15.38,1.0
15.38,15.44,15.25,15.42,1.0
15.45,15.68,15.42,15.61,-1.0
15.7,15.75,15.48,15.52,-1.0
15.56,15.68,15.39,15.4,-1.0
15.41,15.41,15.25,15.3,-1.0
15.33,15.48,15.25,15.31,1.0
15.35,15.45,15.28,15.39,-1.0
15.4,15.44,15.2,15.25,-1.0
15.24,15.3,15.17,15.17,1.0
15.1,15.41,15.1,15.34,-1.0
15.8,15.8,15.27,15.45,-1.0
15.46,15.46,15.25,15.35,-1.0
15.35,15.35,15.2,15.26,1.0
15.3,15.5,15.25,15.47,-1.0
15.55,15.56,15.26,15.39,-1.0
15.45,15.45,15.27,15.31,-1.0
15.3,15.33,15.16,15.25,-1.0
15.3,15.3,15.1,15.14,1.0
15.14,15.35,15.12,15.2,0.0
15.25,15.3,15.1,15.25,-1.0
15.29,15.3,14.89,14.9,1.0
14.9,15.0,14.85,14.98,-1.0
15.0,15.1,14.75,14.78,1.0
14.8,14.9,14.68,14.85,-1.0
14.9,14.9,14.6,14.83,1.0
14.83,15.14,14.75,15.14,1.0
15.1,15.24,14.98,15.19,1.0
15.18,15.29,14.8,15.22,1.0
15.18,15.48,15.1,15.38,-1.0
15.4,15.47,15.05,15.29,1.0
15.19,15.36,15.05,15.21,-1.0
15.2,15.23,15.0,15.13,-1.0
15.15,15.16,14.97,14.98,1.0
14.98,15.0,14.84,15.0,-1.0
15.15,15.15,14.85,14.95,-1.0
14.9,14.99,14.8,14.89,-1.0
14.9,14.9,14.8,14.83,1.0
14.75,15.06,14.75,15.0,-1.0
15.01,15.05,14.88,15.0,-1.0
15.0,15.0,14.8,14.81,1.0
14.81,14.85,14.74,14.83,1.0
14.83,14.97,14.8,14.92,-1.0
14.92,15.03,14.68,14.7,1.0
14.7,14.87,14.51,14.83,-1.0
14.82,14.86,14.64,14.76,1.0
14.6,14.74,14.6,14.72,1.0
14.65,14.84,14.61,14.81,-1.0
14.95,14.95,14.7,14.75,-1.0
14.74,14.74,14.58,14.59,-1.0
14.55,14.65,14.36,14.37,-1.0
14.36,14.36,14.03,14.09,-1.0
14.09,14.15,14.02,14.02,-1.0
13.96,13.96,13.0,13.05,1.0
12.83,13.78,12.66,13.04,1.0
13.05,13.78,13.05,13.6,-1.0
13.68,13.68,13.15,13.38,1.0
13.4,13.61,13.4,13.5,-1.0
13.5,13.5,12.98,13.02,1.0
13.04,13.23,12.94,13.22,-1.0
13.22,13.22,13.15,13.15,1.0
13.15,13.37,13.01,13.35,1.0
13.8,13.97,13.2,13.89,-1.0
13.94,13.95,13.65,13.76,-1.0
13.76,13.85,13.6,13.63,1.0
13.63,13.9,13.63,13.8,1.0
13.79,13.89,13.51,13.89,1.0
13.78,13.85,13.41,13.84,1.0
13.61,14.13,13.05,14.05,-1.0
14.05,14.12,13.95,14.02,-1.0
13.97,13.97,13.7,13.8,1.0
13.68,13.8,13.42,13.79,-1.0
13.7,13.78,13.56,13.59,-1.0
13.51,13.51,13.1,13.17,1.0
13.05,13.25,13.0,13.23,-1.0
13.6,13.65,13.32,13.35,-1.0
13.3,13.3,13.2,13.26,-1.0
13.35,13.35,13.22,13.27,-1.0
13.5,13.53,13.21,13.25,1.0
13.25,13.58,13.25,13.58,-1.0
13.6,13.68,13.5,13.5,-1.0
13.45,13.46,13.32,13.42,-1.0
13.42,13.44,13.11,13.11,0.0
13.11,13.11,13.11,13.11,1.0
13.33,13.68,13.33,13.44,1.0
13.12,13.28,12.8,13.17,1.0
13.16,13.45,13.15,13.2,-1.0
13.2,13.24,13.07,13.09,-1.0
13.0,13.01,12.88,12.9,1.0
12.9,13.3,12.9,13.0,1.0
13.05,13.08,12.9,13.08,-1.0
13.08,13.24,13.04,13.04,-1.0
13.1,13.2,12.88,12.95,-1.0
12.95,12.95,12.75,12.75,-1.0
12.8,12.88,12.6,12.63,-1.0
12.65,12.66,12.38,12.4,-1.0
12.41,12.41,12.19,12.2,-1.0
12.22,12.28,12.1,12.13,1.0
12.08,12.48,12.08,12.1,1.0
12.01,12.2,11.9,12.19,-1.0
12.2,12.2,11.66,11.8,-1.0
11.8,11.92,11.4,11.43,1.0
11.45,11.7,11.16,11.58,-1.0
11.65,11.65,11.38,11.41,-1.0
11.42,11.46,11.26,11.26,-1.0
11.25,11.25,10.9,11.01,-1.0
11.0,11.0,10.6,10.6,1.0
10.55,10.69,10.4,10.61,-1.0
10.7,10.7,10.28,10.48,1.0
11.01,11.53,11.01,11.53,1.0
12.0,12.56,11.7,12.2,-1.0
12.18,12.2,11.75,11.88,-1.0
11.68,11.86,11.65,11.67,1.0
11.67,11.81,11.67,11.75,-1.0
11.78,11.81,11.65,11.7,1.0
11.6,11.88,11.4,11.8,1.0
11.8,11.9,11.7,11.83,-1.0
11.85,11.85,11.6,11.61,-1.0
11.51,11.7,11.43,11.48,1.0
11.45,11.5,11.43,11.46,-1.0
11.45,11.45,10.85,10.85,1.0
10.52,10.95,10.51,10.87,1.0
10.85,10.95,10.68,10.87,-1.0
11.0,11.06,10.82,10.82,1.0
10.81,11.15,10.7,11.05,-1.0
11.05,11.18,10.92,10.93,-1.0
11.1,11.1,10.85,10.95,-1.0
11.82,11.98,11.1,11.11,1.0
11.11,11.29,11.1,11.24,1.0
11.29,11.53,11.27,11.51,-1.0
11.54,11.6,11.4,11.47,1.0
11.43,11.6,11.43,11.6,-1.0
11.65,11.7,11.58,11.62,-1.0
11.64,11.66,11.4,11.45,1.0
11.42,11.55,11.4,11.55,1.0
11.6,11.75,11.56,11.74,-1.0
11.8,11.8,11.66,11.73,1.0
11.7,11.85,11.7,11.81,1.0
11.82,12.25,11.82,12.13,1.0
12.12,12.2,12.06,12.19,-1.0
12.13,12.47,12.1,12.1,1.0
12.0,12.2,12.0,12.09,-1.0
12.1,12.11,11.97,11.98,1.0
11.88,11.98,11.81,11.95,-1.0
11.9,11.93,11.82,11.83,-1.0
11.82,11.82,11.61,11.7,-1.0
11.65,11.8,11.63,11.63,-1.0
11.6,11.65,11.48,11.53,-1.0
11.54,11.55,11.35,11.39,1.0
11.58,11.85,11.36,11.85,1.0
11.85,12.08,11.85,11.88,-1.0
11.9,11.9,11.55,11.74,1.0
11.63,11.9,11.62,11.9,-1.0
11.9,11.9,11.65,11.7,-1.0
11.6,11.75,11.52,11.57,1.0
11.58,11.79,11.54,11.7,-1.0
11.8,11.8,11.59,11.6,1.0
11.6,11.75,11.6,11.7,1.0
11.7,11.88,11.7,11.86,-1.0
11.8,11.84,11.55,11.56,-1.0
11.51,11.51,11.32,11.32,-1.0
11.48,11.53,11.22,11.22,-1.0
11.2,11.2,10.92,10.94,1.0
10.95,11.17,10.72,11.05,-1.0
11.05,11.05,10.78,10.83,1.0
10.5,10.85,10.5,10.53,-1.0
10.5,10.76,10.4,10.46,1.0
10.6,10.89,10.45,10.66,-1.0
10.65,10.65,10.26,10.39,-1.0
10.68,10.68,10.03,10.39,-1.0
10.3,10.3,9.91,10.0,1.0
9.88,10.4,9.85,10.02,1.0
10.03,11.0,9.95,10.93,1.0
10.51,10.98,10.45,10.85,-1.0
10.85,10.85,10.62,10.84,-1.0
10.98,10.98,10.5,10.55,-1.0
11.1,11.28,10.75,10.93,-1.0
10.95,10.97,10.68,10.82,1.0
10.88,11.72,10.88,11.57,-1.0
11.61,11.79,11.5,11.52,1.0
11.55,11.7,11.4,11.67,-1.0
11.65,11.74,11.48,11.54,-1.0
11.53,11.6,11.31,11.32,1.0
11.3,11.66,11.3,11.65,-1.0
11.69,11.73,11.59,11.59,-1.0
11.84,11.86,11.7,11.75,1.0
11.4,11.7,11.4,11.64,-1.0
11.69,11.74,11.6,11.62,-1.0
11.6,11.64,11.47,11.51,-1.0
11.45,11.56,11.4,11.43,1.0
11.39,11.51,11.35,11.5,1.0
11.58,11.99,11.52,11.94,-1.0
12.15,12.15,11.86,11.86,1.0
11.86,12.26,11.85,12.14,1.0
12.18,12.88,12.07,12.27,1.0
12.35,12.4,12.22,12.38,-1.0
12.38,12.38,12.08,12.13,-1.0
12.09,12.12,11.68,11.79,1.0
11.7,12.37,11.7,12.31,-1.0
12.38,12.43,11.9,12.0,-1.0
12.08,12.3,11.88,11.96,1.0
11.96,12.32,11.96,12.31,-1.0
12.4,12.42,12.24,12.35,1.0
12.37,12.58,12.29,12.58,-1.0
12.58,12.58,12.15,12.31,-1.0
12.28,12.4,12.21,12.26,-1.0
12.28,12.55,12.2,12.22,1.0
12.22,12.35,12.1,12.29,-1.0
12.3,12.4,12.2,12.27,-1.0
12.25,12.25,11.88,11.9,0.0
11.9,11.95,11.8,11.9,-1.0
11.93,11.93,11.73,11.89,1.0
11.88,12.0,11.85,11.9,1.0
11.86,12.2,11.84,12.18,-1.0
12.24,12.42,12.0,12.22,1.0
12.18,12.4,12.18,12.27,1.0
12.34,12.58,12.25,12.49,-1.0
12.55,12.58,12.35,12.45,-1.0
12.5,12.63,12.4,12.48,0.0
12.48,12.48,12.48,12.48,-1.0
12.48,12.5,12.2,12.35,-1.0
12.33,12.33,12.2,12.25,1.0
12.25,12.48,12.2,12.36,-1.0
12.36,12.46,12.18,12.2,1.0
12.15,12.3,12.05,12.16,-1.0
12.65,12.65,11.99,12.22,-1.0
12.35,12.35,12.2,12.28,1.0
12.3,12.41,12.17,12.36,1.0
12.22,12.39,12.22,12.31,1.0
12.39,12.45,12.25,12.41,1.0
12.45,12.65,12.38,12.56,-1.0
12.56,12.64,12.45,12.49,-1.0
12.56,12.6,12.4,12.41,1.0
12.31,12.4,12.3,12.33,-1.0
12.26,12.35,12.13,12.2,-1.0
12.13,12.19,11.89,12.0,-1.0
12.02,12.08,11.83,11.95,-1.0
11.98,11.98,11.8,11.8,-1.0
11.79,11.8,11.35,11.37,1.0
11.4,11.68,11.28,11.48,-1.0
11.5,11.52,11.23,11.38,1.0
11.68,11.79,11.52,11.7,-1.0
11.73,11.73,11.56,11.59,-1.0
11.49,11.49,11.29,11.3,-1.0
11.35,11.35,11.12,11.15,-1.0
11.2,11.24,11.01,11.08,-1.0
11.2,11.23,11.15,11.18,-1.0
11.15,11.15,10.8,10.9,1.0
10.85,10.9,10.75,10.9,-1.0
11.0,11.0,10.85,10.86,-1.0
10.78,10.8,10.59,10.65,1.0
10.5,10.89,10.5,10.8,-1.0
10.8,10.8,10.52,10.59,1.0
10.58,11.09,10.55,10.94,1.0
10.94,11.08,10.9,11.0,-1.0
11.0,11.0,10.85,10.98,1.0
10.92,11.03,10.87,11.0,-1.0
11.06,11.06,10.9,10.95,-1.0
10.9,11.0,10.88,10.88,0.0
10.71,10.88,10.58,10.71,0.0
10.65,10.78,10.65,10.65,1.0
10.66,11.0,10.65,10.85,-1.0
10.8,10.84,10.68,10.69,1.0
10.7,10.81,10.7,10.72,1.0
10.8,11.15,10.75,11.12,-1.0
12.23,12.23,11.61,12.2,-1.0
12.19,12.23,11.71,11.79,1.0
11.78,11.87,11.62,11.79,-1.0
11.8,11.95,11.65,11.75,-1.0
11.8,11.95,11.69,11.79,-1.0
11.88,11.88,11.56,11.57,1.0
11.58,11.69,11.5,11.65,-1.0
11.7,11.71,11.6,11.67,-1.0
11.66,11.69,11.58,11.58,1.0
11.6,11.68,11.56,11.65,1.0
11.61,11.79,11.56,11.7,0.0
11.75,11.8,11.65,11.75,1.0
11.8,12.06,11.75,11.93,1.0
11.93,12.16,11.87,12.11,-1.0
12.23,12.4,12.01,12.05,-1.0
12.05,12.05,11.84,11.87,1.0
11.87,12.09,11.87,12.08,1.0
12.07,12.1,12.0,12.08,-1.0
12.11,12.14,11.9,11.97,1.0
11.97,12.1,11.97,12.04,-1.0
12.09,12.09,11.85,12.02,1.0
11.95,12.03,11.9,12.01,-1.0
12.01,12.04,11.9,11.93,-1.0
11.93,11.99,11.71,11.71,-1.0
11.8,11.8,11.63,11.66,1.0
11.72,11.9,11.57,11.87,-1.0
11.89,11.89,11.68,11.8,-1.0
11.71,11.83,11.64,11.69,0.0
11.68,11.74,11.6,11.68,1.0
11.7,11.81,11.65,11.79,1.0
11.7,11.91,11.7,11.91,1.0
11.88,12.06,11.87,12.02,1.0
11.98,12.28,11.98,12.19,-1.0
12.09,12.09,11.78,11.83,-1.0
11.8,11.8,11.63,11.73,1.0
11.7,11.9,11.58,11.82,1.0
11.7,11.8,11.7,11.73,1.0
11.7,11.86,11.7,11.79,-1.0
11.79,11.84,11.77,11.78,1.0
11.72,11.89,11.7,11.84,-1.0
11.85,11.85,11.77,11.8,1.0
11.8,11.92,11.72,11.89,-1.0
11.88,11.94,11.8,11.85,1.0
11.84,11.98,11.81,11.95,-1.0
11.98,11.98,11.88,11.91,1.0
11.88,11.97,11.82,11.93,-1.0
11.93,11.98,11.88,11.91,1.0
11.91,12.01,11.8,11.97,-1.0
11.9,11.97,11.83,11.87,-1.0
11.86,11.93,11.77,11.8,1.0
11.78,11.92,11.7,11.9,1.0
11.83,11.92,11.79,11.87,-1.0
11.9,11.9,11.75,11.78,-1.0
11.73,11.73,11.55,11.58,-1.0
11.6,11.61,11.51,11.53,-1.0
11.45,11.5,11.38,11.39,0.0
11.39,11.43,11.36,11.39,-1.0
11.4,11.45,11.3,11.33,1.0
11.33,11.53,11.28,11.49,1.0
11.49,11.64,11.48,11.61,-1.0
11.53,11.6,11.48,11.5,0.0
11.5,11.64,11.33,11.5,-1.0
11.51,11.51,11.42,11.5,1.0
11.36,11.73,11.36,11.69,-1.0
11.66,11.66,11.51,11.52,1.0
11.45,11.54,11.38,11.46,1.0
11.37,11.46,11.34,11.39,1.0
11.34,11.46,11.33,11.4,-1.0
11.36,11.4,11.3,11.34,-1.0
11.28,11.36,11.27,11.27,-1.0
11.21,11.27,11.1,11.18,-1.0
11.12,11.16,11.0,11.02,1.0
10.9,11.1,10.88,11.01,1.0
11.02,11.1,11.01,11.06,-1.0
11.17,11.17,10.95,11.1,1.0
11.03,11.08,11.03,11.08,1.0
11.06,11.2,11.06,11.14,-1.0
11.1,11.1,10.97,11.0,0.0
11.25,11.27,11.13,11.25,1.0
11.11,11.26,11.11,11.23,1.0
11.25,11.37,11.2,11.3,-1.0
11.3,11.3,11.18,11.25,-1.0
11.3,11.34,11.18,11.25,-1.0
11.24,11.24,11.08,11.09,-1.0
11.28,11.28,11.01,11.05,0.0
11.18,11.18,10.98,11.18,-1.0
11.15,11.15,11.06,11.11,0.0
11.11,11.19,11.1,11.11,1.0
11.08,11.23,11.07,11.17,1.0
11.25,11.37,11.18,11.27,1.0
11.27,11.45,11.27,11.37,-1.0
11.39,11.43,11.28,11.3,-1.0
11.3,11.34,11.25,11.25,1.0
10.88,11.44,10.88,11.06,-1.0
11.03,11.09,10.99,11.0,-1.0
11.0,11.07,10.75,10.8,1.0
10.72,10.86,10.68,10.85,-1.0
10.75,10.81,10.6,10.6,1.0
10.6,10.8,10.54,10.62,-1.0
10.66,10.77,10.6,10.65,1.0
10.7,10.8,10.63,10.75,-1.0
10.66,10.68,10.35,10.35,-1.0
10.3,10.38,10.11,10.12,-1.0
10.25,10.3,10.01,10.1,1.0
10.08,10.3,10.05,10.29,-1.0
10.3,10.39,10.01,10.08,1.0
10.01,10.3,10.0,10.28,1.0
10.24,10.48,10.16,10.4,1.0
10.42,10.54,10.3,10.46,-1.0
10.3,10.37,10.1,10.14,1.0
10.18,10.29,10.18,10.28,0.0
10.3,10.4,10.23,10.3,1.0
10.17,10.3,10.17,10.21,1.0
10.25,10.45,10.19,10.43,1.0
10.43,10.53,10.39,10.48,-1.0
10.48,10.53,10.35,10.35,-1.0
10.34,10.35,10.19,10.25,1.0
10.28,10.39,10.26,10.3,1.0
10.25,10.42,10.2,10.4,1.0
10.4,10.45,10.35,10.42,-1.0
10.45,10.46,10.36,10.44,-1.0
10.46,10.52,10.4,10.42,-1.0
10.4,10.42,10.38,10.38,1.0
10.41,10.52,10.22,10.51,1.0
10.5,10.6,10.45,10.52,0.0
10.5,10.5,10.4,10.5,-1.0
10.48,10.48,10.33,10.36,-1.0
10.35,10.35,10.12,10.14,1.0
10.16,10.25,10.0,10.24,-1.0
10.17,10.17,10.02,10.03,-1.0
10.05,10.13,10.0,10.0,-1.0
9.9,10.0,9.6,9.66,-1.0
9.7,9.72,9.51,9.56,-1.0
9.6,9.65,9.51,9.59,1.0
9.6,9.7,9.58,9.62,1.0
9.68,9.82,9.6,9.8,1.0
9.78,9.98,9.76,9.97,-1.0
9.96,10.08,9.91,9.95,-1.0
9.95,9.95,9.81,9.9,1.0
9.86,10.45,9.86,10.28,-1.0
10.28,10.4,10.16,10.19,1.0
10.25,10.35,10.17,10.35,-1.0
10.35,10.4,10.27,10.28,-1.0
10.25,10.25,10.11,10.19,-1.0
10.19,10.25,10.12,10.13,-1.0
10.11,10.12,10.05,10.1,1.0
10.11,10.4,10.11,10.25,1.0
10.21,10.31,10.08,10.23,1.0
10.28,10.4,10.22,10.39,1.0
10.39,10.45,10.35,10.43,0.0
10.42,10.46,10.41,10.42,-1.0
10.4,10.4,10.29,10.3,1.0
10.28,10.35,10.28,10.34,1.0
10.32,10.51,10.3,10.44,-1.0
10.44,10.59,10.38,10.39,1.0
10.39,10.49,10.38,10.44,-1.0
10.5,10.66,10.44,10.46,1.0
10.48,10.75,10.48,10.64,1.0
10.64,10.67,10.53,10.66,1.0
10.7,10.93,10.67,10.86,-1.0
10.85,10.85,10.67,10.7,1.0
10.68,10.9,10.66,10.84,1.0
10.88,11.15,10.88,11.05,-1.0
11.05,11.14,10.93,10.99,-1.0
11.04,11.06,10.79,10.86,1.0
10.9,11.09,10.77,10.94,1.0
10.94,11.1,10.9,11.0,1.0
11.07,11.15,11.01,11.08,-1.0
11.08,11.08,10.9,10.94,-1.0
11.07,11.07,10.8,10.8,-1.0
10.8,10.84,10.6,10.65,-1.0
10.64,10.66,10.48,10.5,1.0
10.5,10.58,10.5,10.56,0.0
10.56,10.58,10.41,10.56,-1.0
10.56,10.57,10.46,10.5,1.0
10.5,10.72,10.49,10.7,1.0
10.7,10.86,10.56,10.85,1.0
10.8,10.91,10.78,10.89,-1.0
10.85,10.88,10.72,10.83,-1.0
10.87,10.87,10.65,10.67,1.0
10.65,10.79,10.62,10.74,1.0
10.71,11.03,10.65,10.94,-1.0
10.92,10.95,10.82,10.83,1.0
10.8,10.99,10.75,10.94,1.0
10.92,11.2,10.88,11.13,1.0
11.08,11.4,11.07,11.1,0.0
11.1,11.1,11.1,11.1,-1.0
11.22,11.37,11.15,11.16,-1.0
11.15,11.15,10.98,11.0,1.0
11.01,11.15,10.99,11.02,1.0
11.15,11.25,11.02,11.2,-1.0
11.33,11.33,11.03,11.05,-1.0
11.05,11.12,10.95,10.99,1.0
10.96,11.16,10.9,11.16,-1.0
11.2,11.32,11.0,11.16,1.0
11.16,11.49,11.11,11.39,1.0
11.4,11.67,11.4,11.59,-1.0
11.6,11.68,11.45,11.55,-1.0
11.63,11.8,11.48,11.5,-1.0
11.5,11.54,11.29,11.39,1.0
11.38,11.7,11.3,11.67,-1.0
11.67,11.67,11.29,11.47,1.0
11.38,11.57,11.33,11.48,-1.0
11.53,11.55,11.2,11.2,-1.0
11.18,11.24,10.89,10.96,-1.0
10.86,11.0,10.83,10.85,1.0
10.81,11.08,10.7,11.05,-1.0
11.1,11.1,10.81,10.86,1.0
10.85,11.08,10.75,10.92,1.0
10.81,10.95,10.7,10.86,-1.0
10.86,10.86,10.35,10.4,1.0
10.25,10.62,10.25,10.59,1.0
10.59,10.88,10.54,10.71,1.0
10.8,10.98,10.75,10.96,1.0
11.06,11.18,11.0,11.09,1.0
11.08,11.15,10.96,11.14,1.0
11.14,11.21,11.12,11.2,-1.0
10.7,10.77,10.6,10.68,1.0
10.66,10.89,10.6,10.83,1.0
10.83,11.01,10.75,10.94,-1.0
10.94,10.94,10.86,10.91,-1.0
10.9,10.98,10.72,10.79,-1.0
10.82,10.82,10.68,10.78,1.0
10.81,11.01,10.77,10.93,1.0
11.0,11.14,10.89,11.06,-1.0
11.03,11.19,11.0,11.01,1.0
10.97,11.04,10.9,11.01,-1.0
11.03,11.08,10.85,10.85,-1.0
10.8,10.84,10.65,10.68,-1.0
10.65,10.68,10.57,10.6,1.0
10.58,10.74,10.58,10.74,1.0
10.75,10.88,10.67,10.85,1.0
10.91,11.15,10.81,10.98,-1.0
11.0,11.0,10.85,10.99,-1.0
11.08,11.08,10.91,11.0,-1.0
11.0,11.0,10.85,10.96,1.0
10.96,11.02,10.87,10.98,-1.0
11.0,11.0,10.85,10.88,-1.0
10.87,10.89,10.75,10.78,-1.0
10.75,10.75,10.67,10.71,1.0
10.6,10.75,10.6,10.7,1.0
10.75,10.83,10.7,10.76,0.0
10.74,10.76,10.67,10.74,-1.0
10.7,10.77,10.6,10.61,1.0
10.62,10.78,10.6,10.73,-1.0
10.84,10.89,10.69,10.69,1.0
10.72,10.75,10.71,10.75,-1.0
10.71,10.8,10.68,10.7,-1.0
10.7,10.7,10.4,10.59,-1.0
10.49,10.52,10.25,10.26,1.0
10.3,10.45,10.27,10.31,1.0
10.33,10.43,10.33,10.37,1.0
10.36,10.62,10.3,10.52,-1.0
10.55,10.57,10.48,10.52,1.0
10.52,10.72,10.51,10.65,1.0
10.65,10.76,10.63,10.69,1.0
10.68,10.77,10.68,10.72,1.0
10.7,10.82,10.68,10.8,-1.0
10.75,10.88,10.56,10.63,1.0
10.63,10.97,10.56,10.84,1.0
10.75,11.08,10.75,11.05,-1.0
11.08,11.08,10.95,11.02,1.0
11.02,11.28,11.0,11.19,-1.0
11.19,11.26,11.11,11.12,1.0
11.14,11.56,11.14,11.49,1.0
11.45,11.52,11.43,11.51,0.0
11.5,11.52,11.41,11.5,-1.0
11.46,11.5,11.27,11.28,1.0
11.28,11.41,11.19,11.37,1.0
11.42,11.89,11.28,11.77,1.0
11.76,11.82,11.63,11.81,0.0
11.79,11.9,11.7,11.79,-1.0
11.79,11.79,11.53,11.64,1.0
11.64,11.7,11.58,11.65,-1.0
11.68,11.76,11.61,11.67,0.0
11.67,11.75,11.31,11.67,1.0
11.65,11.78,11.5,11.76,1.0
11.5,11.7,11.48,11.54,1.0
11.5,11.72,11.46,11.69,1.0
11.73,11.87,11.73,11.82,-1.0
12.01,12.16,11.72,11.94,1.0
11.95,12.96,11.95,12.41,1.0
12.39,12.59,12.2,12.48,-1.0
12.48,12.5,12.28,12.32,-1.0
12.25,12.4,12.02,12.12,1.0
12.13,12.71,12.13,12.49,-1.0
12.51,12.6,12.32,12.43,-1.0
12.41,12.5,12.25,12.32,-1.0
12.32,12.37,12.05,12.29,1.0
12.29,12.68,12.29,12.56,-1.0
12.58,12.63,12.38,12.53,-1.0
12.6,12.61,12.39,12.49,-1.0
12.49,12.51,12.2,12.25,1.0
12.22,12.42,12.17,12.3,1.0
12.25,12.38,12.25,12.26,-1.0
12.23,12.27,12.06,12.19,-1.0
12.1,12.11,11.87,11.96,1.0
11.91,12.0,11.88,11.97,1.0
11.91,12.0,11.87,11.95,1.0
11.95,12.18,11.87,12.02,1.0
12.0,12.16,12.0,12.16,-1.0
12.16,12.2,11.7,12.04,0.0
12.04,12.04,12.04,12.04,-1.0
12.15,12.2,11.51,11.71,-1.0
11.71,11.72,11.32,11.53,1.0
11.5,11.54,11.27,11.53,-1.0
11.58,11.58,11.37,11.38,-1.0
11.36,11.38,11.23,11.25,-1.0
11.25,11.26,10.95,11.01,-1.0
10.99,11.0,10.7,10.71,1.0
10.68,10.82,10.62,10.74,1.0
10.75,10.9,10.74,10.9,1.0
10.85,10.95,10.81,10.86,1.0
10.86,11.3,10.86,11.28,-1.0
11.28,11.31,11.0,11.04,1.0
11.06,11.19,11.06,11.18,-1.0
11.3,11.38,11.15,11.19,-1.0
11.18,11.18,11.0,11.0,-1.0
11.0,11.07,10.96,10.98,-1.0
11.02,11.17,10.78,10.8,1.0
5.49,5.58,5.43,5.51,1.0
5.53,5.74,5.41,5.7,-1.0
5.78,5.99,5.71,5.72,1.0
5.7,5.78,5.61,5.73,-1.0
5.76,5.79,5.67,5.72,-1.0
5.69,5.77,5.52,5.55,-1.0
5.55,5.66,5.44,5.49,1.0
5.49,5.58,5.45,5.56,-1.0
5.58,5.7,5.51,5.57,1.0
5.57,5.67,5.55,5.64,1.0
5.68,5.9,5.64,5.78,-1.0
5.78,5.82,5.7,5.77,-1.0
5.77,5.77,5.57,5.59,-1.0
5.6,5.66,5.49,5.56,1.0
5.55,5.73,5.54,5.71,-1.0
5.75,5.78,5.63,5.7,-1.0
5.7,5.7,5.4,5.45,1.0
5.44,5.52,5.41,5.47,1.0
5.5,5.62,5.44,5.6,1.0
5.66,5.78,5.6,5.77,-1.0
5.76,5.76,5.6,5.62,1.0
5.6,5.74,5.57,5.66,1.0
5.68,5.83,5.64,5.8,-1.0
5.84,5.96,5.75,5.8,1.0
5.81,5.98,5.75,5.98,-1.0
6.01,6.06,5.86,5.92,1.0
5.92,6.18,5.88,6.17,-1.0
6.17,6.22,6.0,6.02,1.0
6.02,6.11,6.01,6.07,1.0
6.09,6.28,6.08,6.22,-1.0
6.25,6.26,6.15,6.18,-1.0
6.18,6.26,6.1,6.16,1.0
6.16,6.38,6.1,6.32,1.0
6.33,6.83,6.28,6.61,-1.0
6.6,6.71,6.4,6.51,1.0
6.5,6.55,6.33,6.52,1.0
6.52,6.77,6.47,6.73,1.0
6.73,6.8,6.68,6.78,-1.0
6.77,6.8,6.67,6.72,1.0
6.73,6.86,6.68,6.77,1.0
6.8,6.9,6.58,6.87,-1.0
6.86,7.05,6.84,6.85,1.0
6.82,6.9,6.78,6.89,1.0
6.88,7.14,6.87,7.12,1.0
7.16,7.7,7.15,7.58,1.0
7.58,8.2,7.38,8.02,-1.0
7.98,8.2,7.84,7.89,1.0
7.87,7.99,7.68,7.98,-1.0
7.98,8.09,7.86,7.89,-1.0
7.85,7.85,7.57,7.58,1.0
7.54,7.84,7.5,7.76,-1.0
7.76,7.86,7.6,7.72,1.0
7.69,7.85,7.51,7.78,1.0
7.76,8.1,7.61,8.03,-1.0
8.04,8.12,7.79,7.93,-1.0
7.89,7.95,7.67,7.76,1.0
7.74,7.88,7.61,7.8,-1.0
7.8,7.8,7.28,7.3,1.0
7.28,7.54,7.15,7.5,-1.0
7.55,7.6,7.25,7.34,1.0
7.33,7.5,7.26,7.47,-1.0
7.5,7.54,7.37,7.43,1.0
7.43,7.52,7.32,7.48,1.0
7.49,7.69,7.48,7.65,-1.0
7.66,7.67,7.27,7.29,-1.0
7.3,7.5,7.0,7.16,1.0
7.13,7.23,7.0,7.21,1.0
7.25,7.38,7.23,7.37,1.0
7.41,7.68,7.41,7.66,-1.0
7.66,7.71,7.52,7.54,1.0
7.55,7.94,7.55,7.84,-1.0
7.84,7.89,7.68,7.69,-1.0
7.69,7.74,7.55,7.6,-1.0
7.6,7.66,7.35,7.37,-1.0
7.37,7.44,7.3,7.31,1.0
7.31,7.7,7.31,7.69,-1.0
7.81,7.95,7.76,7.79,-1.0
7.75,7.85,7.62,7.74,1.0
7.75,8.04,7.75,7.98,1.0
8.0,8.1,7.92,8.02,-1.0
8.22,8.38,8.02,8.03,1.0
8.03,8.34,7.96,8.33,-1.0
8.35,8.45,8.0,8.02,-1.0
8.0,8.0,7.67,7.74,1.0
7.76,7.89,7.76,7.85,-1.0
7.89,7.89,7.55,7.73,-1.0
7.71,7.74,7.56,7.67,1.0
7.67,7.85,7.63,7.76,-1.0
7.73,7.75,7.5,7.59,-1.0
7.6,7.64,7.5,7.51,-1.0
7.45,7.47,7.19,7.2,-1.0
7.15,7.3,7.12,7.13,1.0
7.12,7.41,7.12,7.4,-1.0
7.42,7.44,7.28,7.39,0.0
7.39,7.43,7.3,7.39,1.0
7.39,7.64,7.35,7.55,0.0
7.58,7.68,7.48,7.58,-1.0
7.53,7.6,7.34,7.4,-1.0
7.36,7.48,7.28,7.29,1.0
7.3,7.43,7.3,7.4,-1.0
7.44,7.47,7.35,7.37,-1.0
7.37,7.4,7.25,7.34,1.0
7.41,7.49,7.35,7.49,-1.0
7.5,7.55,7.39,7.4,-1.0
7.39,7.45,7.35,7.37,0.0
7.38,7.46,7.33,7.38,-1.0
7.38,7.47,7.28,7.34,1.0
7.35,7.49,7.29,7.46,1.0
7.5,7.98,7.45,7.88,1.0
7.89,8.09,7.81,8.04,1.0
8.06,8.16,7.91,8.14,-1.0
8.14,8.18,8.03,8.13,-1.0
8.12,8.13,7.95,7.96,1.0
7.95,8.34,7.84,8.22,-1.0
8.25,8.3,7.87,7.91,0.0
7.9,7.98,7.73,7.9,-1.0
7.89,7.98,7.79,7.8,-1.0
7.79,7.9,7.62,7.7,0.0
7.7,7.85,7.68,7.7,-1.0
7.7,7.7,7.26,7.41,1.0
7.4,7.57,7.39,7.47,1.0
7.47,7.5,7.31,7.5,-1.0
7.5,7.5,7.31,7.36,1.0
7.37,7.49,7.3,7.48,1.0
7.5,7.63,7.48,7.52,-1.0
7.51,7.52,7.4,7.46,-1.0
7.48,7.57,7.39,7.42,-1.0
7.42,7.42,7.2,7.3,-1.0
7.35,7.36,7.22,7.26,-1.0
7.28,7.32,7.05,7.13,0.0
7.13,7.13,7.13,7.13,-1.0
6.98,6.98,6.52,6.62,1.0
6.61,6.85,6.61,6.85,-1.0
6.86,6.89,6.75,6.77,1.0
6.78,6.86,6.71,6.8,-1.0
6.8,6.8,6.64,6.71,1.0
6.75,6.86,6.65,6.86,-1.0
6.86,6.91,6.8,6.83,-1.0
6.83,6.85,6.7,6.73,1.0
6.73,6.77,6.68,6.74,-1.0
6.74,6.8,6.71,6.73,-1.0
6.73,6.73,6.35,6.38,-1.0
6.36,6.44,6.25,6.27,1.0
6.35,6.46,6.22,6.45,-1.0
6.47,6.48,6.31,6.32,1.0
6.33,6.46,6.31,6.45,1.0
6.45,6.57,6.38,6.56,-1.0
6.52,6.55,6.46,6.47,-1.0
6.47,6.47,6.35,6.4,1.0
6.38,6.42,6.3,6.4,-1.0
6.4,6.4,6.25,6.28,0.0
6.29,6.35,6.25,6.29,-1.0
6.35,6.35,5.96,5.98,-1.0
5.98,6.04,5.78,5.9,-1.0
5.97,6.05,5.88,5.88,-1.0
5.86,5.86,5.59,5.61,-1.0
5.99,5.99,5.55,5.82,1.0
5.87,5.94,5.76,5.9,-1.0
5.81,5.89,5.69,5.72,1.0
5.7,5.76,5.68,5.72,1.0
5.65,5.76,5.59,5.75,1.0
5.77,5.9,5.76,5.87,-1.0
5.9,5.92,5.8,5.87,-1.0
5.91,5.94,5.87,5.88,-1.0
5.88,5.88,5.72,5.72,-1.0
5.7,5.75,5.61,5.66,1.0
5.66,5.75,5.6,5.74,-1.0
5.8,5.81,5.65,5.67,1.0
5.65,5.9,5.63,5.89,-1.0
5.91,5.91,5.8,5.85,1.0
5.83,5.92,5.8,5.92,1.0
5.95,6.09,5.91,6.08,-1.0
6.05,6.06,5.99,6.01,1.0
6.01,6.05,5.97,6.04,-1.0
6.04,6.12,6.02,6.03,-1.0
6.0,6.0,5.85,5.85,1.0
5.85,5.91,5.85,5.9,-1.0
6.02,6.02,5.81,5.92,1.0
5.93,6.06,5.86,6.06,1.0
6.12,6.25,6.07,6.23,1.0
6.23,6.29,6.17,6.24,-1.0
6.24,6.24,6.13,6.18,1.0
6.18,6.25,6.18,6.21,-1.0
6.23,6.26,5.97,6.0,1.0
5.98,6.14,5.95,6.13,-1.0
6.12,6.12,6.01,6.07,-1.0
6.07,6.09,6.0,6.06,-1.0
5.98,5.98,5.45,5.55,1.0
5.54,5.63,5.45,5.61,-1.0
5.61,5.67,5.58,5.6,1.0
5.51,5.63,5.51,5.57,-1.0
5.57,5.6,5.52,5.53,1.0
5.55,5.75,5.5,5.63,1.0
5.67,5.97,5.67,5.72,-1.0
5.7,5.74,5.61,5.67,1.0
5.7,5.76,5.63,5.75,-1.0
5.78,5.8,5.71,5.74,-1.0
5.76,5.76,5.62,5.65,-1.0
5.6,5.61,5.55,5.58,1.0
5.56,5.69,5.55,5.65,-1.0
5.6,5.63,5.53,5.58,1.0
5.53,5.62,5.53,5.58,1.0
5.57,5.64,5.55,5.59,-1.0
5.6,5.6,5.5,5.58,0.0
5.58,5.6,5.48,5.58,1.0
5.51,5.53,5.48,5.52,-1.0
5.5,5.6,5.23,5.4,-1.0
5.39,5.45,5.36,5.37,-1.0
5.37,5.42,5.25,5.28,-1.0
5.26,5.3,5.23,5.25,1.0
5.25,5.3,5.18,5.27,-1.0
5.4,5.48,5.3,5.34,-1.0
5.35,5.35,5.23,5.23,1.0
5.22,5.34,5.2,5.31,-1.0
5.26,5.32,5.23,5.24,0.0
5.24,5.24,5.24,5.24,-1.0
5.15,5.15,4.92,4.93,1.0
4.93,5.02,4.93,4.99,-1.0
4.98,4.98,4.85,4.9,1.0
4.89,4.95,4.83,4.94,1.0
4.9,4.95,4.88,4.93,1.0
4.93,5.07,4.93,5.04,1.0
5.05,5.41,5.0,5.36,1.0
5.34,5.44,5.26,5.37,1.0
5.36,5.62,5.34,5.59,1.0
5.63,5.84,5.6,5.82,-1.0
5.63,5.78,5.54,5.61,-1.0
5.6,5.65,5.37,5.37,1.0
5.4,5.64,5.3,5.62,-1.0
5.69,5.87,5.59,5.6,-1.0
5.65,5.83,5.51,5.6,1.0
5.62,5.71,5.46,5.7,-1.0
5.7,5.7,5.55,5.59,-1.0
5.59,5.59,5.39,5.4,1.0
5.4,5.55,5.32,5.51,-1.0
5.53,5.54,5.37,5.38,-1.0
5.38,5.39,5.08,5.17,-1.0
5.16,5.2,5.1,5.15,-1.0
5.15,5.16,4.83,4.87,1.0
4.87,4.98,4.8,4.91,1.0
4.93,5.03,4.91,4.96,1.0
4.96,5.05,4.96,4.99,-1.0
5.08,5.08,4.91,4.99,-1.0
5.0,5.05,4.91,4.94,1.0
4.94,5.05,4.9,5.0,1.0
5.03,5.12,5.02,5.07,1.0
5.07,5.15,4.98,5.13,-1.0
5.13,5.15,5.0,5.11,1.0
5.12,5.31,5.1,5.29,1.0
5.26,5.29,5.05,5.27,-1.0
5.33,5.47,5.27,5.28,-1.0
5.25,5.25,5.13,5.19,1.0
5.19,5.29,5.18,5.28,-1.0
5.28,5.3,5.08,5.1,-1.0
5.1,5.17,5.03,5.08,-1.0
5.08,5.08,5.01,5.04,1.0
5.05,5.16,5.03,5.11,1.0
5.17,5.35,5.05,5.31,-1.0
5.33,5.41,5.26,5.3,1.0
5.25,5.36,5.25,5.28,1.0
5.29,5.38,5.29,5.34,-1.0
5.37,5.38,5.31,5.35,-1.0
5.35,5.36,5.24,5.25,1.0
5.26,5.29,5.23,5.29,1.0
5.29,5.36,5.29,5.34,1.0
5.35,5.42,5.35,5.39,-1.0
5.4,5.41,5.29,5.3,1.0
5.3,5.36,5.25,5.33,-1.0
5.3,5.33,5.23,5.24,1.0
5.24,5.29,5.22,5.26,-1.0
5.27,5.27,5.1,5.1,1.0
5.1,5.15,5.09,5.12,-1.0
5.11,5.14,5.06,5.08,1.0
5.09,5.1,5.05,5.1,1.0
5.1,5.16,5.06,5.15,-1.0
5.18,5.18,5.03,5.09,-1.0
5.09,5.13,5.04,5.06,-1.0
5.11,5.14,5.01,5.02,1.0
5.02,5.11,5.0,5.07,-1.0
5.09,5.09,4.95,4.95,0.0
4.94,4.97,4.9,4.94,-1.0
4.95,4.99,4.91,4.92,1.0
4.92,4.94,4.87,4.93,-1.0
4.91,4.97,4.9,4.9,-1.0
4.9,4.95,4.87,4.89,-1.0
4.88,4.88,4.74,4.74,-1.0
4.8,4.8,4.6,4.63,1.0
4.63,4.8,4.61,4.78,-1.0
4.78,4.79,4.65,4.65,1.0
4.6,4.68,4.55,4.66,-1.0
4.66,4.67,4.54,4.58,-1.0
4.6,4.6,4.47,4.5,-1.0
4.5,4.54,4.4,4.41,-1.0
4.41,4.42,4.34,4.38,0.0
4.4,4.47,4.36,4.4,1.0
4.4,4.5,4.34,4.48,1.0
4.46,4.59,4.45,4.57,-1.0
4.56,4.57,4.42,4.51,-1.0
4.51,4.55,4.45,4.5,1.0
4.48,4.55,4.45,4.52,1.0
4.5,4.54,4.44,4.52,1.0
4.56,4.71,4.56,4.67,-1.0
4.67,4.69,4.6,4.63,-1.0
4.63,4.68,4.53,4.54,-1.0
4.48,4.5,4.4,4.43,1.0
4.45,4.49,4.38,4.48,-1.0
4.48,4.52,4.42,4.47,-1.0
4.43,4.43,4.36,4.38,1.0
4.37,4.55,4.34,4.51,-1.0
4.66,4.69,4.52,4.55,1.0
4.5,4.55,4.48,4.53,1.0
4.48,4.67,4.48,4.6,-1.0
4.56,4.56,4.48,4.49,0.0
4.49,4.49,4.49,4.49,-1.0
4.45,4.62,4.1,4.11,1.0
4.11,4.22,4.11,4.16,1.0
4.16,4.38,4.15,4.36,-1.0
4.4,4.47,4.3,4.31,1.0
4.3,4.41,4.28,4.36,-1.0
4.44,4.45,4.36,4.4,-1.0
4.4,4.4,4.35,4.36,1.0
4.4,4.52,4.38,4.44,1.0
4.44,4.53,4.44,4.53,1.0
4.55,4.65,4.49,4.62,-1.0
4.65,4.68,4.56,4.63,-1.0
4.62,4.63,4.54,4.61,1.0
4.6,4.69,4.58,4.64,-1.0
4.64,4.65,4.56,4.58,-1.0
4.58,4.62,4.56,4.57,1.0
4.65,4.81,4.57,4.69,1.0
4.69,4.88,4.62,4.83,-1.0
4.82,4.82,4.71,4.73,0.0
4.72,4.76,4.66,4.72,1.0
4.75,4.88,4.7,4.85,-1.0
4.87,4.89,4.82,4.86,-1.0
4.86,4.86,4.68,4.69,1.0
4.69,4.73,4.58,4.73,-1.0
4.72,4.72,4.55,4.63,0.0
4.63,4.7,4.61,4.63,-1.0
4.65,4.65,4.5,4.5,1.0
4.5,4.57,4.48,4.52,1.0
4.56,4.75,4.55,4.62,1.0
4.61,4.8,4.57,4.77,1.0
4.76,4.86,4.66,4.8,1.0
4.79,5.0,4.75,4.9,1.0
4.89,4.93,4.77,4.92,-1.0
4.92,4.96,4.78,4.84,1.0
4.84,4.93,4.76,4.92,-1.0
4.9,5.03,4.83,4.84,-1.0
4.81,4.83,4.6,4.61,1.0
4.58,4.69,4.53,4.68,1.0
4.66,4.92,4.48,4.84,0.0
4.84,4.84,4.84,4.84,-1.0
4.76,4.76,4.62,4.67,1.0
4.65,5.14,4.65,5.06,1.0
5.04,5.26,5.01,5.11,1.0
5.15,5.23,5.07,5.19,-1.0
5.2,5.21,5.06,5.1,-1.0
5.1,5.13,4.96,5.06,-1.0
5.15,5.23,5.07,5.12,-1.0
5.14,5.15,5.01,5.02,1.0
5.0,5.09,4.94,5.05,1.0
5.0,5.18,4.98,5.14,-1.0
5.14,5.21,5.07,5.09,1.0
5.09,5.2,5.04,5.2,1.0
5.2,5.33,5.17,5.29,-1.0
5.29,5.4,5.02,5.06,1.0
5.1,5.22,4.98,5.21,1.0
5.18,5.3,5.1,5.19,-1.0
5.25,5.25,5.08,5.09,1.0
5.05,5.22,5.04,5.2,-1.0
5.22,5.22,5.05,5.1,-1.0
5.05,5.15,4.82,4.85,1.0
4.81,4.95,4.76,4.94,-1.0
4.95,4.95,4.76,4.77,-1.0
4.73,4.76,4.43,4.45,1.0
4.44,4.61,4.41,4.59,1.0
4.55,4.65,4.53,4.6,1.0
4.55,4.73,4.52,4.63,1.0
4.66,4.75,4.62,4.68,1.0
4.7,4.77,4.66,4.75,1.0
4.77,4.95,4.75,4.91,-1.0
4.71,4.74,4.65,4.67,1.0
4.67,4.77,4.63,4.76,-1.0
4.78,4.81,4.67,4.7,-1.0
4.66,4.74,4.48,4.51,-1.0
4.5,4.58,4.44,4.47,1.0
4.47,4.57,4.4,4.55,-1.0
4.55,4.58,4.45,4.47,-1.0
4.43,4.47,4.21,4.24,-1.0
4.21,4.22,3.82,3.92,1.0
3.89,3.96,3.85,3.95,1.0
3.91,4.1,3.85,4.05,-1.0
4.05,4.16,3.98,4.0,1.0
3.99,4.36,3.99,4.34,-1.0
4.38,4.49,4.29,4.37,-1.0
4.39,4.39,4.19,4.22,1.0
4.19,4.27,4.05,4.2,-1.0
4.2,4.22,4.06,4.06,-1.0
4.04,4.06,3.95,3.96,1.0
3.96,4.02,3.9,4.01,1.0
3.99,4.07,3.85,4.02,1.0
4.0,4.13,3.9,4.13,1.0
4.14,4.22,4.1,4.15,-1.0
4.15,4.16,4.06,4.11,-1.0
4.11,4.17,4.07,4.07,1.0
4.04,4.16,4.03,4.15,1.0
4.2,4.32,4.2,4.23,-1.0
4.2,4.2,4.1,4.13,-1.0
4.19,4.2,4.1,4.12,-1.0
4.1,4.1,3.98,3.99,-1.0
3.98,3.99,3.89,3.89,1.0
3.85,3.95,3.83,3.95,-1.0
3.95,3.95,3.72,3.73,-1.0
3.72,3.75,3.43,3.55,1.0
3.5,3.57,3.49,3.53,-1.0
3.52,3.52,3.42,3.45,-1.0
3.47,3.58,3.36,3.4,1.0
3.4,3.54,3.37,3.51,-1.0
3.5,3.56,3.42,3.49,1.0
3.43,3.51,3.43,3.47,-1.0
3.5,3.51,3.34,3.36,-1.0
3.36,3.36,3.15,3.16,1.0
3.15,3.24,3.14,3.2,1.0
3.2,3.27,3.16,3.25,-1.0
3.23,3.25,3.15,3.22,1.0
3.22,3.35,3.22,3.31,-1.0
3.31,3.31,3.25,3.26,1.0
3.27,3.44,3.26,3.41,1.0
3.43,3.47,3.36,3.47,0.0
3.46,3.51,3.41,3.46,-1.0
3.46,3.46,3.37,3.41,0.0
3.41,3.47,3.39,3.41,1.0
3.41,3.56,3.41,3.55,1.0
3.55,3.67,3.55,3.61,1.0
3.6,3.67,3.57,3.65,1.0
3.75,3.82,3.71,3.82,1.0
3.85,4.05,3.85,3.97,1.0
3.98,4.01,3.9,4.0,-1.0
4.0,4.01,3.9,3.98,1.0
3.98,4.08,3.91,4.06,-1.0
4.05,4.06,3.89,3.9,1.0
3.89,4.09,3.86,4.08,1.0
4.08,4.29,4.06,4.14,1.0
4.14,4.16,4.03,4.16,-1.0
4.15,4.19,3.91,3.93,1.0
3.91,4.02,3.88,4.01,1.0
3.99,4.08,3.96,4.07,-1.0
4.06,4.06,3.92,3.96,1.0
3.95,4.04,3.93,3.99,-1.0
4.0,4.04,3.96,3.99,1.0
4.01,4.12,3.98,4.1,-1.0
4.1,4.12,4.02,4.09,-1.0
4.1,4.14,4.05,4.08,1.0
4.05,4.27,4.05,4.25,1.0
4.23,4.29,4.18,4.29,-1.0
4.32,4.33,4.2,4.25,1.0
4.28,4.31,4.19,4.3,1.0
4.35,4.52,4.27,4.38,1.0
4.38,4.5,4.33,4.49,1.0
4.5,4.66,4.49,4.59,-1.0
4.6,4.67,4.55,4.59,-1.0
4.59,4.7,4.51,4.56,1.0
4.56,4.62,4.47,4.62,-1.0
4.62,4.62,4.54,4.6,1.0
4.59,4.73,4.56,4.68,-1.0
4.68,4.7,4.61,4.65,1.0
4.64,4.67,4.59,4.66,-1.0
4.69,4.69,4.5,4.55,-1.0
4.54,4.54,4.44,4.44,-1.0
4.41,4.43,4.15,4.27,-1.0
4.27,4.32,4.16,4.26,1.0
4.24,4.3,4.21,4.26,-1.0
4.26,4.3,4.14,4.14,-1.0
4.14,4.19,4.0,4.06,1.0
4.1,4.17,4.07,4.17,-1.0
4.2,4.2,4.15,4.16,-1.0
4.16,4.16,4.06,4.06,1.0
4.06,4.17,4.02,4.17,1.0
4.19,4.32,4.11,4.27,1.0
4.27,4.3,4.2,4.29,-1.0
4.29,4.34,4.15,4.16,1.0
4.15,4.27,4.15,4.25,1.0
4.25,4.43,4.25,4.41,-1.0
4.41,4.45,4.33,4.34,-1.0
4.32,4.34,4.22,4.31,1.0
4.31,4.44,4.31,4.44,1.0
4.44,4.6,4.44,4.54,-1.0
4.54,4.54,4.38,4.39,1.0
4.35,4.43,4.29,4.41,1.0
4.35,4.58,4.34,4.51,1.0
4.54,4.61,4.32,4.58,0.0
4.58,4.58,4.58,4.58,0.0
4.58,4.58,4.58,4.58,0.0
4.58,4.58,4.58,4.58,0.0
4.58,4.58,4.58,4.58,0.0
4.58,4.58,4.58,4.58,0.0
4.58,4.58,4.58,4.58,0.0
4.58,4.58,4.58,4.58,0.0
4.58,4.58,4.58,4.58,-1.0
4.6,4.6,4.35,4.41,1.0
4.33,4.44,4.32,4.42,-1.0
4.42,4.42,4.2,4.21,1.0
4.2,4.32,4.12,4.23,1.0
4.18,4.25,4.09,4.23,-1.0
4.23,4.26,4.1,4.12,1.0
4.11,4.32,4.11,4.3,-1.0
4.3,4.35,4.24,4.25,1.0
4.26,4.39,4.26,4.3,1.0
4.29,4.38,4.29,4.35,-1.0
4.34,4.34,4.14,4.28,-1.0
4.25,4.25,4.15,4.23,-1.0
4.28,4.28,4.08,4.16,0.0
4.16,4.16,4.16,4.16,0.0
4.16,4.16,4.16,4.16,0.0
4.16,4.16,4.16,4.16,0.0
4.16,4.16,4.16,4.16,0.0
4.16,4.16,4.16,4.16,0.0
4.16,4.16,4.16,4.16,0.0
4.16,4.16,4.16,4.16,0.0
4.16,4.16,4.16,4.16,0.0
4.16,4.16,4.16,4.16,0.0
4.16,4.16,4.16,4.16,0.0
4.16,4.16,4.16,4.16,0.0
4.16,4.16,4.16,4.16,0.0
4.16,4.16,4.16,4.16,0.0
4.16,4.16,4.16,4.16,0.0
4.16,4.16,4.16,4.16,1.0
3.35,3.42,3.33,3.4,-1.0
3.38,3.41,3.35,3.37,1.0
3.35,3.37,3.32,3.37,1.0
3.37,3.44,3.34,3.43,1.0
3.43,3.56,3.42,3.55,1.0
3.55,3.58,3.52,3.57,-1.0
3.57,3.57,3.5,3.56,1.0
3.56,3.6,3.53,3.57,-1.0
3.58,3.6,3.51,3.51,1.0
3.47,3.53,3.44,3.53,-1.0
3.52,3.56,3.47,3.5,1.0
3.5,3.58,3.48,3.53,1.0
3.54,3.65,3.54,3.65,-1.0
3.65,3.65,3.58,3.64,-1.0
3.64,3.64,3.53,3.56,1.0
3.55,3.61,3.54,3.6,1.0
3.6,3.65,3.55,3.63,1.0
3.62,3.67,3.59,3.64,-1.0
3.64,3.67,3.56,3.6,1.0
3.63,3.72,3.62,3.7,-1.0
3.7,3.72,3.64,3.68,-1.0
3.68,3.7,3.61,3.65,1.0
3.65,3.68,3.61,3.68,1.0
3.68,3.74,3.65,3.69,-1.0
3.69,3.7,3.61,3.66,1.0
3.66,3.75,3.65,3.75,1.0
3.75,3.88,3.73,3.85,-1.0
3.9,3.96,3.83,3.87,-1.0
3.86,3.91,3.78,3.8,1.0
3.8,3.92,3.8,3.9,0.0
3.93,3.97,3.87,3.93,-1.0
3.93,3.95,3.84,3.91,-1.0
3.91,3.93,3.86,3.89,-1.0
3.9,3.9,3.71,3.74,1.0
3.71,3.79,3.67,3.74,1.0
3.73,3.82,3.71,3.8,1.0
3.83,3.89,3.76,3.87,-1.0
3.92,3.96,3.84,3.84,-1.0
3.84,3.9,3.8,3.83,1.0
3.83,3.87,3.82,3.86,-1.0
3.86,3.89,3.81,3.82,-1.0
3.8,3.81,3.69,3.77,1.0
3.75,3.8,3.72,3.78,-1.0
3.78,3.79,3.64,3.65,1.0
3.62,3.68,3.57,3.63,-1.0
3.64,3.71,3.62,3.63,-1.0
3.64,3.65,3.5,3.51,1.0
3.5,3.54,3.45,3.52,-1.0
3.53,3.55,3.48,3.48,1.0
3.48,3.55,3.48,3.53,1.0
3.54,3.59,3.52,3.57,-1.0
3.57,3.58,3.51,3.54,1.0
3.51,3.57,3.51,3.56,0.0
3.56,3.6,3.54,3.56,-1.0
3.58,3.58,3.51,3.57,1.0
3.57,3.64,3.55,3.63,0.0
3.63,3.66,3.6,3.63,1.0
3.63,3.66,3.59,3.65,1.0
3.66,3.71,3.66,3.7,-1.0
3.7,3.7,3.6,3.61,-1.0
3.61,3.63,3.53,3.59,1.0
3.59,3.61,3.55,3.6,1.0
3.59,3.67,3.57,3.63,-1.0
3.62,3.62,3.55,3.55,1.0
3.55,3.6,3.52,3.6,1.0
3.59,3.64,3.55,3.63,1.0
3.64,3.82,3.64,3.77,0.0
3.77,3.78,3.71,3.77,-1.0
3.77,3.8,3.72,3.73,-1.0
3.74,3.78,3.67,3.73,1.0
3.74,3.86,3.73,3.85,1.0
3.85,3.9,3.76,3.87,1.0
3.88,4.02,3.86,3.97,-1.0
3.97,3.99,3.77,3.77,1.0
3.75,3.88,3.74,3.87,1.0
3.86,3.96,3.82,3.89,-1.0
3.89,3.92,3.8,3.83,-1.0
3.82,3.83,3.75,3.79,-1.0
3.8,3.83,3.64,3.68,1.0
3.66,3.76,3.64,3.74,-1.0
3.74,3.74,3.6,3.6,1.0
3.6,3.68,3.55,3.65,1.0
3.66,3.73,3.59,3.73,1.0
3.73,3.84,3.71,3.82,1.0
3.82,3.93,3.75,3.91,1.0
3.91,3.97,3.88,3.96,1.0
3.98,4.29,3.9,4.18,-1.0
4.18,4.2,4.09,4.16,-1.0
4.15,4.23,3.99,4.0,1.0
3.97,4.15,3.95,4.11,1.0
4.13,4.28,4.08,4.28,-1.0
4.29,4.3,4.08,4.1,1.0
4.16,4.45,4.11,4.37,1.0
4.41,4.54,4.38,4.49,1.0
4.49,4.56,4.37,4.5,0.0
4.5,4.5,4.5,4.5,-1.0
4.5,4.53,4.2,4.2,-1.0
4.2,4.31,4.0,4.08,-1.0
4.0,4.0,3.88,3.99,1.0
3.99,4.04,3.93,4.03,1.0
4.03,4.15,3.97,4.13,-1.0
4.13,4.15,4.02,4.1,-1.0
4.07,4.07,3.94,3.97,1.0
3.97,4.16,3.95,4.13,1.0
4.2,4.54,4.2,4.48,1.0
4.48,4.54,4.33,4.52,-1.0
4.49,4.49,4.35,4.37,-1.0
4.37,4.44,3.98,4.0,1.0
3.99,4.14,3.9,4.12,-1.0
4.1,4.1,3.97,3.99,1.0
3.98,4.07,3.95,4.0,0.0
4.0,4.07,3.96,4.0,-1.0
4.0,4.0,3.88,3.92,1.0
3.92,3.98,3.91,3.94,1.0
3.98,4.05,3.95,4.05,1.0
4.01,4.11,3.98,4.07,1.0
4.08,4.1,4.01,4.09,-1.0
4.07,4.1,4.01,4.05,1.0
4.05,4.08,4.02,4.07,0.0
3.93,3.97,3.9,3.93,1.0
3.93,4.05,3.93,4.04,-1.0
4.05,4.05,3.98,4.0,1.0
4.0,4.09,3.98,4.06,1.0
4.05,4.14,4.05,4.13,-1.0
4.14,4.16,4.07,4.09,1.0
4.09,4.3,4.09,4.29,-1.0
4.32,4.33,4.17,4.22,-1.0
4.21,4.22,4.12,4.16,1.0
4.16,4.36,4.15,4.32,-1.0
4.35,4.38,4.25,4.29,1.0
4.29,4.48,4.29,4.4,-1.0
4.4,4.44,4.33,4.38,-1.0
4.35,4.48,4.29,4.31,-1.0
4.3,4.31,4.03,4.05,1.0
4.0,4.28,3.98,4.21,1.0
4.2,4.26,4.13,4.25,1.0
4.24,4.33,4.18,4.32,-1.0
4.32,4.32,4.17,4.2,1.0
4.18,4.3,4.14,4.29,1.0
4.29,4.39,4.27,4.36,1.0
4.3,4.55,4.21,4.48,-1.0
4.49,4.63,4.45,4.46,1.0
4.45,4.56,4.4,4.49,-1.0
4.47,4.5,4.32,4.45,1.0
4.46,4.6,4.35,4.56,-1.0
4.54,4.56,4.39,4.44,-1.0
4.4,4.49,4.24,4.32,1.0
4.27,4.41,4.27,4.34,0.0
4.35,4.38,4.26,4.35,-1.0
4.34,4.39,4.26,4.28,-1.0
4.25,4.25,4.09,4.12,1.0
4.14,4.35,4.14,4.33,1.0
4.32,4.41,4.26,4.33,1.0
4.33,4.42,4.3,4.4,1.0
4.36,4.55,4.35,4.5,-1.0
4.5,4.55,4.37,4.38,1.0
4.37,4.59,4.35,4.57,1.0
4.56,4.65,4.54,4.59,1.0
4.52,4.6,4.42,4.59,1.0
4.55,4.65,4.5,4.57,1.0
4.39,4.77,4.38,4.7,1.0
4.7,4.75,4.64,4.71,-1.0
4.7,4.72,4.59,4.6,1.0
4.58,4.75,4.56,4.75,-1.0
4.78,4.85,4.69,4.71,1.0
4.78,4.8,4.68,4.79,-1.0
4.79,4.88,4.69,4.74,1.0
4.7,4.79,4.7,4.72,-1.0
4.7,4.74,4.59,4.61,-1.0
4.62,4.7,4.53,4.6,1.0
4.59,4.78,4.59,4.76,-1.0
4.79,4.8,4.68,4.75,1.0
4.66,4.78,4.66,4.75,-1.0
4.73,4.76,4.6,4.62,1.0
4.61,4.68,4.61,4.63,0.0
4.63,4.63,4.52,4.63,-1.0
4.63,4.66,4.6,4.61,1.0
4.58,4.69,4.49,4.64,-1.0
4.62,4.62,4.53,4.58,1.0
4.54,4.8,4.54,4.7,-1.0
4.72,4.74,4.66,4.71,1.0
4.71,4.86,4.66,4.85,-1.0
4.85,4.93,4.77,4.84,1.0
4.85,4.93,4.81,4.88,-1.0
4.88,4.88,4.76,4.8,1.0
4.87,5.06,4.8,5.02,-1.0
5.01,5.02,4.89,4.97,-1.0
4.96,4.97,4.84,4.89,1.0
4.89,5.01,4.87,4.94,-1.0
4.99,5.01,4.89,4.93,-1.0
4.98,5.0,4.82,4.92,-1.0
4.89,4.89,4.78,4.85,-1.0
4.86,4.88,4.7,4.78,1.0
4.77,4.89,4.75,4.78,-1.0
4.78,4.85,4.74,4.76,1.0
4.76,4.8,4.7,4.77,1.0
4.78,4.87,4.75,4.81,-1.0
4.82,4.86,4.78,4.81,1.0
4.81,4.84,4.73,4.83,-1.0
4.83,4.83,4.73,4.75,-1.0
4.73,4.75,4.58,4.59,1.0
4.6,4.71,4.6,4.69,-1.0
4.7,4.76,4.6,4.65,-1.0
4.65,4.67,4.55,4.58,1.0
4.57,4.62,4.51,4.58,1.0
4.57,4.73,4.53,4.66,1.0
4.65,4.83,4.64,4.82,-1.0
4.83,4.83,4.75,4.8,-1.0
4.77,4.79,4.71,4.76,0.0
4.76,4.83,4.73,4.76,-1.0
4.71,4.77,4.6,4.67,1.0
4.67,4.75,4.63,4.7,-1.0
4.7,4.73,4.61,4.62,1.0
4.62,4.77,4.62,4.7,-1.0
4.7,4.7,4.5,4.53,-1.0
4.53,4.59,4.36,4.41,1.0
4.38,4.48,4.19,4.48,1.0
4.44,4.63,4.42,4.57,0.0
4.58,4.63,4.54,4.58,1.0
4.55,4.65,4.52,4.65,1.0
4.67,4.68,4.58,4.68,-1.0
4.7,4.7,4.59,4.67,1.0
4.67,4.84,4.65,4.84,1.0
4.82,4.9,4.8,4.88,1.0
4.88,5.37,4.77,5.27,1.0
5.27,5.5,5.25,5.33,1.0
5.33,5.4,5.13,5.35,1.0
5.21,5.37,5.16,5.34,1.0
5.37,5.57,5.34,5.39,1.0
5.38,5.86,5.37,5.78,1.0
5.78,6.17,5.75,5.82,-1.0
5.9,6.08,5.66,5.87,1.0
5.9,6.46,5.71,6.16,-1.0
6.19,6.3,6.07,6.08,-1.0
5.98,5.98,5.47,5.63,1.0
5.5,5.77,5.5,5.7,-1.0
5.72,5.82,5.48,5.61,-1.0
5.61,5.63,5.45,5.51,1.0
5.49,5.82,5.49,5.79,1.0
5.77,5.88,5.67,5.79,-1.0
5.8,5.89,5.71,5.78,1.0
5.8,5.83,5.56,5.82,1.0
5.87,6.26,5.83,6.09,-1.0
6.07,6.15,5.89,5.93,-1.0
5.83,5.97,5.75,5.77,-1.0
5.73,5.87,5.67,5.71,-1.0
5.72,5.76,5.56,5.58,-1.0
5.61,5.7,5.49,5.58,-1.0
5.58,5.6,5.32,5.4,1.0
5.42,5.68,5.42,5.52,-1.0
5.55,5.65,5.44,5.53,1.0
5.53,5.99,5.45,5.82,1.0
5.82,6.25,5.8,6.2,1.0
6.22,6.42,6.11,6.25,1.0
6.24,6.52,6.2,6.51,1.0
6.53,7.15,6.53,7.03,-1.0
6.97,7.14,6.51,6.57,1.0
6.62,7.01,6.55,6.98,1.0
7.06,7.36,6.98,7.3,-1.0
7.33,7.33,6.76,6.9,1.0
6.89,7.22,6.8,7.1,1.0
7.18,7.81,7.18,7.81,1.0
7.95,8.36,7.95,8.15,1.0
8.08,8.3,7.77,8.25,1.0
8.15,8.56,7.91,8.28,-1.0
8.09,8.22,7.8,7.8,1.0
7.56,7.82,7.02,7.73,1.0
7.72,8.07,7.72,8.01,-1.0
8.05,8.08,7.6,7.75,-1.0
7.66,7.67,7.1,7.13,1.0
7.12,7.31,6.98,7.24,1.0
7.3,7.65,7.17,7.39,1.0
7.51,8.13,7.51,8.13,-1.0
8.13,8.39,7.8,8.11,1.0
8.13,8.66,7.93,8.45,1.0
8.4,9.1,8.3,9.03,-1.0
8.95,8.98,8.65,8.85,1.0
8.8,8.98,8.64,8.81,-1.0
8.75,8.81,8.38,8.58,1.0
8.6,9.17,8.6,8.76,1.0
8.88,9.38,8.77,9.26,-1.0
9.28,9.4,9.1,9.11,1.0
9.12,9.34,9.01,9.3,-1.0
9.3,9.36,8.37,8.37,1.0
8.19,8.75,8.03,8.65,1.0
8.62,9.52,8.25,9.52,0.0
9.52,9.52,9.52,9.52,0.0
9.52,9.52,9.52,9.52,0.0
10.47,10.47,9.52,10.47,1.0
10.35,10.83,10.01,10.47,-1.0
10.47,10.59,10.21,10.33,1.0
10.37,10.87,10.25,10.49,1.0
10.7,11.2,10.45,11.02,-1.0
11.04,11.15,10.7,10.95,-1.0
10.75,10.95,10.37,10.57,1.0
10.5,10.83,10.49,10.62,-1.0
10.62,10.7,10.0,10.22,1.0
9.9,10.68,9.8,10.59,-1.0
10.6,10.7,10.37,10.5,-1.0
10.59,10.6,10.32,10.5,1.0
10.52,11.28,10.52,10.86,1.0
10.85,11.28,10.68,11.22,-1.0
11.65,11.65,11.29,11.4,1.0
11.6,12.0,11.6,11.88,-1.0
11.79,11.86,10.82,11.59,-1.0
11.6,11.74,11.03,11.09,1.0
11.1,11.49,11.1,11.33,1.0
11.4,11.73,11.26,11.7,1.0
11.72,11.91,11.61,11.82,-1.0
11.84,11.89,11.51,11.65,1.0
11.65,11.76,11.5,11.68,1.0
11.59,12.05,11.5,11.86,-1.0
12.0,12.09,11.68,11.96,-1.0
11.96,11.96,11.36,11.81,1.0
11.75,11.94,11.51,11.78,1.0
11.78,12.49,11.68,12.46,-1.0
12.46,13.05,12.15,12.33,1.0
12.33,13.05,12.31,12.69,-1.0
12.8,12.89,12.2,12.69,1.0
12.73,13.0,12.4,12.85,-1.0
12.79,12.79,11.57,11.86,1.0
11.94,12.55,11.9,12.43,1.0
12.58,13.26,12.5,13.04,-1.0
13.11,13.55,12.92,13.09,-1.0
13.01,13.02,12.5,12.82,1.0
12.9,13.24,12.8,13.02,-1.0
13.16,13.5,13.02,13.09,1.0
12.9,13.24,12.78,12.92,1.0
13.3,13.59,12.95,13.57,1.0
13.5,14.93,13.3,14.93,-1.0
15.31,15.38,14.69,14.95,-1.0
15.1,15.1,14.41,14.7,1.0
14.7,15.44,14.51,15.2,-1.0
15.21,15.85,14.95,15.02,1.0
15.02,15.29,14.27,15.19,1.0
15.35,15.79,15.11,15.43,-1.0
15.51,15.6,15.0,15.09,1.0
14.59,15.15,14.38,15.0,1.0
15.1,15.7,14.88,15.42,1.0
15.63,16.96,15.3,16.96,-1.0
17.2,17.36,15.8,16.69,1.0
16.7,17.16,16.4,16.81,-1.0
17.01,17.35,16.6,16.9,1.0
17.0,18.59,17.0,18.59,-1.0
16.78,18.4,16.73,16.73,-1.0
16.3,16.93,15.06,15.96,-1.0
15.96,16.25,14.36,14.36,-1.0
14.56,14.87,12.92,12.99,1.0
12.86,14.29,12.0,14.29,0.0
14.39,14.9,13.62,14.39,1.0
14.4,14.88,14.2,14.74,1.0
14.74,15.37,14.6,14.81,1.0
15.0,16.29,14.77,16.21,1.0
15.89,16.95,15.5,16.73,1.0
16.8,17.26,16.55,16.85,-1.0
16.79,16.9,16.09,16.14,1.0
16.1,16.85,15.65,16.43,1.0
17.11,17.88,16.9,17.52,0.0
17.52,17.52,17.52,17.52,0.0
17.52,17.52,17.52,17.52,-1.0
17.65,17.65,16.05,16.51,-1.0
16.35,16.35,14.86,14.86,-1.0
14.95,15.25,13.6,13.93,1.0
13.6,14.52,13.5,14.32,1.0
14.37,14.87,14.37,14.49,-1.0
14.65,15.0,13.5,13.54,-1.0
13.1,13.49,12.58,13.0,-1.0
12.95,13.05,11.73,12.36,1.0
12.5,12.8,12.3,12.61,-1.0
12.75,12.8,12.05,12.11,-1.0
11.9,11.98,11.03,11.35,1.0
11.42,12.49,11.41,12.48,1.0
12.55,13.14,12.18,12.83,-1.0
12.8,12.8,12.3,12.3,1.0
12.2,12.4,12.02,12.25,1.0
12.3,12.59,12.0,12.45,1.0
12.36,12.56,12.21,12.45,1.0
12.5,13.09,12.5,12.8,1.0
12.81,13.41,12.71,13.1,1.0
13.19,13.48,13.0,13.33,-1.0
13.33,13.45,13.03,13.23,1.0
13.22,13.86,13.11,13.64,1.0
13.82,15.0,13.82,14.65,-1.0
14.86,15.28,14.53,14.76,1.0
14.8,15.39,14.76,15.19,-1.0
15.22,15.3,14.8,14.96,1.0
14.94,15.47,14.6,15.37,1.0
15.28,15.87,15.19,15.39,1.0
15.39,15.68,15.05,15.52,-1.0
15.75,16.11,14.81,14.9,1.0
15.0,15.92,15.0,15.88,1.0
15.96,16.58,15.95,16.07,-1.0
16.09,16.16,15.69,16.01,-1.0
16.01,16.01,15.52,15.69,-1.0
15.54,15.65,14.85,15.21,1.0
15.06,15.5,15.0,15.16,1.0
15.01,15.28,14.68,15.23,-1.0
15.26,15.38,14.75,15.15,1.0
15.27,16.33,15.14,16.31,-1.0
16.33,16.57,15.8,15.99,1.0
15.75,16.33,15.65,15.99,-1.0
15.98,16.1,15.26,15.34,-1.0
15.85,15.96,15.56,15.8,1.0
15.95,16.33,15.81,16.0,1.0
15.84,17.4,15.7,16.99,0.0
17.03,17.15,16.56,17.03,-1.0
17.06,17.49,16.8,16.99,-1.0
17.15,17.38,16.52,17.03,-1.0
16.88,16.95,16.48,16.8,1.0
16.56,17.16,16.3,16.81,1.0
16.73,17.79,16.73,17.58,1.0
17.68,18.38,17.58,17.88,-1.0
17.9,18.1,17.48,17.7,1.0
17.65,18.7,17.6,17.77,1.0
17.5,17.85,17.1,17.59,1.0
17.55,18.3,17.51,17.71,-1.0
17.64,17.64,16.71,16.87,1.0
16.48,17.85,16.31,17.82,1.0
17.9,19.6,17.65,18.38,1.0
18.6,20.0,18.6,19.94,-1.0
20.3,20.99,19.61,20.2,1.0
20.5,22.12,19.91,21.74,1.0
21.78,23.88,21.74,23.09,-1.0
23.29,24.0,22.28,22.98,1.0
23.29,24.22,22.5,23.57,-1.0
23.6,24.19,23.15,23.56,-1.0
23.5,23.77,22.3,22.61,1.0
22.62,23.4,21.3,23.15,-1.0
22.79,23.0,22.06,22.29,1.0
22.39,23.39,21.68,22.81,1.0
22.78,23.85,21.86,23.54,1.0
24.3,25.08,23.81,24.51,-1.0
25.01,25.1,23.8,23.84,-1.0
23.6,23.79,22.51,23.07,-1.0
23.0,23.46,22.4,22.5,1.0
22.5,23.0,22.06,22.85,-1.0
22.65,22.99,20.6,21.98,1.0
21.9,24.18,20.81,23.34,-1.0
23.38,23.95,22.81,23.19,-1.0
23.2,23.45,21.9,22.16,-1.0
21.8,22.4,20.45,20.62,-1.0
21.25,21.35,20.23,20.4,1.0
20.6,21.55,20.3,21.2,1.0
21.44,23.1,21.4,22.48,0.0
22.48,22.48,22.48,22.48,-1.0
23.45,23.45,20.23,20.23,-1.0
19.47,20.2,18.51,19.16,1.0
18.78,19.61,18.01,18.91,-1.0
19.1,19.5,18.6,18.94,1.0
19.2,20.2,19.2,20.13,-1.0
20.34,20.48,19.67,19.69,1.0
19.3,20.59,19.0,20.13,1.0
19.81,20.88,19.7,20.12,-1.0
20.25,20.49,19.01,19.34,1.0
19.02,19.63,18.35,19.21,-1.0
19.0,19.0,17.9,17.95,1.0
17.55,18.39,17.45,17.91,-1.0
17.49,17.98,16.48,16.77,1.0
17.01,17.84,16.9,17.8,1.0
17.7,18.5,17.4,18.39,1.0
18.5,19.3,18.3,18.83,-1.0
18.48,18.89,18.0,18.37,1.0
18.38,19.23,18.38,18.9,0.0
18.99,19.25,18.71,18.99,-1.0
19.25,19.25,18.35,18.42,-1.0
18.23,18.29,17.05,17.17,1.0
17.05,18.1,17.05,18.04,-1.0
18.38,18.6,17.9,18.07,1.0
18.16,18.78,17.95,18.41,1.0
18.65,19.05,18.58,18.72,1.0
19.06,20.59,19.06,20.59,1.0
20.3,21.5,20.02,20.57,1.0
20.08,21.5,20.08,21.06,-1.0
21.39,21.39,20.4,20.89,1.0
20.66,21.77,20.66,21.56,1.0
21.55,22.8,21.5,22.33,1.0
22.1,22.55,21.8,22.13,1.0
21.97,22.98,21.8,22.55,-1.0
22.69,23.23,22.32,22.52,-1.0
22.6,22.85,21.5,21.64,-1.0
21.62,22.09,20.01,20.28,1.0
20.31,21.27,20.01,21.14,-1.0
21.3,21.58,20.96,21.16,-1.0
21.1,21.3,20.27,20.36,1.0
20.54,21.8,20.39,21.78,1.0
21.84,22.76,21.65,22.49,1.0
22.17,23.3,22.17,22.91,-1.0
23.01,23.36,22.57,22.89,1.0
22.91,23.56,22.9,23.21,1.0
23.36,24.69,23.36,24.4,-1.0
24.43,24.68,24.01,24.29,-1.0
24.35,24.4,23.4,23.78,1.0
23.8,25.28,23.49,24.85,-1.0
24.8,25.2,23.78,23.89,1.0
23.63,24.49,23.4,23.95,1.0
24.0,24.85,23.55,24.64,-1.0
24.85,24.98,23.5,23.68,1.0
23.52,24.8,22.98,24.55,1.0
24.57,26.45,24.57,26.13,0.0
26.13,26.13,26.13,26.13,1.0
26.25,26.99,26.0,26.26,1.0
26.5,26.91,25.9,26.76,-1.0
26.76,26.76,24.11,25.6,-1.0
25.35,26.24,23.9,24.74,1.0
24.75,25.33,24.15,25.05,-1.0
25.06,25.35,22.57,23.31,-1.0
22.7,22.7,20.98,21.0,1.0
21.68,22.75,20.99,22.26,1.0
22.52,23.78,22.2,23.51,-1.0
23.48,23.83,23.01,23.18,-1.0
23.18,23.18,20.9,21.39,1.0
21.3,22.19,21.3,21.97,1.0
22.1,23.0,21.01,22.3,-1.0
22.3,22.5,21.51,21.97,-1.0
21.8,22.15,20.01,21.25,1.0
21.61,23.0,21.61,22.91,-1.0
22.7,23.17,22.3,22.5,1.0
22.34,22.96,21.8,22.48,1.0
22.95,23.32,22.76,23.0,1.0
22.78,23.44,22.65,23.2,0.0
23.2,23.2,23.2,23.2,1.0
23.85,25.47,23.85,24.74,-1.0
24.9,25.29,24.48,24.76,1.0
24.81,25.76,24.26,25.69,-1.0
25.69,25.7,24.05,24.44,-1.0
24.53,24.91,22.67,22.75,-1.0
23.7,23.94,21.81,23.26,1.0
23.47,23.8,23.05,23.58,1.0
23.3,23.89,23.2,23.6,1.0
23.5,24.37,23.5,24.14,1.0
24.14,24.92,23.88,24.84,-1.0
25.09,25.23,23.9,23.94,1.0
23.8,24.61,23.61,24.31,1.0
24.7,25.65,24.4,25.15,-1.0
26.0,26.0,23.88,24.28,-1.0
24.0,24.2,22.96,23.22,-1.0
23.09,23.2,22.55,23.04,-1.0
23.45,23.84,21.8,21.87,-1.0
21.83,22.28,20.88,20.91,1.0
20.6,21.6,20.6,21.28,-1.0
21.45,21.55,19.3,19.65,-1.0
19.77,20.2,17.99,18.65,-1.0
19.05,19.84,18.0,18.99,1.0
18.89,20.26,17.6,19.9,-1.0
20.0,20.36,19.62,19.98,-1.0
19.96,20.45,19.31,19.41,1.0
19.01,19.8,18.5,19.58,0.0
19.9,20.66,19.5,19.9,0.0
19.9,19.9,19.9,19.9,1.0
18.77,20.1,18.4,19.89,-1.0
19.25,19.67,18.49,18.65,-1.0
18.6,18.96,16.79,16.81,-1.0
17.35,17.58,16.02,16.46,1.0
16.5,17.35,16.2,17.1,1.0
16.93,18.8,16.53,18.76,1.0
18.75,19.6,18.6,18.98,-1.0
19.22,20.48,18.85,18.94,1.0
18.6,19.99,18.5,19.9,-1.0
20.0,20.08,19.6,19.86,-1.0
19.51,19.6,17.87,18.03,1.0
18.0,18.98,17.5,18.93,-1.0
18.8,19.19,18.6,18.61,-1.0
18.88,19.15,17.77,17.84,-1.0
17.66,18.14,16.81,17.3,-1.0
18.87,18.87,17.33,17.69,1.0
17.06,18.03,16.7,17.95,1.0
17.85,19.05,17.5,18.94,-1.0
20.7,20.83,19.88,20.69,1.0
20.25,21.6,20.02,20.68,-1.0
20.58,20.96,20.1,20.47,1.0
20.45,21.13,20.41,20.89,1.0
20.92,21.69,20.92,21.59,1.0
21.85,22.76,21.59,22.57,-1.0
22.57,22.86,22.26,22.34,-1.0
22.11,22.8,21.28,21.42,1.0
21.6,23.56,21.6,23.51,-1.0
23.88,24.1,22.8,23.6,1.0
23.19,24.49,22.9,24.12,-1.0
23.45,24.2,23.01,23.17,1.0
12.85,13.3,12.75,13.04,-1.0
13.03,13.1,12.6,12.71,1.0
12.68,13.1,12.5,12.74,1.0
12.7,13.39,12.7,13.19,0.0
13.19,13.19,13.19,13.19,1.0
12.28,12.98,11.88,12.83,-1.0
12.5,12.66,12.1,12.21,-1.0
12.02,12.37,11.5,11.67,-1.0
11.7,11.8,11.06,11.13,1.0
11.15,11.48,11.06,11.3,1.0
11.4,11.75,11.12,11.57,-1.0
11.5,11.68,11.03,11.11,1.0
11.11,11.3,10.8,11.23,-1.0
11.1,11.25,10.9,11.05,-1.0
11.05,11.17,10.66,10.85,-1.0
10.9,10.91,10.41,10.5,1.0
10.21,10.9,10.21,10.66,1.0
10.66,11.08,10.66,10.91,-1.0
10.48,10.59,9.82,9.82,-1.0
9.96,9.96,9.26,9.33,1.0
9.17,9.65,9.17,9.61,-1.0
9.74,10.12,9.52,9.59,-1.0
9.6,9.85,9.18,9.25,-1.0
9.23,9.38,8.33,8.33,1.0
8.18,8.88,7.88,8.68,-1.0
8.51,8.53,7.81,7.81,-1.0
7.75,8.41,7.03,7.5,-1.0
7.45,7.45,6.75,6.75,1.0
6.67,7.12,6.58,7.0,1.0
7.05,7.7,7.0,7.7,1.0
7.75,8.17,7.63,8.06,-1.0
7.69,7.83,7.25,7.27,1.0
7.22,7.5,6.88,7.32,-1.0
7.4,7.4,7.06,7.17,1.0
7.09,7.37,7.09,7.18,1.0
7.07,7.61,6.89,7.49,1.0
7.39,7.66,7.33,7.45,1.0
7.49,8.05,7.45,7.99,1.0
7.99,8.16,7.75,8.0,1.0
8.4,8.8,8.4,8.8,1.0
8.92,9.47,8.71,8.99,-1.0
8.89,9.09,8.38,8.57,1.0
8.58,8.94,8.53,8.74,-1.0
8.89,8.98,8.28,8.4,-1.0
8.38,8.6,7.85,8.08,-1.0
8.42,8.5,8.0,8.06,1.0
8.3,8.68,8.24,8.67,1.0
8.7,9.28,8.6,9.25,-1.0
9.22,9.23,8.98,9.1,-1.0
9.25,9.37,8.83,8.88,-1.0
9.09,9.15,8.78,9.04,-1.0
8.99,8.99,8.78,8.89,1.0
8.99,9.16,8.94,9.02,-1.0
8.88,8.89,8.56,8.61,-1.0
8.78,8.88,8.48,8.6,-1.0
8.61,8.68,8.22,8.26,1.0
8.15,8.48,7.83,8.27,-1.0
8.27,8.27,7.89,7.91,-1.0
7.95,8.0,7.43,7.55,-1.0
7.8,7.8,7.26,7.44,-1.0
7.44,7.64,7.27,7.43,-1.0
7.49,7.5,6.72,6.8,-1.0
6.82,6.9,6.22,6.32,1.0
6.3,6.57,6.2,6.51,1.0
6.48,6.87,6.29,6.78,1.0
6.73,6.95,6.66,6.84,-1.0
6.85,6.87,6.57,6.66,-1.0
6.74,6.74,5.99,5.99,1.0
6.0,6.16,5.93,6.06,1.0
6.05,6.61,5.72,6.57,-1.0
6.39,6.6,6.1,6.13,1.0
6.04,6.16,5.9,6.08,-1.0
6.08,6.15,5.95,5.96,-1.0
5.88,5.89,5.53,5.75,-1.0
5.8,6.0,5.59,5.77,1.0
5.76,5.93,5.7,5.87,1.0
5.95,6.23,5.94,6.21,0.0
6.21,6.21,6.21,6.21,1.0
5.95,6.13,5.83,6.04,-1.0
6.09,6.15,5.83,5.93,1.0
5.94,6.0,5.68,5.95,1.0
5.82,6.01,5.75,5.87,-1.0
5.82,5.9,5.53,5.61,1.0
5.6,5.81,5.53,5.72,1.0
5.6,5.9,5.6,5.77,-1.0
5.8,5.8,5.56,5.63,0.0
5.7,5.75,5.61,5.7,-1.0
5.75,5.77,5.58,5.61,-1.0
5.66,5.68,5.19,5.26,-1.0
5.15,5.18,4.81,5.01,0.0
5.51,5.51,5.42,5.51,-1.0
6.0,6.06,5.6,5.98,-1.0
5.7,5.88,5.57,5.58,1.0
5.49,5.73,5.41,5.71,1.0
5.76,6.1,5.7,5.94,-1.0
6.04,6.04,5.5,5.85,-1.0
5.71,5.73,5.53,5.59,1.0
5.34,5.52,5.2,5.4,-1.0
5.25,5.34,5.08,5.09,-1.0
5.24,5.28,4.91,4.95,-1.0
4.77,4.79,4.48,4.49,1.0
4.52,4.57,4.27,4.56,-1.0
4.69,4.8,4.3,4.33,-1.0
4.28,4.29,3.99,4.14,-1.0
3.98,3.98,3.77,3.8,1.0
3.86,4.04,3.77,3.9,1.0
3.89,4.04,3.82,4.02,-1.0
4.03,4.07,3.95,3.95,-1.0
3.9,3.97,3.83,3.84,1.0
3.76,3.94,3.7,3.93,-1.0
3.94,3.99,3.83,3.89,-1.0
3.83,3.89,3.5,3.51,1.0
3.48,3.67,3.42,3.65,-1.0
3.7,3.7,3.35,3.41,0.0
3.45,3.55,3.37,3.45,-1.0
3.47,3.61,3.4,3.46,-1.0
3.44,3.51,3.39,3.41,-1.0
3.41,3.44,3.33,3.39,1.0
3.42,3.65,3.4,3.54,-1.0
3.44,3.46,3.38,3.42,1.0
3.37,3.5,3.32,3.47,1.0
3.53,3.77,3.53,3.73,1.0
3.71,3.95,3.63,3.78,1.0
3.71,4.02,3.68,4.02,1.0
3.9,4.22,3.89,4.15,1.0
4.18,4.52,4.04,4.46,1.0
4.48,4.6,4.31,4.58,1.0
4.56,4.76,4.47,4.6,1.0
4.65,5.06,4.36,5.06,0.0
4.86,5.1,4.81,4.86,-1.0
4.7,4.8,4.4,4.58,-1.0
4.6,4.68,4.23,4.25,-1.0
4.32,4.44,4.11,4.27,1.0
4.29,4.42,4.2,4.33,-1.0
4.65,4.65,4.24,4.26,-1.0
4.21,4.28,4.03,4.08,1.0
4.06,4.19,4.02,4.18,1.0
4.07,4.33,4.03,4.27,1.0
4.31,4.55,4.26,4.5,-1.0
4.58,4.68,4.38,4.44,1.0
4.4,4.63,4.38,4.62,1.0
4.69,5.08,4.64,5.07,-1.0
5.07,5.07,4.76,4.8,1.0
4.75,5.01,4.68,4.93,1.0
4.92,5.18,4.8,4.93,-1.0
4.84,5.04,4.5,4.64,-1.0
4.72,4.8,4.44,4.61,-1.0
4.58,4.6,4.4,4.57,-1.0
4.6,4.62,4.48,4.5,1.0
4.5,4.56,4.41,4.55,-1.0
4.59,4.71,4.55,4.56,-1.0
4.98,4.98,4.55,4.62,1.0
4.63,5.08,4.59,5.06,-1.0
4.91,4.97,4.55,4.71,-1.0
4.7,4.78,4.24,4.25,-1.0
4.13,4.22,4.01,4.11,1.0
4.03,4.18,4.03,4.1,-1.0
4.09,4.17,4.01,4.04,-1.0
4.04,4.09,3.81,3.86,1.0
3.93,4.03,3.87,4.01,1.0
4.0,4.28,3.95,4.23,1.0
4.24,4.52,4.19,4.42,1.0
4.28,4.42,4.09,4.29,1.0
4.24,4.39,4.22,4.3,1.0
4.29,4.46,4.25,4.31,-1.0
4.27,4.3,4.15,4.17,1.0
4.16,4.35,4.15,4.32,1.0
4.3,4.38,4.25,4.31,1.0
4.32,4.5,4.32,4.46,1.0
4.5,4.68,4.5,4.59,1.0
4.68,4.84,4.66,4.75,-1.0
4.68,4.85,4.61,4.65,1.0
4.7,4.92,4.66,4.87,0.0
4.89,5.05,4.84,4.89,1.0
4.94,5.2,4.94,5.11,1.0
5.12,5.2,5.04,5.15,-1.0
5.16,5.26,5.04,5.14,-1.0
5.15,5.32,4.98,5.03,1.0
5.04,5.32,5.04,5.27,1.0
5.36,5.55,5.35,5.47,1.0
5.43,5.6,5.32,5.59,1.0
5.48,5.8,5.38,5.7,-1.0
5.84,5.96,5.51,5.69,1.0
5.68,5.88,5.6,5.83,1.0
5.88,6.19,5.75,6.13,-1.0
6.16,6.26,5.8,5.9,-1.0
5.75,5.9,5.43,5.47,-1.0
5.58,5.64,5.41,5.54,1.0
5.56,5.9,5.47,5.82,1.0
5.76,6.06,5.7,6.01,-1.0
5.93,6.06,5.55,5.56,-1.0
5.68,5.75,5.4,5.66,-1.0
5.7,5.74,5.09,5.17,-1.0
5.1,5.15,4.82,4.89,1.0
4.85,5.13,4.82,5.12,1.0
5.04,5.39,4.96,5.29,1.0
5.35,5.56,5.31,5.55,0.0
5.6,5.65,5.39,5.6,1.0
5.53,5.9,5.45,5.79,-1.0
5.78,5.9,5.4,5.55,1.0
5.48,5.89,5.37,5.85,-1.0
5.93,5.97,5.61,5.64,-1.0
5.58,5.6,5.29,5.46,-1.0
5.52,5.58,5.3,5.33,1.0
5.33,5.41,5.24,5.38,1.0
5.39,5.59,5.38,5.55,1.0
5.57,5.75,5.55,5.62,1.0
5.6,5.85,5.59,5.82,-1.0
5.85,5.89,5.7,5.79,1.0
5.78,5.99,5.78,5.93,-1.0
6.05,6.06,5.87,5.91,0.0
5.91,5.91,5.91,5.91,1.0
5.78,6.15,5.73,6.05,-1.0
6.1,6.17,5.95,5.98,-1.0
6.0,6.02,5.85,5.91,1.0
5.8,5.88,5.7,5.86,1.0
5.9,6.02,5.86,6.01,1.0
6.03,6.24,6.0,6.04,-1.0
6.09,6.12,5.83,5.85,1.0
5.87,6.0,5.81,5.91,-1.0
5.87,5.93,5.61,5.62,1.0
5.6,5.69,5.53,5.69,1.0
5.72,5.95,5.63,5.93,1.0
6.05,6.4,6.01,6.38,-1.0
6.3,6.37,6.18,6.28,-1.0
6.28,6.28,6.12,6.25,1.0
6.27,6.53,6.27,6.33,-1.0
6.2,6.2,6.0,6.04,1.0
6.0,6.3,5.92,6.21,0.0
6.07,6.14,5.98,6.07,-1.0
6.08,6.22,5.73,5.8,1.0
5.71,5.93,5.67,5.86,-1.0
5.88,5.89,5.7,5.75,-1.0
5.68,5.75,5.4,5.41,1.0
5.39,5.55,5.36,5.49,1.0
5.48,5.62,5.43,5.58,-1.0
5.61,5.65,5.53,5.57,1.0
5.61,5.8,5.56,5.77,1.0
5.8,5.85,5.73,5.82,1.0
5.8,5.91,5.75,5.89,-1.0
5.92,5.97,5.74,5.84,1.0
5.85,6.07,5.85,6.05,-1.0
6.02,6.05,5.64,5.65,1.0
5.59,5.75,5.56,5.74,1.0
5.74,5.78,5.69,5.76,1.0
5.7,5.85,5.61,5.81,1.0
5.83,5.98,5.79,5.86,-1.0
5.85,5.85,5.68,5.8,1.0
5.86,5.9,5.78,5.89,1.0
5.91,6.05,5.83,5.93,-1.0
5.89,5.97,5.78,5.81,1.0
5.79,5.97,5.76,5.94,1.0
5.85,6.12,5.75,6.09,-1.0
5.98,6.14,5.9,5.94,-1.0
5.95,6.04,5.84,5.93,1.0
6.08,6.25,6.02,6.24,1.0
6.3,6.86,6.22,6.77,1.0
6.73,6.93,6.65,6.83,1.0
6.79,6.96,6.64,6.81,-1.0
6.86,6.89,6.57,6.62,-1.0
6.62,6.67,6.3,6.37,1.0
6.37,6.46,6.2,6.45,1.0
6.53,6.77,6.44,6.66,-1.0
6.67,6.73,6.41,6.47,-1.0
6.38,6.55,6.16,6.24,1.0
6.27,6.39,6.15,6.38,-1.0
6.28,6.33,6.21,6.25,1.0
6.23,6.4,6.21,6.38,-1.0
6.41,6.44,6.29,6.36,1.0
6.35,6.43,6.24,6.37,1.0
6.43,6.55,6.34,6.51,1.0
6.42,6.65,6.38,6.52,-1.0
6.54,6.54,6.41,6.5,-1.0
6.51,6.55,6.3,6.34,1.0
6.32,6.39,6.27,6.36,-1.0
6.33,6.33,6.21,6.29,-1.0
6.3,6.37,6.16,6.19,-1.0
6.2,6.25,6.1,6.18,1.0
6.21,6.37,6.15,6.32,1.0
6.3,6.42,6.2,6.36,1.0
6.36,6.45,6.24,6.4,-1.0
6.4,6.44,6.31,6.33,1.0
6.28,6.37,6.23,6.29,1.0
6.3,6.45,6.25,6.44,1.0
6.41,6.55,6.38,6.43,1.0
6.42,6.65,6.37,6.55,1.0
6.56,6.62,6.48,6.59,1.0
6.59,7.05,6.59,6.85,-1.0
6.92,6.98,6.65,6.67,-1.0
6.7,6.84,6.57,6.68,1.0
6.77,7.35,6.73,7.35,1.0
7.58,7.68,7.35,7.63,1.0
7.5,7.76,7.45,7.6,-1.0
7.6,7.63,7.4,7.48,1.0
7.52,7.78,7.32,7.58,1.0
7.58,8.19,7.5,8.04,-1.0
7.97,8.24,7.76,7.89,-1.0
7.8,8.05,7.1,7.18,1.0
7.3,7.58,7.01,7.52,1.0
7.52,7.94,7.45,7.9,1.0
7.9,8.55,7.88,8.44,-1.0
8.4,8.5,8.1,8.29,-1.0
8.25,8.38,7.95,8.09,-1.0
7.99,8.0,7.57,7.68,-1.0
7.67,7.82,7.25,7.3,1.0
7.39,7.47,7.23,7.45,1.0
7.44,7.55,7.36,7.5,-1.0
7.45,7.45,6.91,6.93,1.0
6.91,7.19,6.8,7.14,-1.0
7.13,7.18,6.8,6.93,-1.0
6.96,6.96,6.31,6.34,1.0
6.34,6.61,6.25,6.59,-1.0
6.56,6.57,6.0,6.11,1.0
6.07,6.29,5.96,6.23,1.0
6.18,6.28,6.06,6.25,1.0
6.25,6.45,6.16,6.4,-1.0
6.37,6.37,5.92,6.09,1.0
6.1,6.47,6.01,6.38,1.0
6.31,6.45,6.23,6.39,-1.0
6.36,6.4,6.09,6.17,-1.0
6.02,6.09,5.6,5.7,1.0
5.66,5.86,5.65,5.73,1.0
5.75,5.83,5.69,5.8,1.0
5.8,6.12,5.76,6.07,0.0
6.09,6.16,6.01,6.09,-1.0
6.09,6.19,6.0,6.08,1.0
6.04,6.16,5.92,6.16,1.0
6.16,6.37,6.09,6.29,-1.0
6.27,6.32,6.12,6.24,1.0
6.15,6.37,6.13,6.27,1.0
6.26,6.52,6.24,6.46,1.0
6.43,6.54,6.32,6.53,-1.0
6.53,6.68,6.4,6.48,1.0
6.4,6.57,6.4,6.51,-1.0
6.52,6.63,6.21,6.28,0.0
6.28,6.28,6.28,6.28,0.0
6.28,6.28,6.28,6.28,0.0
6.28,6.28,6.28,6.28,0.0
6.28,6.28,6.28,6.28,0.0
6.28,6.28,6.28,6.28,-1.0
6.0,6.15,5.8,5.83,-1.0
5.82,5.85,5.38,5.57,-1.0
5.6,5.75,5.55,5.58,1.0
5.78,5.94,5.68,5.9,-1.0
5.87,5.88,5.7,5.82,1.0
5.76,5.92,5.75,5.91,1.0
5.91,6.13,5.86,6.12,-1.0
6.12,6.18,6.05,6.11,-1.0
6.12,6.14,5.91,6.09,1.0
6.05,6.14,5.98,6.13,1.0
6.4,6.74,6.32,6.74,1.0
6.65,6.76,6.5,6.7,1.0
6.67,6.86,6.62,6.72,1.0
6.74,6.88,6.68,6.81,1.0
6.85,7.09,6.81,7.02,-1.0
6.94,7.02,6.76,6.78,1.0
6.71,6.92,6.67,6.91,-1.0
6.8,6.88,6.73,6.75,-1.0
6.85,6.93,6.72,6.74,1.0
6.58,6.89,6.42,6.81,1.0
6.89,7.08,6.81,7.04,-1.0
7.03,7.17,6.95,7.0,1.0
7.01,7.12,6.95,7.06,-1.0
7.08,7.12,6.97,7.01,-1.0
7.0,7.08,6.79,6.94,1.0
6.96,7.08,6.92,6.97,1.0
6.93,7.3,6.9,7.17,1.0
7.25,7.85,7.25,7.69,-1.0
7.6,7.8,7.42,7.58,1.0
7.62,7.85,7.62,7.75,-1.0
7.79,8.01,7.75,7.78,1.0
7.82,7.99,7.72,7.93,-1.0
7.94,8.01,7.78,7.89,-1.0
7.87,7.87,7.56,7.69,1.0
7.68,7.8,7.6,7.79,-1.0
7.85,7.87,7.26,7.32,1.0
7.29,7.47,7.15,7.42,-1.0
7.44,7.47,6.96,7.01,-1.0
6.9,7.05,6.76,6.82,1.0
6.96,7.12,6.83,7.11,1.0
7.11,7.25,6.97,7.23,0.0
7.23,7.23,7.23,7.23,-1.0
7.35,7.38,7.17,7.29,1.0
7.28,7.7,7.22,7.58,1.0
7.6,7.8,7.58,7.69,-1.0
7.68,7.7,7.43,7.54,-1.0
7.47,7.5,7.35,7.36,-1.0
7.48,7.53,7.33,7.44,1.0
7.5,7.7,7.43,7.54,1.0
7.49,7.75,7.33,7.73,-1.0
7.73,7.85,7.61,7.68,1.0
7.61,7.85,7.61,7.77,-1.0
7.78,7.89,7.47,7.48,1.0
7.45,7.6,7.33,7.47,-1.0
7.44,7.53,7.16,7.37,-1.0
7.35,7.44,7.04,7.06,-1.0
7.1,7.17,6.93,7.04,1.0
7.1,7.3,7.04,7.28,-1.0
7.27,7.34,7.16,7.25,1.0
7.26,7.6,7.26,7.5,-1.0
7.48,7.49,7.3,7.4,1.0
7.41,7.56,7.39,7.5,0.0
7.51,7.57,7.41,7.51,-1.0
7.56,7.6,7.34,7.37,1.0
7.38,7.75,7.38,7.66,1.0
7.68,7.85,7.61,7.74,-1.0
7.67,7.73,7.28,7.3,1.0
7.3,7.51,7.3,7.39,1.0
7.5,7.64,7.35,7.53,1.0
7.53,7.82,7.5,7.77,-1.0
7.6,7.75,7.41,7.49,1.0
7.5,7.64,7.41,7.62,1.0
7.6,7.81,7.6,7.72,1.0
7.7,8.15,7.7,8.06,-1.0
8.06,8.14,7.93,8.01,-1.0
8.0,8.05,7.55,7.59,-1.0
7.59,7.67,7.4,7.55,1.0
7.41,7.8,7.29,7.45,-1.0
7.32,7.4,6.99,7.05,-1.0
7.06,7.09,6.35,6.54,-1.0
6.52,6.58,6.37,6.47,-1.0
6.45,6.54,6.29,6.39,-1.0
6.36,6.43,6.25,6.29,-1.0
6.25,6.34,6.01,6.14,-1.0
6.19,6.27,6.16,6.18,1.0
6.19,6.41,6.05,6.33,-1.0
6.32,6.39,6.23,6.31,-1.0
6.2,6.2,6.05,6.15,1.0
6.1,6.18,6.05,6.12,1.0
6.1,6.21,6.08,6.16,-1.0
6.25,6.26,6.17,6.22,1.0
6.24,6.34,6.23,6.28,1.0
6.31,6.43,6.31,6.42,-1.0
6.39,6.42,6.3,6.34,-1.0
6.32,6.36,6.18,6.31,1.0
6.25,6.45,6.21,6.44,1.0
6.45,6.52,6.4,6.51,-1.0
6.49,6.49,6.36,6.39,1.0
6.4,6.68,6.39,6.65,-1.0
6.66,6.69,6.54,6.62,1.0
6.63,6.8,6.62,6.79,-1.0
6.8,6.86,6.5,6.52,1.0
6.53,6.69,6.53,6.64,-1.0
6.66,6.74,6.6,6.64,1.0
6.6,6.74,6.45,6.64,-1.0
6.63,6.64,6.46,6.52,-1.0
6.52,6.54,6.37,6.42,-1.0
6.42,6.5,6.39,6.39,-1.0
6.38,6.39,6.22,6.26,1.0
6.25,6.32,6.19,6.27,1.0
6.3,6.44,6.27,6.43,-1.0
6.45,6.54,6.39,6.44,1.0
6.48,6.58,6.43,6.57,1.0
6.53,6.58,6.52,6.54,-1.0
6.54,6.65,6.47,6.49,-1.0
6.48,6.53,6.41,6.42,-1.0
6.42,6.46,6.27,6.35,1.0
6.33,6.7,6.33,6.53,1.0
6.53,6.65,6.46,6.6,0.0
6.64,6.66,6.54,6.64,-1.0
6.63,6.66,6.54,6.56,1.0
6.58,6.74,6.53,6.7,1.0
6.66,6.77,6.65,6.74,1.0
6.73,6.85,6.71,6.76,1.0
6.76,6.83,6.73,6.79,-1.0
6.81,6.85,6.67,6.79,-1.0
6.79,6.79,6.59,6.72,-1.0
6.73,6.75,6.6,6.68,1.0
6.66,6.76,6.51,6.69,1.0
6.68,6.72,6.59,6.71,-1.0
6.69,6.8,6.63,6.68,-1.0
6.68,6.69,6.51,6.52,-1.0
6.46,6.48,6.13,6.15,-1.0
6.15,6.2,6.07,6.12,1.0
6.15,6.26,6.1,6.24,-1.0
6.21,6.22,6.11,6.15,1.0
6.15,6.2,6.1,6.16,-1.0
6.17,6.19,6.08,6.11,-1.0
6.08,6.09,5.55,5.71,1.0
5.7,5.78,5.62,5.74,-1.0
5.75,5.87,5.7,5.71,-1.0
5.71,5.72,5.55,5.68,1.0
5.61,5.68,5.55,5.66,1.0
5.6,5.73,5.44,5.72,-1.0
5.69,5.69,5.4,5.41,-1.0
5.35,5.35,5.21,5.22,1.0
5.23,5.43,5.18,5.32,-1.0
5.46,5.54,5.31,5.34,1.0
5.34,5.46,5.2,5.4,1.0
5.4,5.5,5.31,5.49,1.0
5.43,5.5,5.41,5.44,-1.0
5.5,5.65,5.34,5.36,1.0
5.39,5.79,5.39,5.77,-1.0
5.69,5.76,5.56,5.67,-1.0
5.6,5.72,5.48,5.48,0.0
5.48,5.48,5.48,5.48,1.0
5.63,5.83,5.6,5.77,1.0
5.7,5.77,5.61,5.71,1.0
5.65,5.76,5.61,5.66,1.0
5.65,5.72,5.5,5.68,-1.0
5.73,5.75,5.61,5.64,-1.0
5.59,5.64,5.37,5.38,1.0
5.35,5.48,5.34,5.44,1.0
5.43,5.48,5.33,5.47,-1.0
5.49,5.52,5.37,5.39,1.0
5.38,5.47,5.35,5.44,1.0
5.35,5.38,5.3,5.36,1.0
5.36,5.46,5.34,5.42,1.0
5.4,5.57,5.4,5.57,1.0
5.53,5.75,5.47,5.65,0.0
5.65,5.7,5.6,5.65,-1.0
5.67,5.72,5.65,5.66,0.0
5.67,5.73,5.63,5.67,1.0
5.7,5.87,5.67,5.8,1.0
5.8,5.84,5.72,5.81,-1.0
5.75,5.8,5.62,5.66,-1.0
5.63,5.68,5.46,5.53,-1.0
5.5,5.55,5.38,5.43,-1.0
5.41,5.45,5.34,5.37,-1.0
5.39,5.43,5.06,5.07,-1.0
5.02,5.08,4.79,4.82,-1.0
4.81,4.88,4.71,4.73,1.0
4.73,4.85,4.66,4.83,-1.0
4.76,4.76,4.63,4.71,1.0
4.71,4.84,4.61,4.82,1.0
4.8,4.9,4.79,4.86,1.0
4.88,5.09,4.84,5.01,1.0
4.96,5.09,4.88,5.05,1.0
5.03,5.09,4.99,5.07,-1.0
5.03,5.03,4.91,4.93,1.0
4.93,5.06,4.93,4.97,-1.0
5.47,5.47,5.1,5.11,1.0
5.0,5.18,4.97,5.17,1.0
5.1,5.28,5.06,5.27,1.0
5.24,5.43,5.24,5.39,-1.0
5.37,5.44,5.31,5.32,1.0
5.3,5.41,5.26,5.36,-1.0
5.36,5.37,5.28,5.32,0.0
5.35,5.36,5.27,5.35,1.0
5.35,5.6,5.3,5.5,1.0
5.44,5.56,5.43,5.53,1.0
5.55,5.65,5.52,5.59,1.0
5.58,5.77,5.54,5.73,1.0
5.72,5.78,5.64,5.73,-1.0
5.74,5.75,5.51,5.52,1.0
5.5,5.68,5.41,5.65,-1.0
5.61,5.68,5.51,5.54,1.0
5.53,5.65,5.45,5.64,1.0
5.64,5.75,5.61,5.72,-1.0
5.72,5.72,5.45,5.45,1.0
5.45,5.58,5.41,5.54,1.0
5.48,5.64,5.43,5.52,1.0
5.51,5.79,5.44,5.7,1.0
5.72,6.13,5.66,5.96,-1.0
6.03,6.08,5.85,5.95,-1.0
5.95,5.95,5.77,5.81,-1.0
5.79,5.88,5.76,5.77,1.0
5.75,5.95,5.72,5.79,0.0
5.79,5.87,5.74,5.79,1.0
5.78,5.94,5.76,5.87,-1.0
5.84,5.88,5.66,5.67,-1.0
5.81,5.86,5.67,5.78,0.0
5.72,5.74,5.63,5.72,-1.0
5.78,5.81,5.69,5.76,1.0
5.72,5.8,5.67,5.73,-1.0
5.77,5.79,5.51,5.59,1.0
5.65,5.79,5.58,5.73,-1.0
5.74,5.82,5.61,5.66,1.0
5.66,5.71,5.58,5.69,1.0
5.69,5.73,5.66,5.71,-1.0
5.71,5.72,5.64,5.7,1.0
5.69,5.84,5.69,5.79,-1.0
5.8,5.8,5.63,5.72,0.0
5.72,5.72,5.72,5.72,1.0
5.76,5.84,5.69,5.83,-1.0
5.81,5.92,5.72,5.77,-1.0
5.76,5.79,5.57,5.62,-1.0
5.64,5.72,5.61,5.63,-1.0
5.61,5.64,5.39,5.55,-1.0
5.51,5.55,5.45,5.48,1.0
5.51,5.65,5.5,5.59,-1.0
5.62,5.63,5.48,5.51,-1.0
5.52,5.54,5.45,5.48,1.0
5.48,5.6,5.46,5.56,1.0
5.62,5.73,5.55,5.71,1.0
5.73,5.96,5.69,5.81,1.0
5.81,5.89,5.76,5.85,-1.0
5.88,5.9,5.77,5.85,-1.0
5.88,6.02,5.74,5.82,1.0
5.78,6.02,5.67,5.95,1.0
5.99,6.29,5.95,6.12,-1.0
6.14,6.14,5.98,6.09,-1.0
5.95,6.02,5.85,5.91,-1.0
5.93,5.99,5.81,5.88,1.0
5.85,6.06,5.83,6.02,1.0
6.02,6.09,5.95,6.04,-1.0
6.04,6.12,5.9,5.97,-1.0
5.95,6.05,5.83,5.84,-1.0
5.84,5.88,5.79,5.83,-1.0
5.84,5.87,5.69,5.8,1.0
5.82,5.9,5.78,5.87,1.0
5.87,6.46,5.86,6.28,-1.0
6.28,6.45,6.1,6.13,1.0
6.2,6.4,6.12,6.26,1.0
6.29,6.45,6.2,6.4,0.0
6.45,6.47,6.31,6.45,-1.0
6.5,6.64,6.34,6.4,-1.0
6.34,6.35,6.17,6.23,1.0
6.18,6.35,6.18,6.2,-1.0
6.2,6.2,5.7,5.73,1.0
5.77,5.94,5.76,5.89,-1.0
5.88,5.88,5.3,5.35,-1.0
5.36,5.42,5.18,5.23,-1.0
5.29,5.32,5.22,5.28,0.0
5.3,5.34,5.08,5.3,1.0
5.27,5.38,5.21,5.32,-1.0
5.33,5.35,5.08,5.18,1.0
5.17,5.27,5.12,5.26,1.0
5.26,5.33,5.24,5.32,-1.0
5.32,5.33,5.22,5.27,1.0
5.25,5.28,5.2,5.26,-1.0
5.26,5.28,5.05,5.13,0.0
5.13,5.13,5.13,5.13,1.0
5.21,5.32,5.2,5.23,1.0
5.22,5.33,5.22,5.29,-1.0
5.31,5.33,5.2,5.27,1.0
5.24,5.29,5.14,5.28,-1.0
5.29,5.3,5.18,5.19,-1.0
5.18,5.24,5.11,5.12,1.0
5.12,5.21,5.08,5.18,1.0
5.2,5.35,5.17,5.34,1.0
5.34,5.4,5.33,5.38,-1.0
5.39,5.41,5.3,5.38,-1.0
5.39,5.45,5.35,5.36,-1.0
5.34,5.41,5.31,5.33,-1.0
5.36,5.41,5.18,5.31,1.0
5.33,5.38,5.3,5.38,0.0
5.41,5.49,5.36,5.41,-1.0
5.41,5.44,5.28,5.3,1.0
5.28,5.33,5.22,5.31,-1.0
5.28,5.37,5.06,5.1,-1.0
5.11,5.13,4.92,4.94,-1.0
4.95,4.97,4.75,4.9,-1.0
4.88,4.91,4.79,4.82,1.0
4.84,4.89,4.81,4.86,1.0
4.91,4.96,4.87,4.94,1.0
4.94,5.05,4.91,5.04,1.0
5.01,5.05,4.97,5.04,1.0
5.0,5.17,4.99,5.08,1.0
5.06,5.12,5.02,5.07,1.0
5.07,5.23,5.04,5.21,1.0
5.16,5.44,5.16,5.39,1.0
5.35,5.42,5.31,5.36,1.0
5.36,5.44,5.3,5.38,-1.0
5.37,5.44,5.07,5.24,1.0
5.19,5.48,5.17,5.47,1.0
5.46,5.73,5.44,5.66,1.0
5.65,5.84,5.61,5.69,1.0
5.63,5.85,5.62,5.81,-1.0
5.81,5.98,5.71,5.75,-1.0
6.01,6.02,5.55,5.72,1.0
5.68,5.95,5.61,5.92,1.0
5.83,6.09,5.82,6.07,1.0
6.04,6.16,5.99,6.14,-1.0
6.14,6.21,6.1,6.13,-1.0
6.16,6.16,5.98,6.0,1.0
5.99,6.23,5.96,6.14,1.0
6.13,6.49,6.11,6.44,-1.0
6.4,6.47,6.32,6.36,1.0
6.34,6.45,6.31,6.4,-1.0
6.4,6.45,6.26,6.28,1.0
6.24,6.33,6.16,6.3,-1.0
6.4,6.44,6.19,6.22,0.0
6.21,6.35,6.19,6.21,1.0
6.23,6.33,6.21,6.31,-1.0
6.29,6.3,5.95,6.0,1.0
6.0,6.09,5.97,6.02,1.0
6.03,6.14,5.98,6.11,1.0
6.13,6.37,6.1,6.32,1.0
6.29,6.39,6.27,6.36,-1.0
6.37,6.38,6.22,6.26,1.0
6.24,6.43,6.2,6.41,-1.0
6.43,6.49,6.3,6.37,-1.0
6.19,6.2,6.0,6.14,-1.0
6.12,6.13,6.01,6.09,-1.0
6.09,6.09,6.02,6.05,1.0
6.07,6.11,6.04,6.11,-1.0
6.09,6.09,5.98,5.99,1.0
5.96,6.15,5.95,6.05,1.0
6.0,6.12,5.98,6.09,-1.0
6.06,6.06,5.85,5.97,1.0
5.95,6.0,5.94,5.98,-1.0
5.95,5.95,5.81,5.82,1.0
5.85,5.89,5.81,5.86,1.0
5.83,5.92,5.83,5.87,1.0
5.87,5.98,5.84,5.96,1.0
5.96,5.98,5.91,5.98,-1.0
5.98,6.04,5.96,5.97,0.0
5.97,5.97,5.97,5.97,-1.0
6.05,6.08,5.96,5.97,-1.0
5.96,5.96,5.85,5.89,-1.0
5.89,5.89,5.82,5.84,-1.0
5.83,5.84,5.67,5.68,1.0
5.68,5.77,5.68,5.77,1.0
5.75,5.88,5.72,5.87,1.0
5.85,5.94,5.83,5.92,1.0
5.92,5.95,5.91,5.94,-1.0
5.96,5.96,5.85,5.87,1.0
5.87,6.0,5.85,5.97,1.0
5.97,6.01,5.92,6.0,1.0
6.0,6.15,5.95,6.1,-1.0
6.09,6.11,6.0,6.07,1.0
6.05,6.11,6.03,6.09,1.0
6.05,6.36,5.98,6.22,-1.0
6.14,6.17,5.97,6.01,1.0
6.0,6.17,5.98,6.08,1.0
6.08,6.36,6.07,6.17,-1.0
6.17,6.17,5.95,5.97,-1.0
5.97,5.99,5.75,5.77,0.0
5.78,5.88,5.75,5.78,-1.0
5.8,5.95,5.7,5.71,1.0
5.75,5.87,5.72,5.84,1.0
5.81,5.87,5.75,5.86,-1.0
5.85,5.87,5.76,5.79,1.0
5.8,5.95,5.77,5.94,1.0
5.89,6.08,5.85,6.02,-1.0
6.05,6.06,5.95,6.03,1.0
6.0,6.1,5.96,6.07,-1.0
6.08,6.12,6.01,6.05,-1.0
6.03,6.1,5.96,5.98,-1.0
6.0,6.02,5.84,5.99,1.0
5.96,6.02,5.94,5.98,1.0
5.96,6.05,5.87,5.98,1.0
5.94,6.15,5.93,6.13,-1.0
6.12,6.13,6.01,6.03,-1.0
5.99,6.04,5.78,5.82,-1.0
5.86,5.91,5.67,5.68,0.0
5.63,5.66,5.52,5.63,-1.0
5.63,5.64,5.45,5.46,-1.0
5.49,5.53,5.42,5.43,-1.0
5.42,5.48,5.28,5.31,0.0
5.3,5.36,5.27,5.3,1.0
5.33,5.39,5.23,5.39,-1.0
5.39,5.39,5.31,5.37,-1.0
5.32,5.32,5.16,5.22,1.0
5.24,5.51,5.22,5.49,0.0
5.49,5.49,5.49,5.49,1.0
5.51,5.57,5.39,5.54,-1.0
5.57,5.68,5.5,5.53,1.0
5.46,5.75,5.46,5.68,-1.0
5.69,5.75,5.6,5.66,1.0
5.67,5.78,5.65,5.69,-1.0
5.72,5.74,5.59,5.64,-1.0
5.6,5.75,5.54,5.54,-1.0
3.06,3.07,2.97,2.98,-1.0
2.95,2.96,2.77,2.81,1.0
2.8,2.85,2.78,2.82,-1.0
2.83,2.85,2.76,2.82,1.0
2.8,2.92,2.78,2.89,1.0
2.87,2.94,2.85,2.89,1.0
2.91,2.97,2.91,2.94,-1.0
2.94,2.95,2.87,2.92,0.0
2.93,2.94,2.89,2.93,-1.0
2.93,2.94,2.89,2.91,-1.0
2.92,2.93,2.88,2.89,1.0
2.9,3.02,2.89,2.98,0.0
2.98,3.0,2.92,2.98,-1.0
2.97,2.97,2.93,2.96,-1.0
2.96,2.97,2.92,2.92,1.0
2.9,2.93,2.89,2.91,1.0
2.9,2.95,2.88,2.93,-1.0
2.9,2.92,2.88,2.89,1.0
2.89,2.92,2.88,2.91,0.0
2.91,2.91,2.87,2.91,0.0
2.89,2.91,2.87,2.89,-1.0
2.9,2.91,2.88,2.89,-1.0
2.89,2.89,2.85,2.86,-1.0
2.87,2.88,2.81,2.84,-1.0
2.83,2.83,2.79,2.8,1.0
2.8,2.81,2.79,2.81,-1.0
2.8,2.8,2.65,2.66,1.0
2.67,2.74,2.65,2.72,0.0
2.72,2.73,2.69,2.72,-1.0
2.7,2.71,2.66,2.68,1.0
2.68,2.7,2.65,2.69,-1.0
2.69,2.69,2.66,2.68,-1.0
2.68,2.68,2.6,2.63,1.0
2.61,2.66,2.6,2.64,-1.0
2.64,2.66,2.61,2.63,0.0
2.55,2.58,2.52,2.55,-1.0
2.51,2.52,2.33,2.4,1.0
2.35,2.39,2.29,2.37,-1.0
2.4,2.42,2.35,2.38,1.0
2.33,2.42,2.31,2.42,1.0
2.42,2.66,2.41,2.66,-1.0
2.68,2.7,2.58,2.65,-1.0
2.64,2.64,2.57,2.59,1.0
2.57,2.67,2.56,2.63,-1.0
2.63,2.66,2.55,2.56,1.0
2.49,2.53,2.46,2.51,1.0
2.49,2.56,2.47,2.5,1.0
2.51,2.55,2.48,2.55,-1.0
2.55,2.55,2.51,2.51,1.0
2.5,2.59,2.5,2.59,1.0
2.58,2.64,2.56,2.6,-1.0
2.6,2.6,2.51,2.53,1.0
2.55,2.78,2.54,2.61,0.0
2.61,2.61,2.61,2.61,-1.0
2.59,2.59,2.52,2.55,-1.0
2.54,2.55,2.49,2.49,-1.0
2.47,2.48,2.43,2.44,1.0
2.44,2.46,2.42,2.45,1.0
2.46,2.5,2.45,2.5,-1.0
2.52,2.52,2.45,2.46,1.0
2.46,2.55,2.46,2.48,1.0
2.46,2.5,2.44,2.49,1.0
2.49,2.51,2.46,2.5,0.0
2.5,2.55,2.49,2.5,-1.0
2.53,2.54,2.48,2.49,-1.0
2.49,2.49,2.44,2.44,0.0
2.45,2.47,2.42,2.45,1.0
2.45,2.53,2.42,2.52,-1.0
2.51,2.51,2.43,2.44,1.0
2.42,2.45,2.39,2.43,-1.0
2.42,2.46,2.4,2.41,0.0
2.43,2.45,2.39,2.43,-1.0
2.43,2.44,2.37,2.39,-1.0
2.38,2.39,2.3,2.32,0.0
2.33,2.35,2.3,2.33,0.0
2.33,2.35,2.31,2.33,-1.0
2.39,2.41,2.32,2.34,1.0
2.33,2.48,2.31,2.45,1.0
2.42,2.5,2.4,2.46,-1.0
2.45,2.45,2.4,2.43,-1.0
2.44,2.46,2.41,2.42,-1.0
2.41,2.41,2.34,2.34,0.0
2.35,2.37,2.33,2.35,-1.0
2.35,2.35,2.27,2.28,0.0
2.28,2.3,2.27,2.28,1.0
2.28,2.34,2.27,2.32,1.0
2.33,2.37,2.3,2.35,1.0
2.33,2.39,2.32,2.36,1.0
2.36,2.43,2.36,2.39,1.0
2.41,2.45,2.4,2.44,1.0
2.45,2.52,2.4,2.49,1.0
2.44,2.48,2.43,2.45,1.0
2.41,2.47,2.39,2.46,0.0
2.47,2.49,2.44,2.47,0.0
2.47,2.49,2.45,2.47,1.0
2.46,2.51,2.45,2.5,-1.0
2.51,2.51,2.45,2.46,1.0
2.46,2.48,2.42,2.47,-1.0
2.45,2.45,2.36,2.38,0.0
2.37,2.39,2.35,2.37,1.0
2.38,2.41,2.38,2.41,0.0
2.41,2.41,2.38,2.41,-1.0
2.41,2.41,2.34,2.35,-1.0
2.35,2.37,2.33,2.34,-1.0
2.33,2.34,2.29,2.29,1.0
2.3,2.31,2.28,2.31,1.0
2.3,2.31,2.29,2.31,-1.0
2.31,2.32,2.29,2.29,1.0
2.28,2.3,2.26,2.29,-1.0
2.29,2.3,2.27,2.28,0.0
2.28,2.29,2.26,2.28,1.0
2.28,2.3,2.28,2.3,-1.0
2.3,2.3,2.19,2.2,0.0
2.25,2.29,2.23,2.25,-1.0
2.25,2.26,2.2,2.21,-1.0
2.2,2.2,2.13,2.14,-1.0
2.15,2.16,2.12,2.14,1.0
2.14,2.16,2.13,2.15,0.0
2.15,2.16,2.12,2.15,-1.0
2.13,2.14,2.1,2.11,-1.0
2.12,2.12,2.06,2.07,-1.0
2.06,2.06,2.0,2.01,-1.0
1.99,2.01,1.97,1.98,-1.0
1.97,1.97,1.89,1.91,1.0
1.91,1.97,1.9,1.96,-1.0
1.95,1.95,1.91,1.94,1.0
1.94,1.97,1.92,1.95,-1.0
1.96,1.98,1.93,1.94,-1.0
1.93,1.93,1.86,1.91,1.0
1.92,1.95,1.89,1.93,1.0
1.92,1.95,1.91,1.93,-1.0
1.93,1.93,1.89,1.9,1.0
1.89,1.91,1.88,1.91,1.0
1.91,1.92,1.89,1.92,1.0
1.93,1.95,1.92,1.95,-1.0
1.95,1.97,1.9,1.91,-1.0
1.91,1.91,1.88,1.88,1.0
1.88,1.91,1.86,1.89,1.0
1.9,1.95,1.89,1.95,1.0
1.94,2.12,1.93,2.07,-1.0
2.05,2.08,2.02,2.04,0.0
2.04,2.06,2.02,2.04,-1.0
2.03,2.05,1.97,1.99,0.0
1.97,2.01,1.96,1.97,1.0
1.97,2.13,1.97,2.09,-1.0
2.11,2.12,2.06,2.07,1.0
2.06,2.08,2.04,2.07,0.0
2.08,2.09,2.05,2.08,-1.0
2.09,2.09,2.04,2.04,0.0
2.04,2.06,2.03,2.04,0.0
2.04,2.08,2.03,2.04,1.0
2.05,2.06,2.02,2.06,1.0
2.06,2.09,2.04,2.07,0.0
2.07,2.08,2.04,2.07,-1.0
2.06,2.06,2.01,2.02,1.0
2.02,2.06,2.01,2.06,1.0
2.06,2.12,2.05,2.09,1.0
2.09,2.16,2.08,2.13,1.0
2.11,2.17,2.09,2.14,-1.0
2.14,2.14,2.11,2.13,1.0
2.12,2.22,2.12,2.19,-1.0
2.18,2.21,2.15,2.17,-1.0
2.17,2.18,2.13,2.15,0.0
2.17,2.21,2.16,2.17,1.0
2.17,2.19,2.15,2.19,1.0
2.19,2.23,2.18,2.23,1.0
2.23,2.28,2.21,2.25,1.0
2.24,2.27,2.22,2.27,1.0
2.27,2.33,2.27,2.29,1.0
2.29,2.33,2.28,2.31,-1.0
2.31,2.31,2.22,2.23,0.0
2.23,2.25,2.22,2.23,1.0
2.23,2.26,2.22,2.26,-1.0
2.26,2.27,2.22,2.24,-1.0
2.22,2.22,2.1,2.15,0.0
2.11,2.13,2.07,2.11,1.0
2.11,2.15,2.1,2.13,0.0
2.15,2.15,2.12,2.15,-1.0
2.14,2.14,2.09,2.11,1.0
2.12,2.24,2.11,2.18,-1.0
2.17,2.18,2.08,2.09,-1.0
2.08,2.1,1.99,2.0,1.0
2.0,2.07,2.0,2.07,0.0
2.06,2.07,2.03,2.06,-1.0
2.06,2.06,2.0,2.01,0.0
2.02,2.04,2.0,2.02,0.0
2.03,2.04,2.0,2.03,-1.0
2.03,2.03,1.99,2.01,-1.0
2.01,2.02,1.98,2.0,-1.0
2.01,2.01,1.98,1.99,-1.0
1.98,1.98,1.91,1.92,-1.0
1.91,1.91,1.88,1.89,1.0
1.9,1.92,1.89,1.91,1.0
1.91,1.99,1.9,1.96,-1.0
1.96,1.97,1.93,1.95,-1.0
1.95,1.95,1.92,1.94,1.0
1.93,1.96,1.91,1.96,1.0
1.94,1.96,1.93,1.95,0.0
1.95,1.95,1.95,1.95,1.0
1.9,1.94,1.89,1.92,1.0
1.9,1.94,1.9,1.93,-1.0
1.93,1.95,1.9,1.9,1.0
1.9,1.94,1.9,1.92,0.0
1.92,1.94,1.91,1.92,1.0
1.91,1.95,1.9,1.94,0.0
1.94,1.97,1.93,1.94,-1.0
1.92,1.93,1.84,1.86,1.0
1.84,1.86,1.83,1.86,-1.0
1.85,1.86,1.82,1.83,-1.0
1.82,1.83,1.75,1.78,-1.0
1.74,1.75,1.69,1.69,1.0
1.65,1.69,1.62,1.69,1.0
1.66,1.73,1.66,1.72,1.0
1.72,1.74,1.7,1.74,-1.0
1.75,1.75,1.71,1.73,1.0
1.72,1.75,1.7,1.74,0.0
1.73,1.76,1.72,1.73,0.0
1.73,1.73,1.73,1.73,-1.0
1.73,1.74,1.69,1.7,1.0
1.68,1.7,1.66,1.7,-1.0
1.69,1.69,1.63,1.64,1.0
1.63,1.72,1.63,1.71,1.0
1.69,1.75,1.67,1.72,-1.0
1.7,1.71,1.68,1.69,-1.0
1.7,1.71,1.68,1.69,-1.0
1.69,1.69,1.66,1.68,0.0
1.66,1.68,1.65,1.66,0.0
1.66,1.67,1.64,1.66,1.0
1.65,1.72,1.63,1.7,1.0
1.7,1.73,1.67,1.71,0.0
1.7,1.71,1.68,1.7,1.0
1.69,1.71,1.67,1.7,1.0
1.7,1.71,1.69,1.71,-1.0
1.69,1.69,1.65,1.65,1.0
1.65,1.7,1.65,1.68,-1.0
1.67,1.68,1.65,1.65,1.0
1.66,1.68,1.65,1.67,-1.0
1.68,1.68,1.65,1.66,1.0
1.66,1.67,1.65,1.67,0.0
1.66,1.67,1.65,1.66,1.0
1.67,1.74,1.66,1.72,-1.0
1.7,1.72,1.69,1.69,1.0
1.69,1.71,1.68,1.7,1.0
1.71,1.75,1.7,1.73,0.0
1.73,1.73,1.71,1.73,1.0
1.72,1.76,1.71,1.73,-1.0
1.73,1.73,1.69,1.71,-1.0
1.7,1.71,1.67,1.68,0.0
1.67,1.68,1.66,1.67,0.0
1.68,1.69,1.67,1.68,-1.0
1.68,1.69,1.65,1.65,-1.0
1.65,1.65,1.63,1.64,0.0
1.65,1.65,1.63,1.65,1.0
1.64,1.68,1.63,1.66,-1.0
1.65,1.66,1.63,1.64,-1.0
1.63,1.64,1.56,1.57,-1.0
1.57,1.58,1.49,1.56,-1.0
1.54,1.54,1.49,1.51,1.0
1.5,1.52,1.49,1.51,1.0
1.5,1.52,1.49,1.52,1.0
1.51,1.52,1.49,1.52,0.0
1.51,1.52,1.5,1.51,-1.0
1.51,1.52,1.43,1.43,1.0
1.4,1.43,1.4,1.42,-1.0
1.41,1.42,1.35,1.4,1.0
1.39,1.43,1.37,1.41,0.0
1.4,1.43,1.39,1.4,0.0
1.39,1.4,1.38,1.39,1.0
1.38,1.41,1.37,1.39,1.0
1.39,1.41,1.38,1.4,1.0
1.38,1.4,1.38,1.39,-1.0
1.39,1.39,1.37,1.38,0.0
1.31,1.31,1.31,1.31,0.0
1.24,1.24,1.24,1.24,0.0
1.18,1.18,1.18,1.18,1.0
1.12,1.24,1.12,1.21,1.0
1.16,1.18,1.15,1.17,1.0
1.16,1.18,1.14,1.18,1.0
1.17,1.24,1.16,1.24,1.0
1.24,1.3,1.22,1.25,1.0
1.23,1.25,1.2,1.24,0.0
1.23,1.24,1.21,1.23,-1.0
1.22,1.22,1.17,1.18,1.0
1.17,1.19,1.15,1.19,-1.0
1.18,1.18,1.16,1.17,1.0
1.16,1.22,1.16,1.2,-1.0
1.19,1.2,1.17,1.18,1.0
1.17,1.21,1.15,1.2,1.0
1.19,1.23,1.18,1.21,1.0
1.22,1.27,1.2,1.27,1.0
1.29,1.33,1.29,1.33,-1.0
1.35,1.35,1.26,1.3,1.0
1.28,1.36,1.24,1.29,1.0
1.26,1.31,1.26,1.29,-1.0
1.29,1.29,1.24,1.26,-1.0
1.25,1.26,1.2,1.23,1.0
1.22,1.28,1.21,1.27,-1.0
1.27,1.27,1.22,1.25,1.0
1.25,1.29,1.24,1.26,0.0
1.24,1.26,1.23,1.24,1.0
1.24,1.27,1.23,1.26,1.0
1.26,1.3,1.25,1.29,1.0
1.28,1.29,1.27,1.29,0.0
1.28,1.3,1.26,1.28,1.0
1.28,1.34,1.28,1.32,-1.0
1.32,1.34,1.3,1.31,1.0
1.3,1.32,1.27,1.31,-1.0
1.3,1.3,1.26,1.26,1.0
1.25,1.26,1.24,1.26,0.0
1.26,1.27,1.25,1.26,-1.0
1.26,1.27,1.22,1.22,1.0
1.21,1.24,1.19,1.22,1.0
1.2,1.22,1.18,1.21,0.0
1.21,1.21,1.19,1.21,-1.0
1.2,1.21,1.17,1.18,1.0
1.18,1.23,1.17,1.22,1.0
1.21,1.24,1.2,1.24,1.0
1.24,1.3,1.23,1.3,1.0
1.31,1.35,1.3,1.34,1.0
1.32,1.41,1.31,1.41,-1.0
1.39,1.47,1.35,1.36,1.0
1.35,1.39,1.32,1.37,1.0
1.35,1.39,1.34,1.36,1.0
1.36,1.43,1.35,1.4,1.0
1.39,1.46,1.39,1.44,1.0
1.44,1.46,1.42,1.45,-1.0
1.44,1.45,1.42,1.43,1.0
1.42,1.44,1.4,1.43,-1.0
1.43,1.44,1.39,1.4,1.0
1.39,1.47,1.38,1.47,1.0
1.52,1.54,1.5,1.54,-1.0
1.55,1.61,1.46,1.54,0.0
1.49,1.54,1.46,1.49,-1.0
1.47,1.48,1.42,1.42,1.0
1.36,1.47,1.36,1.44,1.0
1.44,1.47,1.44,1.46,1.0
1.45,1.52,1.44,1.5,1.0
1.49,1.54,1.49,1.51,-1.0
1.51,1.52,1.46,1.49,-1.0
1.49,1.5,1.46,1.47,-1.0
1.44,1.46,1.4,1.41,1.0
1.4,1.48,1.39,1.48,1.0
1.47,1.5,1.45,1.48,-1.0
1.47,1.48,1.42,1.44,0.0
1.44,1.44,1.41,1.44,-1.0
1.43,1.44,1.4,1.41,-1.0
1.42,1.43,1.38,1.4,1.0
1.4,1.41,1.37,1.41,-1.0
1.41,1.41,1.39,1.39,1.0
1.38,1.42,1.37,1.42,-1.0
1.4,1.41,1.38,1.39,1.0
1.39,1.41,1.38,1.41,-1.0
1.4,1.41,1.38,1.38,-1.0
1.38,1.39,1.32,1.33,-1.0
1.32,1.32,1.26,1.28,0.0
1.27,1.3,1.26,1.27,1.0
1.27,1.31,1.27,1.31,0.0
1.29,1.32,1.28,1.29,1.0
1.29,1.31,1.24,1.31,1.0
1.3,1.35,1.29,1.35,0.0
1.34,1.35,1.32,1.34,1.0
1.33,1.37,1.32,1.36,1.0
1.36,1.38,1.34,1.38,-1.0
1.37,1.37,1.35,1.36,0.0
1.35,1.36,1.34,1.35,-1.0
1.35,1.35,1.32,1.32,1.0
1.32,1.38,1.31,1.37,1.0
1.37,1.4,1.35,1.39,0.0
1.38,1.39,1.36,1.38,-1.0
1.37,1.38,1.32,1.35,-1.0
1.34,1.35,1.32,1.33,1.0
1.32,1.35,1.32,1.34,-1.0
1.34,1.34,1.32,1.33,1.0
1.32,1.34,1.27,1.34,1.0
1.33,1.34,1.31,1.34,1.0
1.33,1.41,1.32,1.41,1.0
1.44,1.48,1.42,1.45,-1.0
1.43,1.44,1.38,1.41,-1.0
1.35,1.37,1.34,1.34,1.0
1.29,1.33,1.27,1.33,0.0
1.32,1.34,1.31,1.32,1.0
1.31,1.34,1.3,1.32,1.0
1.31,1.34,1.31,1.33,-1.0
1.33,1.34,1.29,1.31,1.0
1.3,1.33,1.29,1.33,1.0
1.32,1.34,1.31,1.33,1.0
1.33,1.39,1.32,1.35,1.0
1.35,1.37,1.34,1.37,0.0
1.36,1.38,1.35,1.36,1.0
1.36,1.42,1.36,1.4,-1.0
1.4,1.42,1.38,1.39,-1.0
1.39,1.41,1.35,1.38,-1.0
1.37,1.38,1.31,1.33,1.0
1.32,1.35,1.32,1.35,1.0
1.35,1.37,1.34,1.37,1.0
1.36,1.37,1.35,1.37,-1.0
1.33,1.36,1.3,1.32,-1.0
1.32,1.32,1.28,1.3,1.0
1.3,1.36,1.29,1.34,1.0
1.35,1.4,1.35,1.37,0.0
1.37,1.38,1.35,1.37,1.0
1.37,1.4,1.37,1.39,1.0
1.4,1.44,1.39,1.43,-1.0
1.43,1.45,1.38,1.41,-1.0
1.41,1.43,1.39,1.39,1.0
1.39,1.44,1.38,1.42,1.0
1.42,1.43,1.41,1.43,-1.0
1.42,1.43,1.38,1.39,1.0
1.39,1.41,1.39,1.4,1.0
1.4,1.43,1.39,1.43,-1.0
1.43,1.44,1.41,1.41,1.0
1.41,1.44,1.41,1.43,1.0
1.43,1.5,1.43,1.5,-1.0
1.5,1.54,1.47,1.49,-1.0
1.48,1.49,1.42,1.44,1.0
1.43,1.49,1.43,1.48,1.0
1.48,1.55,1.47,1.55,1.0
1.62,1.63,1.6,1.63,-1.0
1.7,1.71,1.56,1.59,1.0
1.57,1.67,1.56,1.67,0.0
1.66,1.73,1.63,1.66,0.0
1.65,1.7,1.64,1.65,-1.0
1.66,1.67,1.57,1.59,1.0
1.59,1.66,1.57,1.63,-1.0
1.62,1.63,1.58,1.59,1.0
1.58,1.6,1.56,1.59,1.0
1.58,1.62,1.57,1.61,1.0
1.61,1.64,1.6,1.62,-1.0
1.63,1.63,1.58,1.6,1.0
1.59,1.62,1.59,1.62,1.0
1.62,1.7,1.6,1.67,1.0
1.67,1.7,1.66,1.68,-1.0
1.67,1.68,1.62,1.62,1.0
1.62,1.67,1.62,1.65,1.0
1.65,1.67,1.62,1.66,-1.0
1.66,1.68,1.62,1.63,-1.0
1.62,1.64,1.55,1.56,0.0
1.55,1.56,1.49,1.55,1.0
1.54,1.6,1.54,1.58,-1.0
1.58,1.59,1.54,1.56,-1.0
1.56,1.57,1.51,1.51,1.0
1.51,1.53,1.48,1.53,1.0
1.53,1.61,1.52,1.61,0.0
1.63,1.67,1.6,1.63,-1.0
1.65,1.65,1.6,1.61,-1.0
1.62,1.62,1.53,1.55,1.0
1.56,1.63,1.55,1.63,0.0
1.63,1.63,1.63,1.63,0.0
1.63,1.63,1.63,1.63,0.0
1.63,1.63,1.63,1.63,0.0
1.63,1.63,1.63,1.63,0.0
1.63,1.63,1.63,1.63,0.0
1.63,1.63,1.63,1.63,0.0
1.63,1.63,1.63,1.63,0.0
1.63,1.63,1.63,1.63,0.0
1.63,1.63,1.63,1.63,0.0
1.63,1.63,1.63,1.63,0.0
1.63,1.63,1.63,1.63,0.0
1.63,1.63,1.63,1.63,0.0
1.63,1.63,1.63,1.63,0.0
1.47,1.47,1.47,1.47,0.0
1.32,1.32,1.32,1.32,0.0
1.19,1.19,1.19,1.19,0.0
1.07,1.07,1.07,1.07,0.0
0.96,0.96,0.96,0.96,0.0
0.86,0.86,0.86,0.86,0.0
0.77,0.85,0.77,0.77,-1.0
0.74,0.75,0.7,0.73,1.0
0.72,0.76,0.71,0.74,-1.0
0.73,0.74,0.7,0.71,-1.0
0.71,0.71,0.68,0.69,1.0
0.69,0.75,0.68,0.73,1.0
0.71,0.76,0.71,0.73,-1.0
0.74,0.75,0.7,0.72,-1.0
0.72,0.72,0.7,0.71,1.0
0.71,0.73,0.71,0.72,-1.0
0.72,0.73,0.7,0.71,-1.0
0.71,0.72,0.69,0.7,0.0
0.71,0.72,0.7,0.71,0.0
0.71,0.72,0.7,0.71,1.0
0.71,0.72,0.7,0.72,0.0
0.71,0.72,0.7,0.71,0.0
0.71,0.72,0.7,0.71,1.0
0.71,0.78,0.71,0.76,0.0
0.75,0.79,0.74,0.75,1.0
0.74,0.76,0.74,0.75,1.0
0.75,0.82,0.75,0.8,0.0
0.8,0.84,0.79,0.8,-1.0
0.84,0.85,0.8,0.83,0.0
