OPEN,HIGH,LOW,CLOSE,UPDOWN
14.02,16.0,14.02,15.74,-1.0
15.58,16.2,15.44,15.49,1.0
15.3,16.4,14.91,16.34,-1.0
16.45,16.66,15.5,15.77,-1.0
15.6,15.88,15.28,15.28,-1.0
15.78,15.88,15.31,15.55,-1.0
15.58,15.62,14.7,14.8,1.0
14.65,15.15,14.4,14.8,-1.0
14.83,14.94,14.3,14.59,-1.0
14.88,14.88,14.53,14.74,1.0
14.8,15.18,14.7,14.95,1.0
15.05,15.5,14.75,15.1,-1.0
15.1,15.3,14.9,15.03,1.0
15.05,15.61,14.98,15.52,-1.0
15.31,15.49,14.85,14.96,-1.0
14.89,15.0,14.7,14.75,-1.0
14.7,14.75,14.28,14.38,1.0
14.45,15.0,14.32,14.69,-1.0
15.0,15.08,14.25,14.31,1.0
14.31,14.69,14.3,14.5,-1.0
14.55,14.7,14.3,14.35,-1.0
14.35,14.35,13.56,13.7,1.0
13.7,13.85,13.5,13.78,1.0
13.8,13.9,13.66,13.86,1.0
13.95,14.3,13.8,14.1,1.0
14.18,14.25,13.9,14.19,-1.0
14.2,14.25,13.92,14.01,1.0
14.01,14.45,13.97,14.1,-1.0
14.12,14.13,13.8,13.89,-1.0
13.89,13.98,13.61,13.68,-1.0
13.68,13.88,13.61,13.66,-1.0
13.7,13.72,13.2,13.24,1.0
13.24,13.49,13.12,13.4,-1.0
13.42,13.66,13.23,13.29,1.0
13.3,13.96,13.26,13.94,-1.0
14.0,14.15,13.75,13.83,-1.0
13.8,13.9,13.45,13.73,-1.0
13.7,13.8,13.53,13.65,-1.0
13.65,13.75,13.36,13.44,0.0
13.44,13.5,13.35,13.44,1.0
13.44,14.2,13.35,14.2,-1.0
13.77,13.97,13.5,13.56,-1.0
13.56,13.56,13.3,13.4,1.0
13.4,13.51,13.33,13.44,-1.0
13.48,13.6,13.2,13.25,-1.0
13.2,13.37,12.85,12.89,-1.0
12.7,12.7,11.98,12.05,-1.0
12.0,12.2,11.72,11.72,1.0
11.72,12.29,11.55,12.16,1.0
12.2,12.59,12.05,12.25,-1.0
12.01,12.1,11.58,11.62,-1.0
11.46,11.46,10.46,10.46,1.0
11.12,11.25,10.8,11.15,1.0
11.2,11.7,10.92,11.6,1.0
11.69,11.88,11.4,11.86,1.0
11.8,11.98,11.59,11.95,-1.0
11.9,12.15,11.68,11.8,-1.0
11.7,11.74,11.48,11.64,-1.0
11.64,11.75,11.5,11.56,-1.0
11.41,11.5,11.13,11.19,0.0
11.11,11.38,11.0,11.11,1.0
11.01,11.99,10.5,11.99,-1.0
11.58,11.86,11.31,11.42,1.0
11.14,11.56,11.1,11.3,-1.0
11.58,11.62,11.3,11.46,1.0
11.52,11.97,11.5,11.79,1.0
11.85,11.99,11.68,11.99,-1.0
12.1,12.12,11.7,11.7,1.0
11.65,12.3,11.6,12.29,1.0
12.35,12.8,12.3,12.62,-1.0
12.62,12.75,12.39,12.48,1.0
12.48,12.66,12.46,12.59,-1.0
12.6,12.62,12.16,12.2,1.0
12.2,12.65,12.13,12.65,-1.0
12.7,12.79,12.02,12.17,-1.0
12.1,12.15,11.75,11.82,1.0
11.68,11.95,11.52,11.93,1.0
11.6,11.99,11.6,11.76,-1.0
11.98,12.3,11.77,11.9,-1.0
11.8,11.9,11.5,11.52,1.0
11.63,11.88,11.5,11.81,1.0
11.81,12.2,11.65,12.0,1.0
12.05,12.28,11.96,12.15,1.0
12.17,12.25,12.0,12.25,-1.0
12.15,12.19,11.87,11.89,-1.0
11.9,12.09,11.66,11.68,1.0
11.65,11.87,11.51,11.69,1.0
11.61,11.85,11.59,11.73,1.0
11.82,11.98,11.6,11.88,1.0
11.87,12.1,11.68,12.1,-1.0
12.1,12.4,11.7,11.7,1.0
12.01,12.5,12.01,12.17,1.0
12.2,12.9,12.2,12.8,-1.0
12.9,13.05,12.61,12.81,1.0
12.86,13.1,12.71,12.9,-1.0
13.0,13.25,12.8,12.89,-1.0
12.89,12.94,12.31,12.35,1.0
12.3,12.5,12.14,12.46,1.0
12.41,13.4,12.4,13.04,1.0
13.04,13.55,12.76,13.23,-1.0
13.47,13.47,13.01,13.16,1.0
13.2,13.44,13.11,13.42,-1.0
13.42,13.5,13.18,13.22,-1.0
13.15,13.28,12.97,13.0,1.0
12.96,13.24,12.96,13.24,1.0
13.3,13.75,13.3,13.43,-1.0
13.45,13.55,13.25,13.32,1.0
13.2,13.6,13.2,13.45,1.0
13.48,14.06,13.48,13.82,1.0
13.9,14.12,13.8,13.99,-1.0
13.98,14.0,13.7,13.88,1.0
13.6,14.05,13.6,13.88,-1.0
13.85,13.88,13.45,13.57,-1.0
13.5,13.72,13.35,13.42,1.0
13.35,13.52,13.31,13.4,-1.0
13.45,13.51,13.15,13.41,1.0
13.49,13.7,13.37,13.69,-1.0
13.7,13.75,13.42,13.48,1.0
13.48,13.55,13.3,13.52,-1.0
13.52,13.52,13.25,13.28,-1.0
13.4,13.5,13.22,13.24,-1.0
13.28,13.37,12.91,12.91,1.0
12.88,13.35,12.88,13.0,1.0
13.0,13.3,13.0,13.26,-1.0
13.25,13.25,12.88,13.02,-1.0
13.13,13.15,12.9,12.92,1.0
12.93,12.99,12.65,12.97,-1.0
13.0,13.0,12.7,12.8,-1.0
12.8,12.92,12.6,12.77,-1.0
12.88,13.0,12.41,12.45,1.0
12.44,12.75,12.43,12.53,-1.0
12.43,12.43,12.23,12.38,-1.0
12.38,12.38,12.08,12.08,1.0
12.0,12.5,11.68,12.4,-1.0
12.37,12.37,12.1,12.12,1.0
12.0,12.1,11.8,12.1,1.0
12.02,12.25,12.0,12.08,-1.0
11.92,12.03,11.7,11.75,1.0
11.65,12.0,11.6,11.85,-1.0
11.8,11.9,11.6,11.68,1.0
11.8,12.23,11.8,12.12,-1.0
12.13,12.15,11.9,11.95,1.0
11.95,12.1,11.86,12.1,1.0
12.08,12.2,11.98,12.09,-1.0
12.22,12.22,11.9,11.9,-1.0
11.9,11.9,11.6,11.7,1.0
11.65,11.9,11.6,11.88,1.0
11.9,12.09,11.71,11.98,1.0
11.51,11.9,11.51,11.68,1.0
11.55,11.89,11.55,11.79,1.0
11.86,12.08,11.75,12.01,1.0
12.0,12.31,11.92,12.28,1.0
12.3,12.49,12.3,12.45,1.0
12.45,12.52,12.2,12.47,-1.0
12.31,12.39,12.15,12.15,1.0
12.1,12.31,12.0,12.15,1.0
12.08,12.29,12.05,12.18,1.0
12.15,12.35,12.1,12.31,1.0
12.31,12.83,12.28,12.78,-1.0
12.8,12.8,12.5,12.59,-1.0
12.6,12.8,12.35,12.46,1.0
12.47,12.6,12.36,12.57,-1.0
12.63,12.78,12.39,12.45,-1.0
12.35,12.41,12.16,12.19,-1.0
12.1,12.2,11.9,11.9,1.0
11.9,12.27,11.9,12.16,-1.0
12.2,12.2,11.8,11.85,0.0
11.85,12.15,11.76,11.85,-1.0
11.86,11.86,11.55,11.61,1.0
11.61,11.88,11.55,11.78,-1.0
11.79,11.8,11.7,11.7,-1.0
11.7,11.7,11.51,11.51,-1.0
11.46,11.49,11.05,11.06,-1.0
11.0,11.04,10.8,10.88,1.0
11.01,11.22,11.0,11.19,-1.0
11.18,11.39,10.9,11.0,1.0
11.0,11.14,10.98,11.07,1.0
11.08,11.4,11.0,11.4,-1.0
11.31,11.49,11.2,11.21,-1.0
11.21,11.45,11.13,11.17,1.0
11.17,11.35,11.05,11.34,-1.0
11.43,11.43,11.2,11.28,-1.0
11.28,11.28,11.07,11.13,1.0
11.13,11.46,11.13,11.28,1.0
11.3,11.75,11.3,11.61,1.0
11.6,11.8,11.54,11.76,-1.0
11.8,11.97,11.62,11.7,-1.0
11.88,11.88,11.4,11.42,1.0
11.45,11.58,11.35,11.47,1.0
11.4,11.56,11.29,11.56,1.0
11.6,11.84,11.5,11.68,-1.0
11.6,11.8,11.48,11.5,-1.0
11.49,11.6,11.3,11.3,-1.0
11.3,11.5,11.21,11.25,1.0
11.22,11.3,11.15,11.3,-1.0
11.3,11.3,11.08,11.1,1.0
11.13,11.42,11.13,11.17,-1.0
11.1,11.25,11.07,11.07,-1.0
11.24,11.26,11.05,11.12,1.0
11.15,11.28,11.1,11.28,1.0
11.3,11.57,11.3,11.47,1.0
11.51,11.7,11.36,11.67,-1.0
11.68,11.7,11.37,11.48,-1.0
11.48,11.48,11.18,11.2,1.0
11.2,11.34,11.18,11.3,-1.0
11.28,11.28,10.9,10.95,0.0
10.88,11.0,10.85,10.88,1.0
10.88,11.1,10.86,11.03,-1.0
11.19,11.2,10.65,10.7,-1.0
10.7,10.77,10.58,10.6,-1.0
10.6,10.6,10.28,10.36,1.0
10.32,10.64,10.29,10.45,-1.0
10.46,10.48,10.07,10.07,1.0
10.0,10.2,9.97,10.19,0.0
10.2,10.35,10.19,10.2,-1.0
10.2,10.2,9.92,9.93,-1.0
9.83,9.96,9.69,9.7,1.0
9.75,10.1,9.75,9.84,1.0
9.84,10.09,9.75,10.03,1.0
10.06,10.2,10.05,10.13,-1.0
10.2,10.2,9.96,9.99,1.0
9.98,10.09,9.95,10.01,1.0
10.05,10.34,10.0,10.3,-1.0
10.3,10.3,9.96,9.98,1.0
9.95,10.98,9.88,10.91,1.0
10.85,11.48,10.73,11.18,-1.0
11.17,11.45,10.93,11.0,1.0
11.05,11.68,11.05,11.49,-1.0
11.51,11.55,10.85,11.0,1.0
10.88,11.38,10.79,11.06,0.0
11.06,11.06,11.06,11.06,-1.0
11.5,11.78,11.15,11.42,1.0
11.48,12.25,11.31,11.97,1.0
11.98,12.35,11.73,12.02,1.0
12.06,12.88,11.85,12.24,1.0
12.28,13.4,12.02,12.4,1.0
12.39,13.08,12.29,12.78,1.0
12.78,13.29,12.58,12.85,-1.0
12.85,13.0,12.31,12.36,1.0
12.36,12.96,12.1,12.4,-1.0
12.35,12.54,12.0,12.3,-1.0
12.33,12.92,12.01,12.02,1.0
12.02,12.8,12.02,12.79,1.0
12.79,14.06,12.79,13.66,-1.0
13.9,14.15,13.5,13.88,-1.0
14.0,14.22,13.55,13.69,-1.0
13.75,13.84,13.25,13.5,-1.0
13.8,13.97,13.3,13.58,-1.0
13.65,13.78,13.1,13.4,1.0
13.65,14.33,13.35,14.0,-1.0
14.45,14.45,13.0,13.1,1.0
13.18,13.58,12.9,13.56,1.0
13.75,14.29,13.46,13.84,1.0
13.99,14.8,13.7,14.55,-1.0
14.8,14.9,14.33,14.62,-1.0
14.62,14.75,14.01,14.38,1.0
14.48,15.25,14.31,15.03,1.0
15.05,15.25,14.7,15.22,1.0
15.3,16.74,15.3,15.8,1.0
16.32,17.38,16.3,17.38,1.0
18.0,19.1,17.8,18.9,-1.0
18.74,19.66,17.08,17.33,-1.0
17.1,17.1,15.6,15.6,1.0
16.0,17.16,15.6,17.16,1.0
18.87,18.88,18.5,18.88,-1.0
18.9,19.0,16.99,17.02,1.0
16.89,18.05,16.71,18.0,-1.0
18.0,18.5,17.6,17.92,1.0
17.92,19.1,17.8,18.6,-1.0
18.49,18.49,16.85,16.95,-1.0
16.8,16.8,16.2,16.42,1.0
16.38,16.88,15.85,16.58,-1.0
16.58,16.65,16.1,16.19,-1.0
16.13,16.46,15.81,15.88,-1.0
15.39,15.5,14.65,14.85,1.0
14.8,16.3,14.6,16.29,1.0
16.52,17.5,16.35,16.94,-1.0
16.9,16.9,15.8,15.82,1.0
15.8,16.6,15.7,16.06,-1.0
16.0,16.2,15.55,15.68,1.0
15.68,16.0,15.3,15.72,1.0
15.5,16.1,15.48,15.76,-1.0
16.08,16.15,15.7,16.05,0.0
16.05,16.05,16.05,16.05,-1.0
16.6,17.1,16.2,16.47,-1.0
16.5,16.6,16.15,16.23,0.0
16.4,16.8,16.18,16.4,1.0
16.4,16.59,16.25,16.43,-1.0
16.3,16.43,15.6,16.07,-1.0
15.99,15.99,15.4,15.45,-1.0
15.5,15.55,15.06,15.18,-1.0
15.7,15.8,15.18,15.2,-1.0
15.28,15.5,14.8,14.98,1.0
15.01,15.3,14.95,15.14,1.0
14.8,15.0,14.8,14.86,1.0
14.98,15.48,14.96,15.09,-1.0
15.15,15.22,14.71,15.1,1.0
15.3,16.15,15.15,15.84,-1.0
15.99,16.18,15.61,15.62,1.0
15.68,15.8,15.45,15.75,1.0
15.75,16.3,15.75,16.0,-1.0
16.2,16.5,15.82,15.91,1.0
15.88,15.95,15.64,15.92,1.0
16.02,16.35,16.0,16.09,-1.0
16.0,16.1,15.71,15.72,-1.0
15.98,15.98,15.5,15.69,-1.0
15.7,15.8,15.2,15.3,1.0
15.25,15.52,14.96,15.46,-1.0
15.5,15.5,15.05,15.15,1.0
15.1,15.47,14.98,15.22,1.0
15.16,15.48,15.16,15.28,-1.0
15.39,15.48,15.31,15.36,1.0
15.58,16.9,15.58,16.89,-1.0
17.15,17.8,16.75,16.78,1.0
16.8,17.21,16.5,16.86,-1.0
17.0,17.0,16.6,16.63,-1.0
16.85,16.85,16.46,16.49,-1.0
16.5,16.6,16.2,16.2,1.0
16.22,16.7,16.22,16.36,-1.0
16.41,16.63,15.98,16.01,1.0
15.9,16.19,15.89,16.18,-1.0
16.3,16.3,15.9,16.1,-1.0
16.2,16.29,15.94,16.0,1.0
16.05,16.59,16.05,16.21,-1.0
16.4,16.41,16.0,16.02,-1.0
16.02,16.24,15.76,15.78,-1.0
15.98,16.18,15.75,15.81,-1.0
16.1,16.1,15.5,15.54,-1.0
15.45,15.58,15.05,15.16,-1.0
15.2,15.44,15.0,15.18,1.0
15.28,15.78,15.28,15.4,-1.0
15.45,15.46,15.0,15.0,1.0
14.98,15.45,14.8,15.02,-1.0
15.5,15.54,15.06,15.43,-1.0
15.45,15.5,14.9,14.93,-1.0
14.8,14.85,14.6,14.6,1.0
14.5,14.9,14.5,14.74,-1.0
14.75,14.75,14.15,14.15,1.0
14.12,15.1,14.12,14.78,-1.0
14.8,14.8,14.26,14.26,1.0
14.4,14.8,14.28,14.59,1.0
15.05,15.12,14.78,15.11,-1.0
15.19,15.19,14.6,14.7,-1.0
14.7,14.9,14.1,14.4,-1.0
14.4,14.49,14.2,14.28,1.0
14.18,14.6,14.18,14.3,1.0
14.3,14.54,14.3,14.39,1.0
14.42,14.75,14.33,14.45,-1.0
15.85,15.85,14.46,14.69,-1.0
14.69,14.8,14.2,14.55,-1.0
14.59,14.8,14.28,14.32,-1.0
14.99,14.99,14.3,14.46,-1.0
14.43,14.51,14.3,14.32,-1.0
14.35,14.5,14.21,14.3,-1.0
14.4,14.4,14.09,14.24,-1.0
14.3,14.49,13.5,13.54,1.0
13.55,13.7,13.32,13.7,1.0
13.78,14.3,13.5,13.93,-1.0
14.0,14.18,13.85,13.95,-1.0
14.5,14.75,14.12,14.2,-1.0
14.05,14.1,13.81,13.83,-1.0
13.68,13.9,13.55,13.67,-1.0
13.76,13.76,13.51,13.7,1.0
13.62,14.2,13.6,14.1,-1.0
14.0,14.0,13.62,13.66,1.0
13.68,13.76,13.67,13.73,1.0
13.69,13.92,13.69,13.79,-1.0
13.71,13.71,13.45,13.49,-1.0
13.49,13.58,13.3,13.37,-1.0
13.37,13.37,13.16,13.17,-1.0
13.2,13.5,13.09,13.1,-1.0
13.1,13.4,12.99,13.04,-1.0
13.1,13.1,12.8,12.83,1.0
12.83,13.2,12.65,13.18,-1.0
13.18,13.18,12.89,12.89,-1.0
12.89,12.98,12.78,12.8,1.0
12.9,13.47,12.8,13.21,-1.0
13.2,13.27,12.97,13.0,-1.0
13.0,13.1,12.6,12.64,-1.0
12.6,12.6,12.31,12.45,-1.0
12.5,12.5,12.22,12.28,-1.0
12.3,12.3,12.01,12.06,1.0
12.0,12.15,11.96,12.01,1.0
12.02,12.1,11.95,12.09,-1.0
12.25,12.45,11.95,12.0,-1.0
13.0,13.0,12.38,12.48,1.0
12.58,12.75,12.58,12.6,1.0
12.61,13.08,12.45,12.95,-1.0
12.95,13.4,12.7,12.94,1.0
12.68,13.42,12.68,13.37,1.0
13.48,13.98,13.48,13.91,1.0
14.0,14.3,13.65,14.12,-1.0
14.12,14.12,13.2,13.29,-1.0
13.1,13.4,12.59,12.75,-1.0
12.75,12.87,12.55,12.65,-1.0
12.8,12.85,12.6,12.74,1.0
13.0,13.7,12.99,13.41,-1.0
13.5,13.63,13.01,13.12,1.0
13.18,14.0,13.17,13.95,1.0
13.98,14.2,13.77,14.09,-1.0
14.09,14.19,13.78,13.78,-1.0
13.58,13.7,13.2,13.42,1.0
13.5,14.14,13.48,13.67,1.0
13.75,14.02,13.55,14.0,1.0
14.5,15.0,14.38,14.55,1.0
14.77,15.5,14.76,15.02,1.0
15.61,16.49,15.52,16.48,-1.0
16.8,17.6,15.8,15.95,1.0
15.9,16.33,15.65,15.98,-1.0
16.2,16.9,14.41,14.55,1.0
14.4,15.05,14.31,15.05,1.0
15.1,15.9,14.8,15.58,-1.0
15.69,15.8,14.6,14.65,1.0
14.69,15.1,14.62,14.92,1.0
15.2,15.3,14.95,15.26,1.0
15.4,16.4,15.39,15.78,1.0
16.0,16.25,15.91,16.1,-1.0
16.38,16.42,15.58,15.85,-1.0
15.9,16.0,15.3,15.4,1.0
15.4,15.98,15.38,15.5,-1.0
15.6,15.98,15.29,15.3,-1.0
15.48,15.58,14.65,14.7,1.0
14.63,14.94,14.4,14.94,-1.0
15.0,15.09,14.8,14.98,1.0
15.0,15.5,15.0,15.15,-1.0
15.15,15.2,14.6,14.66,1.0
14.66,14.9,14.61,14.77,1.0
14.77,15.48,14.56,15.35,1.0
15.5,16.28,15.36,15.97,-1.0
16.1,16.18,14.8,15.0,1.0
15.0,15.65,15.0,15.55,1.0
15.65,16.58,15.6,16.33,-1.0
16.33,16.35,15.93,16.23,-1.0
16.23,16.3,15.82,16.0,1.0
16.01,16.26,15.78,16.16,-1.0
16.3,16.89,16.05,16.1,1.0
16.58,17.32,16.52,17.02,-1.0
17.3,17.35,16.48,16.69,-1.0
16.7,16.88,16.1,16.41,1.0
16.41,16.88,16.28,16.7,-1.0
16.6,16.65,16.03,16.12,-1.0
16.12,16.28,16.0,16.0,-1.0
15.98,15.98,15.64,15.65,1.0
15.64,15.92,15.6,15.85,1.0
15.9,16.27,15.8,16.2,-1.0
16.29,16.31,15.88,15.97,1.0
15.98,16.1,15.91,16.0,1.0
16.0,16.48,16.0,16.4,-1.0
16.49,16.5,15.9,15.95,1.0
16.0,16.2,15.96,16.05,-1.0
16.06,16.25,15.82,15.86,-1.0
15.86,15.86,15.37,15.49,1.0
15.58,15.95,15.52,15.9,1.0
15.97,16.55,15.89,16.5,1.0
16.5,17.08,16.3,16.79,-1.0
16.87,17.1,16.55,16.85,-1.0
16.98,17.35,16.8,16.8,-1.0
16.89,16.89,16.5,16.65,1.0
16.65,17.05,16.6,16.74,-1.0
16.75,17.22,16.68,16.72,1.0
16.8,17.18,16.66,17.09,1.0
17.3,18.09,17.1,17.7,-1.0
17.7,17.8,17.0,17.0,0.0
17.0,17.0,17.0,17.0,-1.0
16.48,16.7,16.15,16.25,1.0
16.25,16.78,16.25,16.36,1.0
16.41,16.66,16.26,16.5,1.0
16.55,16.96,16.55,16.88,1.0
16.88,17.36,16.88,16.93,1.0
16.95,17.75,16.95,17.55,-1.0
17.68,18.18,17.57,17.65,1.0
18.09,19.42,17.85,19.14,1.0
19.13,19.5,18.62,19.15,-1.0
19.48,19.48,18.5,18.57,1.0
18.68,19.3,18.65,18.97,-1.0
18.97,18.98,18.15,18.2,1.0
18.35,18.97,18.35,18.46,1.0
18.5,19.47,18.46,19.12,-1.0
19.1,19.6,18.8,18.91,1.0
19.1,20.49,19.1,20.06,-1.0
20.2,20.35,19.81,20.13,-1.0
20.4,20.61,19.65,19.67,1.0
19.67,20.59,19.6,20.32,-1.0
20.5,20.79,20.21,20.26,-1.0
20.26,20.45,19.63,19.72,-1.0
19.72,20.1,19.41,19.42,1.0
19.26,19.68,19.01,19.43,1.0
19.43,19.65,19.33,19.62,1.0
19.66,20.0,19.66,19.81,-1.0
19.85,19.9,19.2,19.28,-1.0
19.38,19.45,19.03,19.04,-1.0
19.09,19.09,18.75,18.86,-1.0
18.88,19.38,18.7,18.84,1.0
18.91,19.34,18.9,19.3,-1.0
19.47,19.47,19.06,19.11,1.0
19.2,19.45,19.0,19.43,1.0
19.4,19.72,19.3,19.67,-1.0
19.7,19.88,19.4,19.42,-1.0
19.4,19.41,19.08,19.15,-1.0
19.2,19.2,18.9,19.02,-1.0
19.02,19.35,18.85,18.87,-1.0
18.85,18.85,18.0,18.54,1.0
18.45,18.96,18.41,18.63,0.0
18.7,18.96,18.61,18.7,1.0
18.75,18.97,18.74,18.85,1.0
18.99,19.54,18.99,19.45,-1.0
19.6,19.7,19.21,19.42,-1.0
19.45,19.52,19.14,19.14,1.0
19.18,19.51,19.18,19.49,1.0
19.4,19.55,19.21,19.43,1.0
19.43,19.8,19.25,19.6,-1.0
19.6,19.8,19.41,19.56,1.0
19.6,19.98,19.5,19.75,-1.0
19.85,19.85,19.6,19.71,-1.0
19.71,19.8,19.18,19.21,-1.0
19.22,19.4,19.0,19.1,-1.0
19.0,19.08,18.8,18.9,1.0
19.0,19.3,18.89,19.15,1.0
19.1,19.3,19.08,19.11,-1.0
19.12,19.35,19.05,19.05,-1.0
19.05,19.2,18.9,18.92,0.0
18.92,18.92,18.92,18.92,-1.0
19.02,19.1,18.68,18.74,1.0
18.81,19.1,18.81,19.1,-1.0
19.1,19.1,18.7,18.73,-1.0
18.85,18.98,18.58,18.66,1.0
18.8,19.29,18.6,19.09,1.0
19.12,19.47,19.08,19.18,-1.0
19.25,19.43,18.95,19.02,-1.0
19.05,19.21,18.82,18.91,1.0
18.98,19.25,18.97,19.1,1.0
19.1,19.85,18.96,19.85,1.0
19.35,20.35,19.35,19.55,1.0
19.8,21.51,19.8,21.51,-1.0
21.8,21.96,21.11,21.2,-1.0
21.3,21.34,20.81,20.92,1.0
20.99,21.4,20.92,21.25,-1.0
21.35,21.4,20.52,20.53,-1.0
20.4,20.53,19.5,20.38,1.0
20.36,20.7,19.95,20.48,-1.0
20.2,20.81,20.08,20.18,-1.0
20.77,20.77,20.2,20.49,1.0
20.3,20.65,20.3,20.59,-1.0
20.59,20.59,20.04,20.1,-1.0
20.0,20.1,19.72,19.76,-1.0
19.66,19.8,19.5,19.5,1.0
19.33,19.6,19.15,19.45,-1.0
19.5,19.51,19.1,19.24,-1.0
19.11,19.25,18.8,18.8,1.0
18.88,19.2,18.69,18.9,-1.0
19.15,19.15,18.85,18.99,-1.0
19.49,19.5,19.12,19.45,-1.0
19.45,19.45,19.14,19.18,-1.0
19.48,19.6,19.05,19.25,1.0
19.2,19.44,19.1,19.25,-1.0
19.3,19.44,18.85,19.05,-1.0
19.08,19.08,18.51,18.51,-1.0
18.45,18.45,17.7,17.74,1.0
17.75,18.38,17.68,17.95,-1.0
17.95,18.08,17.88,17.88,1.0
17.88,18.36,17.8,18.08,1.0
18.08,18.32,18.06,18.09,-1.0
18.3,18.35,18.09,18.21,1.0
18.39,18.5,18.11,18.45,-1.0
18.47,18.57,18.03,18.07,-1.0
18.3,18.5,18.08,18.1,-1.0
18.4,18.4,18.01,18.1,1.0
18.12,18.77,18.12,18.7,-1.0
18.89,18.95,18.46,18.52,-1.0
19.0,19.0,18.5,18.52,0.0
18.52,18.9,18.2,18.52,-1.0
18.5,18.58,18.1,18.13,1.0
18.2,18.38,18.13,18.3,1.0
18.35,18.78,18.26,18.7,-1.0
18.8,18.92,18.6,18.75,1.0
18.7,19.58,18.7,19.4,-1.0
19.4,19.46,19.18,19.31,-1.0
19.32,19.48,19.08,19.2,1.0
19.45,19.8,19.2,19.78,1.0
19.7,19.85,19.5,19.75,1.0
19.7,19.87,19.51,19.8,-1.0
19.8,19.8,19.48,19.66,1.0
19.68,19.85,19.55,19.7,1.0
19.5,19.88,19.5,19.85,1.0
19.85,20.63,19.85,20.29,-1.0
20.3,20.48,20.11,20.2,-1.0
20.25,20.45,20.2,20.23,-1.0
20.3,20.43,20.11,20.23,-1.0
20.3,20.46,19.8,20.2,1.0
19.85,20.58,19.85,20.5,-1.0
20.6,20.64,20.01,20.42,1.0
20.45,21.05,20.1,20.68,1.0
20.5,21.2,20.5,20.96,1.0
20.5,21.99,20.5,21.51,1.0
21.6,22.52,21.32,22.15,-1.0
22.25,22.41,21.52,21.75,1.0
21.7,22.0,21.66,21.9,-1.0
22.09,22.49,21.83,21.93,-1.0
22.05,22.18,21.65,21.81,1.0
22.0,23.5,21.91,22.76,-1.0
23.0,23.16,21.0,21.8,1.0
21.7,22.2,21.45,22.1,1.0
22.2,22.38,22.0,22.38,-1.0
22.38,22.6,22.1,22.25,1.0
22.1,22.89,22.1,22.41,1.0
22.3,22.68,22.0,22.45,-1.0
22.4,22.45,22.1,22.28,1.0
22.2,22.65,22.15,22.56,1.0
22.4,23.2,22.4,23.1,1.0
23.1,23.35,22.85,23.18,1.0
23.0,23.47,23.0,23.4,1.0
23.4,23.6,23.15,23.5,1.0
23.4,23.58,23.15,23.45,-1.0
23.35,23.35,22.25,22.47,-1.0
23.1,23.1,22.35,22.48,0.0
21.0,21.3,20.8,21.0,1.0
20.99,21.34,20.85,21.3,1.0
21.15,21.91,21.15,21.88,1.0
21.88,22.85,21.86,22.85,-1.0
22.8,22.92,22.4,22.68,1.0
22.6,22.98,22.5,22.69,-1.0
22.9,22.9,22.15,22.28,-1.0
22.3,22.43,21.91,22.27,-1.0
22.13,22.35,21.91,22.0,1.0
21.92,22.4,21.83,22.31,1.0
22.2,22.95,22.2,22.8,1.0
22.8,23.25,22.54,23.0,1.0
22.9,23.08,22.6,23.0,1.0
22.82,23.55,22.8,23.05,1.0
22.98,23.19,22.8,23.03,1.0
23.06,23.95,22.9,23.5,-1.0
23.5,23.5,22.9,22.98,1.0
22.99,23.37,22.85,23.2,-1.0
23.4,23.6,22.96,23.14,-1.0
23.3,23.8,22.75,23.08,-1.0
22.9,23.05,22.1,22.38,1.0
22.15,22.5,22.13,22.32,-1.0
22.2,22.45,21.85,21.98,1.0
21.95,22.13,21.91,22.03,1.0
21.9,22.18,21.9,22.11,-1.0
22.0,22.0,20.95,20.98,1.0
20.93,21.17,20.6,21.17,-1.0
21.0,21.08,20.8,20.95,-1.0
20.97,21.0,20.45,20.55,-1.0
20.9,21.05,20.4,20.78,1.0
20.6,20.78,20.48,20.78,1.0
20.6,20.9,20.56,20.75,1.0
20.63,20.98,20.46,20.88,0.0
20.75,20.85,20.66,20.75,1.0
20.6,20.76,20.32,20.76,1.0
20.65,21.29,20.6,21.29,1.0
21.1,21.4,20.99,21.2,1.0
20.89,21.28,20.6,20.97,1.0
20.77,21.08,20.7,20.9,1.0
20.81,21.5,20.8,21.28,1.0
21.01,21.55,21.01,21.55,1.0
21.45,21.78,21.36,21.78,1.0
21.6,21.99,21.6,21.94,1.0
21.8,22.78,21.8,22.7,1.0
22.2,23.09,22.2,22.88,-1.0
23.0,23.18,22.8,22.98,-1.0
23.55,23.58,22.7,22.88,1.0
22.88,23.27,22.88,23.0,-1.0
22.9,23.0,22.71,22.88,1.0
22.8,22.98,22.71,22.96,1.0
22.95,23.39,22.95,23.04,-1.0
23.05,23.14,22.51,22.9,1.0
22.9,23.19,22.7,23.19,1.0
23.05,23.15,22.9,23.09,-1.0
23.0,23.08,22.9,22.95,1.0
22.96,23.25,22.9,23.1,1.0
22.81,23.11,22.81,22.91,1.0
23.0,23.18,22.56,23.18,1.0
23.0,23.38,22.98,23.18,1.0
23.1,23.25,22.9,23.15,1.0
23.15,24.0,22.96,23.99,0.0
24.0,24.38,23.82,24.0,-1.0
24.2,24.2,23.8,23.98,1.0
23.95,24.1,23.85,24.0,1.0
23.9,24.28,23.9,24.24,1.0
24.1,24.75,24.1,24.62,-1.0
24.52,24.79,24.3,24.4,-1.0
24.4,24.58,23.7,24.1,1.0
24.0,24.37,23.8,24.37,1.0
24.2,24.6,24.0,24.32,1.0
24.32,24.68,24.25,24.65,0.0
24.65,24.65,24.65,24.65,-1.0
24.88,24.88,24.5,24.71,1.0
24.7,25.35,24.7,24.96,-1.0
25.08,25.09,24.92,25.0,1.0
25.0,25.5,24.98,25.26,1.0
25.02,25.58,24.98,25.49,1.0
25.3,25.98,25.28,25.98,-1.0
25.98,25.98,25.5,25.79,-1.0
15.88,16.0,15.0,15.16,1.0
15.15,15.38,15.05,15.28,1.0
15.3,15.89,15.3,15.8,-1.0
15.5,15.75,15.19,15.3,-1.0
15.31,15.46,15.15,15.28,1.0
15.2,15.4,15.15,15.32,1.0
15.2,15.39,15.2,15.39,-1.0
15.42,15.55,15.26,15.35,-1.0
15.33,15.4,15.16,15.3,1.0
15.25,15.4,15.2,15.29,-1.0
15.29,15.39,15.08,15.27,1.0
15.2,15.45,15.2,15.37,1.0
15.25,15.73,15.25,15.53,1.0
15.5,16.35,15.5,16.18,1.0
16.16,16.49,16.0,16.18,-1.0
16.15,16.24,15.95,16.02,-1.0
16.0,16.22,15.5,15.54,1.0
15.52,15.69,15.33,15.65,-1.0
15.66,15.73,15.33,15.5,1.0
15.5,15.7,15.4,15.58,-1.0
15.58,15.65,15.36,15.44,0.0
15.44,15.44,15.44,15.44,-1.0
15.45,15.5,15.18,15.26,1.0
15.3,15.49,15.28,15.36,1.0
15.36,15.65,15.31,15.64,1.0
15.56,15.95,15.56,15.69,-1.0
15.8,15.95,15.58,15.73,1.0
15.68,15.84,15.65,15.73,-1.0
15.7,15.79,15.48,15.65,-1.0
15.65,15.67,15.48,15.5,-1.0
15.48,15.5,15.35,15.45,1.0
15.49,15.7,15.4,15.5,1.0
15.5,15.8,15.5,15.51,1.0
15.51,15.85,15.45,15.59,-1.0
15.75,15.85,15.26,15.39,0.0
15.35,15.45,15.21,15.35,-1.0
15.3,15.3,14.54,14.77,-1.0
14.77,14.9,14.6,14.7,-1.0
14.72,14.85,14.58,14.64,-1.0
14.68,14.71,14.45,14.65,1.0
14.6,14.68,14.52,14.62,-1.0
14.6,14.6,14.24,14.3,-1.0
14.3,14.3,14.15,14.2,1.0
14.2,14.58,14.2,14.54,1.0
14.5,14.86,14.5,14.62,-1.0
14.6,14.7,14.48,14.59,1.0
14.57,14.65,14.5,14.62,-1.0
14.6,14.67,14.25,14.55,-1.0
14.5,14.5,14.25,14.41,-1.0
14.38,14.49,14.15,14.22,1.0
14.2,14.48,14.14,14.28,-1.0
14.22,14.22,14.0,14.1,1.0
14.1,14.47,14.1,14.29,0.0
14.2,14.37,14.15,14.2,1.0
14.15,14.32,14.0,14.32,0.0
14.2,14.25,14.01,14.2,-1.0
14.2,14.22,13.8,13.94,1.0
13.82,14.06,13.78,13.95,1.0
13.9,14.15,13.8,14.09,1.0
14.0,14.05,13.9,14.05,1.0
13.98,14.28,13.98,14.14,1.0
14.0,14.17,14.0,14.12,-1.0
14.0,14.1,13.8,13.94,-1.0
13.89,14.07,13.8,13.88,0.0
13.8,13.98,13.55,13.8,1.0
13.71,13.99,13.48,13.85,-1.0
13.85,13.85,13.25,13.49,-1.0
13.49,13.49,12.14,13.0,1.0
12.62,13.0,12.62,12.95,-1.0
12.85,12.9,12.19,12.68,1.0
12.78,12.85,12.5,12.83,-1.0
12.7,12.7,12.2,12.6,1.0
12.52,12.68,12.28,12.6,1.0
12.4,12.65,12.32,12.6,1.0
12.4,12.65,12.4,12.63,1.0
12.45,12.9,12.45,12.83,1.0
12.7,12.97,12.7,12.86,-1.0
12.77,12.98,12.5,12.74,-1.0
12.9,12.9,12.55,12.8,0.0
12.7,12.85,12.6,12.7,1.0
12.6,12.7,12.56,12.61,1.0
12.6,12.71,12.5,12.65,-1.0
12.68,12.7,12.55,12.56,0.0
12.5,12.6,12.3,12.5,1.0
12.3,12.39,12.18,12.37,1.0
12.3,12.4,12.15,12.32,-1.0
12.45,12.45,11.95,12.21,-1.0
12.2,12.2,11.88,12.19,1.0
12.0,12.58,12.0,12.2,1.0
12.08,12.2,12.08,12.2,1.0
12.0,12.4,12.0,12.19,1.0
12.02,12.38,12.02,12.2,1.0
12.1,12.5,12.1,12.43,1.0
12.21,12.83,12.21,12.78,1.0
12.65,12.97,12.65,12.86,-1.0
12.8,12.82,12.35,12.5,1.0
12.38,12.85,12.2,12.84,-1.0
12.8,12.88,12.61,12.79,1.0
12.5,12.89,12.28,12.85,1.0
12.81,13.18,12.8,12.88,-1.0
12.83,12.96,12.46,12.57,-1.0
12.56,12.57,12.28,12.43,-1.0
12.8,12.8,12.3,12.59,1.0
12.55,12.7,12.47,12.7,1.0
12.73,13.28,12.73,13.04,-1.0
13.0,13.07,12.82,12.92,1.0
12.9,13.1,12.86,12.99,1.0
12.9,13.2,12.86,12.93,-1.0
12.9,12.9,12.28,12.36,1.0
12.3,12.61,12.25,12.47,-1.0
12.4,12.58,12.23,12.39,-1.0
12.45,12.5,11.8,11.86,1.0
11.8,12.1,11.68,11.9,-1.0
11.97,11.97,11.21,11.25,-1.0
11.17,11.45,10.68,10.9,1.0
10.9,11.55,10.73,11.3,-1.0
11.26,11.36,11.1,11.2,-1.0
11.23,11.37,10.08,10.45,1.0
10.25,10.45,10.25,10.3,-1.0
10.23,10.31,9.95,10.12,-1.0
10.06,10.06,9.6,9.7,-1.0
9.7,9.7,9.03,9.15,1.0
10.0,10.07,9.82,10.07,1.0
10.55,10.73,10.21,10.58,-1.0
10.68,10.68,10.13,10.2,-1.0
10.1,10.21,9.9,10.09,1.0
10.1,10.2,10.03,10.15,1.0
10.0,10.3,10.0,10.23,1.0
10.18,10.49,10.05,10.49,1.0
10.4,10.52,10.25,10.42,1.0
10.3,10.55,10.26,10.45,-1.0
10.29,10.31,10.11,10.16,1.0
10.1,10.28,10.1,10.2,-1.0
10.2,10.2,9.2,9.45,1.0
9.2,9.6,9.0,9.49,1.0
9.48,9.8,9.25,9.75,-1.0
9.75,9.75,9.38,9.5,1.0
9.3,9.47,9.19,9.38,-1.0
9.35,9.42,9.28,9.3,1.0
9.1,9.5,9.1,9.35,1.0
9.45,10.28,9.45,9.64,1.0
9.58,9.79,9.53,9.77,1.0
9.81,10.48,9.79,10.38,1.0
10.38,10.55,10.25,10.48,1.0
10.45,10.56,10.35,10.48,1.0
10.38,10.71,10.3,10.56,1.0
10.58,10.8,10.45,10.59,1.0
10.5,10.7,10.48,10.7,-1.0
10.7,10.8,10.6,10.68,-1.0
10.7,10.7,10.49,10.56,1.0
10.56,10.8,10.55,10.8,1.0
10.8,11.16,10.8,11.05,1.0
11.05,11.25,11.0,11.24,-1.0
11.23,11.23,11.0,11.01,1.0
10.95,11.15,10.9,11.07,1.0
11.07,11.16,11.01,11.12,-1.0
11.12,11.18,10.91,11.04,-1.0
11.0,11.0,10.7,10.75,-1.0
10.72,10.75,10.51,10.59,-1.0
10.5,10.74,10.48,10.48,-1.0
10.4,10.54,10.3,10.31,-1.0
10.29,10.42,10.08,10.13,1.0
10.3,10.48,10.14,10.45,-1.0
10.48,10.48,10.21,10.3,-1.0
10.28,10.28,10.05,10.05,1.0
10.05,10.16,10.03,10.15,-1.0
10.14,10.37,10.09,10.12,1.0
10.1,10.2,10.0,10.11,1.0
10.0,10.2,9.99,10.17,-1.0
10.1,10.21,10.04,10.05,1.0
10.05,10.15,10.02,10.1,1.0
10.1,10.3,10.07,10.21,-1.0
10.1,10.11,9.95,9.98,-1.0
9.9,9.9,9.5,9.58,-1.0
9.58,9.66,9.42,9.49,-1.0
9.45,9.5,9.26,9.3,1.0
9.3,9.52,9.05,9.46,-1.0
9.41,9.41,9.18,9.19,-1.0
9.13,9.13,8.73,8.74,-1.0
8.72,8.73,8.38,8.41,1.0
8.42,8.7,8.22,8.64,-1.0
8.32,8.5,8.16,8.2,1.0
8.1,8.38,7.96,8.17,-1.0
8.1,8.13,7.35,7.38,1.0
7.38,7.78,7.3,7.58,1.0
7.5,8.34,7.46,8.34,1.0
8.29,8.62,7.9,8.4,-1.0
8.31,8.45,8.19,8.27,-1.0
8.0,8.2,7.44,7.48,1.0
7.5,7.8,7.38,7.7,1.0
7.71,7.88,7.6,7.86,1.0
8.06,8.65,8.06,8.65,1.0
8.88,9.3,8.79,8.93,1.0
9.0,9.18,8.88,9.13,-1.0
9.13,9.19,8.86,8.94,-1.0
8.9,9.08,8.48,8.55,1.0
8.45,9.03,8.43,8.76,1.0
8.79,8.95,8.76,8.8,-1.0
9.13,9.5,8.95,9.05,-1.0
9.01,9.08,8.74,8.97,1.0
8.92,9.07,8.82,9.0,-1.0
8.96,9.08,8.83,8.85,-1.0
8.87,8.87,8.7,8.71,1.0
8.65,8.96,8.61,8.95,1.0
8.96,9.18,8.93,9.15,1.0
9.18,9.5,9.16,9.2,1.0
9.22,10.08,9.22,9.89,1.0
9.88,10.3,9.7,10.13,1.0
10.11,10.3,9.9,10.27,-1.0
10.25,10.32,9.92,9.98,-1.0
9.9,10.09,9.71,9.75,1.0
9.7,10.4,9.7,10.39,-1.0
10.45,10.59,9.96,9.97,-1.0
10.26,10.3,9.99,10.09,1.0
10.09,10.4,9.98,10.34,1.0
10.38,10.73,10.3,10.49,-1.0
10.59,10.6,10.3,10.4,-1.0
10.4,10.45,10.1,10.2,1.0
10.2,10.32,10.11,10.28,-1.0
10.6,10.6,10.15,10.2,-1.0
10.2,10.3,10.04,10.15,1.0
10.1,10.25,10.05,10.11,-1.0
10.1,10.11,9.56,9.64,1.0
9.6,9.75,9.6,9.7,-1.0
9.76,9.79,9.3,9.36,1.0
9.38,9.56,9.37,9.46,1.0
9.4,9.9,9.3,9.78,1.0
9.8,10.35,9.8,10.26,-1.0
10.3,10.32,10.1,10.29,1.0
10.3,10.75,10.3,10.67,1.0
10.67,10.75,10.53,10.68,-1.0
10.69,10.7,10.25,10.27,1.0
10.32,10.52,10.29,10.37,1.0
10.3,10.5,10.16,10.35,-1.0
10.18,10.4,9.85,10.12,-1.0
10.12,10.2,9.97,10.06,0.0
10.0,10.15,9.96,10.0,1.0
9.95,10.09,9.82,10.07,1.0
10.05,10.25,9.95,10.14,-1.0
10.2,10.2,10.07,10.08,-1.0
10.01,10.09,9.9,9.93,1.0
10.0,10.27,9.92,10.26,1.0
10.25,10.44,10.23,10.37,1.0
10.35,10.49,10.23,10.37,1.0
10.4,10.58,10.32,10.43,-1.0
10.46,10.46,10.16,10.17,-1.0
10.17,10.23,10.03,10.05,-1.0
10.03,10.13,10.0,10.02,-1.0
10.01,10.03,9.78,9.83,1.0
9.83,9.97,9.82,9.84,-1.0
9.85,9.97,9.8,9.83,-1.0
9.79,9.82,9.25,9.32,1.0
9.32,9.5,9.26,9.41,-1.0
9.4,9.4,9.0,9.15,-1.0
9.48,9.61,9.3,9.44,-1.0
9.44,9.49,9.1,9.15,-1.0
9.2,9.39,9.11,9.16,-1.0
9.19,9.28,9.01,9.12,-1.0
9.18,9.25,9.1,9.17,-1.0
9.26,9.34,9.17,9.21,-1.0
9.18,9.22,8.8,8.91,1.0
8.7,8.98,8.7,8.88,-1.0
8.88,8.92,8.64,8.68,-1.0
8.65,8.65,8.39,8.39,1.0
8.39,8.55,8.38,8.45,-1.0
8.49,8.49,8.1,8.12,1.0
8.12,8.78,8.11,8.63,1.0
8.68,8.83,8.5,8.74,-1.0
8.74,8.76,8.45,8.52,1.0
8.49,8.71,8.46,8.62,-1.0
8.62,8.65,8.45,8.56,-1.0
8.55,8.6,8.4,8.43,-1.0
8.4,8.4,8.18,8.21,1.0
8.12,8.28,8.12,8.27,1.0
8.31,8.54,8.3,8.49,-1.0
8.5,8.5,8.35,8.36,1.0
8.38,8.63,8.38,8.53,1.0
8.58,8.91,8.58,8.83,0.0
9.71,9.71,9.4,9.71,0.0
9.71,9.71,9.71,9.71,1.0
9.65,9.84,9.36,9.75,-1.0
9.8,9.92,9.6,9.68,1.0
9.68,9.91,9.6,9.85,-1.0
9.95,10.04,9.8,9.81,1.0
9.71,9.81,9.62,9.75,-1.0
9.9,9.95,9.7,9.73,-1.0
9.75,9.78,9.51,9.53,1.0
9.54,9.65,9.51,9.64,1.0
9.55,9.78,9.55,9.74,-1.0
9.74,9.74,9.6,9.6,-1.0
9.6,9.6,9.4,9.41,1.0
9.38,9.49,9.35,9.39,1.0
9.4,9.55,9.4,9.49,-1.0
9.53,9.53,9.27,9.28,1.0
9.28,9.48,9.28,9.32,1.0
9.35,9.42,9.28,9.42,1.0
9.46,9.53,9.42,9.52,1.0
9.52,9.58,9.46,9.57,-1.0
9.56,9.57,9.33,9.36,1.0
9.35,9.39,9.32,9.36,-1.0
9.32,9.32,9.02,9.05,-1.0
9.05,9.14,8.95,8.96,-1.0
8.95,9.02,8.91,8.92,1.0
8.9,9.06,8.89,9.01,-1.0
8.98,9.05,8.88,8.93,-1.0
9.0,9.0,8.88,8.88,1.0
8.89,8.95,8.85,8.92,-1.0
8.95,8.97,8.85,8.9,1.0
8.94,9.0,8.85,8.98,1.0
8.98,9.13,8.96,9.07,-1.0
9.07,9.07,9.0,9.02,-1.0
9.02,9.12,8.92,8.95,-1.0
8.95,8.95,8.86,8.87,-1.0
8.8,8.83,8.69,8.7,1.0
8.5,8.79,8.5,8.66,1.0
8.66,8.85,8.6,8.84,-1.0
8.89,8.9,8.71,8.73,1.0
8.73,8.85,8.67,8.76,1.0
8.76,8.82,8.73,8.77,1.0
8.78,8.94,8.76,8.9,-1.0
8.9,8.92,8.83,8.88,1.0
8.86,9.15,8.85,9.06,1.0
9.05,9.13,9.04,9.08,-1.0
9.04,9.07,8.95,8.96,1.0
8.99,9.06,8.93,9.04,-1.0
9.05,9.1,8.99,9.01,1.0
9.03,9.17,9.03,9.12,1.0
9.1,9.17,9.1,9.15,1.0
9.18,9.28,9.17,9.2,-1.0
9.2,9.26,9.17,9.18,-1.0
9.15,9.16,9.06,9.07,-1.0
9.05,9.06,8.92,8.93,-1.0
8.9,9.07,8.89,8.89,-1.0
8.89,9.0,8.78,8.84,1.0
8.76,8.88,8.76,8.83,0.0
8.9,8.91,8.8,8.9,1.0
8.91,8.99,8.87,8.95,1.0
9.08,9.43,9.0,9.2,1.0
9.17,9.28,9.05,9.25,-1.0
9.23,9.28,9.1,9.21,1.0
9.25,9.41,9.19,9.26,1.0
9.18,9.38,9.11,9.35,-1.0
9.35,9.35,9.16,9.18,1.0
9.18,9.26,9.13,9.25,1.0
9.2,9.31,9.2,9.21,-1.0
9.21,9.21,9.05,9.08,-1.0
9.06,9.15,8.9,8.93,-1.0
8.9,8.98,8.76,8.84,-1.0
8.82,8.82,8.6,8.67,-1.0
8.62,8.64,8.34,8.35,1.0
8.35,8.45,8.27,8.4,-1.0
8.36,8.4,8.22,8.23,1.0
8.2,8.32,8.12,8.31,-1.0
8.3,8.33,8.19,8.26,1.0
8.3,8.45,8.26,8.34,-1.0
8.33,8.34,8.15,8.16,1.0
8.1,8.29,8.1,8.24,1.0
8.24,8.28,8.15,8.25,1.0
8.27,8.49,8.27,8.42,1.0
8.41,8.46,8.34,8.45,-1.0
8.46,8.46,8.29,8.29,-1.0
8.29,8.38,8.16,8.17,-1.0
8.17,8.25,8.14,8.16,-1.0
8.3,8.3,7.82,8.07,0.0
8.07,8.13,8.01,8.07,0.0
8.08,8.13,8.06,8.08,-1.0
8.08,8.08,7.95,8.04,1.0
8.0,8.2,8.0,8.19,1.0
8.22,8.45,8.2,8.38,-1.0
8.38,8.38,8.28,8.31,-1.0
8.3,8.41,8.25,8.26,-1.0
8.4,8.4,8.06,8.3,-1.0
8.13,8.21,8.08,8.09,0.0
8.1,8.25,7.97,8.1,1.0
8.03,8.15,7.82,8.14,-1.0
8.05,8.1,7.9,7.9,1.0
7.88,8.08,7.85,7.91,1.0
7.9,7.95,7.85,7.92,1.0
7.8,8.02,7.8,7.98,-1.0
7.93,7.93,7.78,7.8,-1.0
7.78,7.78,7.5,7.51,-1.0
7.51,7.7,7.32,7.48,1.0
7.5,7.61,7.41,7.58,-1.0
7.58,7.68,7.31,7.36,-1.0
7.35,7.4,7.16,7.28,1.0
7.29,7.6,7.26,7.58,1.0
7.65,7.85,7.54,7.7,-1.0
7.66,7.67,7.41,7.43,0.0
7.43,7.43,7.43,7.43,-1.0
7.66,7.88,7.41,7.64,1.0
7.6,7.82,7.55,7.7,-1.0
7.7,7.78,7.55,7.6,1.0
7.57,7.67,7.55,7.6,-1.0
7.58,7.62,7.3,7.33,1.0
7.3,7.4,7.26,7.38,1.0
7.37,7.56,7.33,7.56,1.0
7.4,7.82,7.4,7.74,1.0
7.7,7.85,7.68,7.77,1.0
7.75,7.93,7.7,7.9,-1.0
7.9,7.95,7.78,7.86,1.0
7.8,7.88,7.76,7.83,1.0
7.92,7.95,7.8,7.93,-1.0
7.98,8.16,7.86,7.88,-1.0
7.88,7.88,7.78,7.84,-1.0
7.87,7.87,7.73,7.76,-1.0
7.71,7.78,7.43,7.53,1.0
7.5,7.65,7.36,7.63,1.0
7.53,8.04,7.4,8.0,1.0
7.78,8.0,7.55,7.97,-1.0
7.6,7.79,7.5,7.56,0.0
7.49,7.58,7.4,7.49,-1.0
7.7,7.7,7.45,7.57,-1.0
7.5,7.68,7.46,7.49,1.0
7.46,7.64,7.35,7.63,1.0
7.6,7.89,7.55,7.82,-1.0
7.8,7.98,7.71,7.72,1.0
7.7,7.86,7.67,7.85,1.0
7.8,8.4,7.8,8.26,-1.0
8.26,8.45,8.12,8.22,1.0
8.2,8.45,8.19,8.41,1.0
8.36,8.72,8.33,8.66,-1.0
8.66,8.68,8.41,8.62,-1.0
8.65,8.73,8.3,8.32,-1.0
8.28,8.37,8.18,8.27,-1.0
8.25,8.33,8.0,8.11,1.0
8.14,8.3,8.05,8.28,1.0
8.3,8.39,8.25,8.35,-1.0
8.35,8.37,8.19,8.28,1.0
8.28,8.35,8.21,8.32,1.0
8.33,8.61,8.29,8.47,1.0
8.47,8.63,8.42,8.52,1.0
8.5,8.85,8.46,8.72,-1.0
8.72,8.74,8.56,8.57,1.0
8.51,8.64,8.5,8.55,-1.0
8.58,8.66,8.45,8.48,1.0
8.55,8.85,8.55,8.6,1.0
8.58,8.73,8.55,8.65,1.0
8.7,8.96,8.69,8.78,-1.0
8.8,8.85,8.55,8.57,1.0
8.53,8.67,8.51,8.58,1.0
8.58,8.78,8.58,8.78,-1.0
8.77,8.77,8.62,8.72,-1.0
8.75,8.77,8.5,8.59,1.0
8.6,8.67,8.55,8.65,1.0
8.65,8.85,8.54,8.83,-1.0
8.82,8.83,8.68,8.71,-1.0
8.7,8.71,8.52,8.58,-1.0
8.56,8.63,8.41,8.43,1.0
8.43,8.48,8.38,8.45,-1.0
8.45,8.45,8.25,8.26,1.0
8.25,8.35,8.23,8.28,1.0
8.26,8.36,8.18,8.36,0.0
8.34,8.5,8.3,8.34,1.0
8.34,8.5,8.34,8.45,1.0
8.46,8.49,8.35,8.48,1.0
8.38,8.58,8.38,8.4,-1.0
8.38,8.46,8.3,8.35,1.0
8.34,8.6,8.33,8.49,-1.0
8.48,8.48,8.37,8.44,-1.0
8.5,8.5,8.36,8.42,-1.0
8.4,8.45,8.2,8.23,-1.0
8.2,8.27,8.06,8.09,1.0
8.02,8.38,8.0,8.3,-1.0
8.3,8.34,8.16,8.19,1.0
8.19,8.26,8.09,8.21,1.0
8.25,8.29,8.18,8.28,-1.0
8.28,8.32,8.21,8.23,1.0
8.23,8.38,8.16,8.32,0.0
8.3,8.35,8.22,8.3,-1.0
8.3,8.32,8.11,8.12,-1.0
8.11,8.25,7.93,7.96,0.0
7.96,7.99,7.79,7.96,-1.0
7.96,7.99,7.78,7.91,1.0
7.92,8.1,7.85,8.07,1.0
8.1,8.35,8.0,8.27,1.0
8.3,8.5,8.2,8.5,-1.0
8.5,8.5,8.16,8.18,1.0
8.22,8.4,8.14,8.4,1.0
8.39,8.53,8.29,8.44,-1.0
8.45,8.48,8.15,8.31,1.0
8.21,8.35,8.21,8.3,-1.0
8.23,8.34,8.02,8.04,-1.0
8.01,8.02,7.8,7.82,-1.0
7.82,7.98,7.72,7.74,1.0
7.74,7.8,7.45,7.8,1.0
7.35,7.7,7.35,7.56,1.0
7.6,7.8,7.6,7.64,1.0
7.7,7.85,7.61,7.77,-1.0
7.78,7.84,7.35,7.37,1.0
7.37,7.48,7.25,7.41,1.0
7.48,7.77,7.39,7.7,1.0
7.7,7.82,7.51,7.77,1.0
7.78,7.88,7.68,7.87,-1.0
7.95,7.99,7.71,7.77,-1.0
7.77,7.81,7.67,7.68,1.0
7.68,7.89,7.63,7.88,0.0
7.88,7.95,7.81,7.88,1.0
7.95,8.15,7.92,8.04,1.0
8.0,8.1,7.88,8.04,1.0
8.02,8.23,8.02,8.07,1.0
8.04,8.23,8.01,8.18,-1.0
8.36,8.54,8.29,8.34,-1.0
8.31,8.37,8.18,8.23,-1.0
8.25,8.33,8.07,8.09,1.0
8.09,8.19,8.05,8.17,-1.0
8.19,8.2,7.96,7.96,-1.0
7.96,7.97,7.85,7.85,-1.0
7.85,7.86,7.73,7.74,1.0
7.72,7.82,7.72,7.74,1.0
7.78,7.93,7.78,7.9,-1.0
7.95,7.98,7.82,7.91,1.0
7.99,8.09,7.92,8.07,-1.0
8.08,8.13,7.98,8.0,-1.0
8.05,8.07,7.9,7.91,-1.0
7.91,8.02,7.83,7.85,-1.0
7.85,7.89,7.75,7.83,1.0
7.77,7.95,7.77,7.79,1.0
7.8,7.85,7.7,7.84,1.0
7.75,7.89,7.74,7.88,1.0
7.78,7.94,7.78,7.85,1.0
7.81,8.13,7.8,8.1,-1.0
8.1,8.18,7.92,7.93,-1.0
8.1,8.1,7.93,7.98,1.0
8.01,8.14,7.98,8.02,1.0
8.05,8.09,7.78,8.09,1.0
8.03,8.23,8.03,8.19,-1.0
8.23,8.3,8.09,8.12,-1.0
8.13,8.13,7.97,8.03,1.0
8.0,8.13,8.0,8.08,-1.0
8.08,8.08,7.87,7.9,1.0
7.9,8.05,7.83,8.04,-1.0
8.02,8.1,7.91,7.94,-1.0
7.9,7.93,7.85,7.85,1.0
7.85,7.95,7.8,7.9,-1.0
7.9,7.9,7.74,7.84,1.0
7.8,7.87,7.76,7.83,-1.0
7.8,7.89,7.66,7.69,-1.0
7.66,7.72,7.41,7.5,1.0
7.64,7.68,7.46,7.65,1.0
7.65,7.81,7.58,7.78,-1.0
7.8,7.85,7.68,7.7,-1.0
7.68,7.81,7.56,7.6,1.0
7.52,7.65,7.51,7.58,1.0
7.6,7.66,7.57,7.65,0.0
7.6,7.68,7.53,7.6,-1.0
7.6,7.6,7.52,7.55,-1.0
7.55,7.55,7.42,7.47,1.0
7.48,7.65,7.43,7.63,0.0
7.63,7.63,7.63,7.63,1.0
7.63,7.71,7.55,7.66,-1.0
7.63,7.68,7.53,7.57,-1.0
7.57,7.57,7.46,7.48,1.0
7.48,7.66,7.48,7.64,1.0
7.65,7.69,7.56,7.67,-1.0
7.67,7.67,7.56,7.65,-1.0
7.62,7.72,7.51,7.57,0.0
7.6,7.61,7.49,7.6,-1.0
7.55,7.57,7.44,7.47,-1.0
7.49,7.5,7.42,7.46,1.0
7.46,7.48,7.39,7.47,1.0
7.45,7.56,7.42,7.56,1.0
7.56,7.62,7.52,7.59,-1.0
7.56,7.56,7.4,7.41,1.0
7.41,7.48,7.4,7.42,-1.0
7.43,7.47,7.36,7.36,0.0
7.31,7.41,7.31,7.31,1.0
7.32,7.51,7.23,7.43,1.0
7.46,7.57,7.43,7.56,-1.0
7.56,7.62,7.49,7.49,1.0
7.54,7.84,7.49,7.69,-1.0
7.63,7.7,7.53,7.57,-1.0
7.57,7.57,7.36,7.42,-1.0
7.42,7.42,7.29,7.33,1.0
7.32,7.4,7.29,7.35,-1.0
7.32,7.38,7.27,7.3,-1.0
7.38,7.38,7.28,7.32,-1.0
7.3,7.34,7.15,7.16,-1.0
7.16,7.2,6.98,7.01,1.0
7.01,7.28,6.93,7.24,1.0
7.2,7.38,7.15,7.26,-1.0
7.23,7.29,7.08,7.15,1.0
7.12,7.22,7.05,7.16,1.0
7.16,7.33,7.15,7.28,-1.0
7.29,7.35,7.18,7.27,-1.0
7.28,7.29,7.16,7.22,0.0
7.24,7.3,7.17,7.24,-1.0
7.24,7.3,7.08,7.14,-1.0
7.17,7.17,6.89,6.94,1.0
6.95,7.0,6.85,6.97,1.0
7.0,7.15,6.98,7.13,-1.0
7.13,7.14,7.0,7.03,1.0
7.01,7.22,7.0,7.21,-1.0
7.31,7.42,7.24,7.3,1.0
7.29,7.43,7.29,7.38,-1.0
7.4,7.48,7.08,7.12,-1.0
7.15,7.26,6.98,6.98,1.0
6.95,7.2,6.91,7.16,-1.0
7.18,7.18,6.96,7.01,0.0
7.01,7.06,6.96,7.01,1.0
7.01,7.17,7.0,7.14,-1.0
7.15,7.17,6.98,7.01,-1.0
7.01,7.04,6.92,7.0,-1.0
6.94,6.98,6.68,6.76,-1.0
6.8,6.85,6.4,6.57,-1.0
6.57,6.68,6.32,6.44,-1.0
6.5,6.5,6.25,6.32,1.0
6.3,6.49,6.27,6.32,1.0
6.31,6.38,6.3,6.36,1.0
6.4,6.56,6.36,6.45,-1.0
6.45,6.48,6.27,6.3,-1.0
6.3,6.32,5.95,5.96,-1.0
5.95,5.96,5.65,5.87,-1.0
5.85,5.9,5.73,5.82,1.0
5.83,5.94,5.8,5.89,1.0
5.85,5.93,5.77,5.88,1.0
5.83,6.06,5.75,6.01,1.0
5.95,6.09,5.89,6.06,-1.0
6.07,6.07,5.95,5.98,-1.0
5.97,5.99,5.83,5.85,1.0
5.84,6.38,5.8,6.26,1.0
6.31,6.87,6.28,6.71,-1.0
6.65,6.74,6.33,6.37,1.0
6.31,6.56,6.31,6.53,1.0
6.55,6.7,6.49,6.56,-1.0
6.56,6.56,6.38,6.47,-1.0
6.47,6.79,6.39,6.4,1.0
6.4,6.55,6.35,6.48,1.0
6.45,6.65,6.42,6.61,-1.0
6.61,6.68,6.53,6.58,1.0
6.6,6.7,6.53,6.61,1.0
6.6,6.76,6.52,6.71,-1.0
6.71,6.71,6.55,6.63,-1.0
6.68,6.68,6.47,6.5,1.0
6.47,6.54,6.37,6.54,1.0
6.53,6.62,6.48,6.59,1.0
6.59,6.67,6.52,6.62,1.0
6.62,6.77,6.6,6.73,-1.0
6.74,6.82,6.7,6.73,-1.0
6.7,6.7,6.45,6.53,-1.0
6.51,6.6,6.44,6.45,1.0
6.42,6.55,6.3,6.5,-1.0
6.52,6.53,6.1,6.16,1.0
6.1,6.38,6.06,6.34,1.0
6.35,6.4,6.27,6.39,1.0
6.38,6.5,6.32,6.49,-1.0
6.48,6.48,6.27,6.42,1.0
6.42,6.5,6.34,6.48,0.0
6.5,6.58,6.42,6.5,-1.0
6.56,6.56,6.45,6.54,-1.0
6.53,6.62,6.0,6.29,-1.0
6.45,6.5,6.25,6.32,-1.0
6.32,6.35,6.08,6.24,-1.0
6.28,6.3,6.07,6.18,1.0
6.18,6.31,6.13,6.28,1.0
6.3,6.58,6.1,6.53,-1.0
6.53,6.75,6.49,6.49,1.0
6.44,6.57,6.39,6.55,1.0
6.57,6.75,6.57,6.74,-1.0
6.75,6.76,6.5,6.65,1.0
6.6,6.85,6.57,6.7,1.0
6.7,6.85,6.65,6.82,1.0
6.87,7.12,6.78,7.02,-1.0
7.11,7.26,6.95,6.98,1.0
7.1,7.22,6.88,7.12,-1.0
7.26,7.44,7.18,7.25,-1.0
7.3,7.34,7.2,7.28,1.0
7.3,7.4,7.15,7.39,-1.0
7.4,7.4,7.16,7.18,1.0
7.25,7.52,7.25,7.49,1.0
7.5,7.58,7.38,7.52,1.0
7.62,7.82,7.48,7.64,1.0
7.69,7.92,7.58,7.79,-1.0
7.88,7.89,7.5,7.5,1.0
7.49,7.64,7.45,7.63,1.0
7.62,7.74,7.5,7.69,1.0
7.55,7.69,7.53,7.66,-1.0
7.66,7.66,7.5,7.54,1.0
7.52,7.64,7.39,7.64,1.0
7.64,7.75,7.56,7.69,-1.0
7.69,7.7,7.41,7.62,-1.0
7.63,7.78,7.39,7.4,1.0
7.2,7.38,7.12,7.24,1.0
7.24,7.37,7.2,7.36,1.0
7.4,7.56,7.37,7.48,-1.0
7.5,7.56,7.39,7.49,-1.0
7.48,7.49,7.25,7.35,1.0
7.29,7.6,7.15,7.45,1.0
7.48,7.68,7.47,7.6,0.0
7.59,7.71,7.5,7.59,-1.0
7.55,7.63,7.2,7.22,1.0
7.17,7.35,7.16,7.35,0.0
7.35,7.45,7.26,7.35,1.0
7.35,7.56,7.27,7.46,1.0
7.57,7.68,7.51,7.62,-1.0
7.63,7.69,7.5,7.62,-1.0
7.6,7.6,7.45,7.54,1.0
7.56,7.89,7.49,7.71,1.0
7.77,7.98,7.67,7.97,-1.0
8.01,8.13,7.89,7.94,-1.0
7.94,7.94,7.73,7.81,1.0
7.8,8.15,7.76,8.0,-1.0
7.95,8.08,7.82,7.94,-1.0
7.91,7.98,7.82,7.87,-1.0
7.87,7.87,7.62,7.64,1.0
7.64,7.79,7.63,7.74,-1.0
7.77,7.85,7.67,7.76,1.0
7.78,7.94,7.76,7.89,-1.0
7.9,7.95,7.81,7.86,-1.0
7.92,7.97,7.73,7.91,0.0
7.89,7.96,7.73,7.89,1.0
7.89,8.16,7.87,8.12,-1.0
8.16,8.18,8.0,8.07,-1.0
8.07,8.09,7.73,7.76,-1.0
7.69,7.76,7.62,7.67,-1.0
7.66,7.77,7.55,7.6,-1.0
7.55,7.65,7.3,7.43,-1.0
7.51,7.56,7.36,7.48,-1.0
7.53,7.6,7.31,7.51,-1.0
7.62,7.62,7.4,7.4,-1.0
7.35,7.45,7.19,7.2,1.0
7.2,7.34,7.18,7.23,1.0
7.2,7.31,7.19,7.29,-1.0
7.28,7.28,7.01,7.02,-1.0
7.02,7.1,6.86,6.88,1.0
6.6,6.93,6.6,6.82,1.0
6.8,6.95,6.75,6.92,-1.0
6.98,7.1,6.78,6.8,-1.0
6.82,6.95,6.66,6.68,-1.0
6.7,6.7,6.45,6.47,1.0
6.48,6.65,6.48,6.58,1.0
6.6,6.78,6.53,6.74,-1.0
6.74,6.74,6.67,6.7,-1.0
6.7,6.9,6.59,6.6,1.0
6.54,6.68,6.51,6.65,1.0
6.65,6.79,6.51,6.77,-1.0
6.77,6.82,6.71,6.75,-1.0
6.75,6.8,6.5,6.6,1.0
6.6,6.65,6.56,6.63,-1.0
6.65,6.68,6.57,6.58,-1.0
6.58,6.58,6.25,6.26,1.0
6.26,6.5,6.2,6.27,1.0
6.26,6.43,6.26,6.4,1.0
6.4,6.49,6.37,6.45,0.0
6.46,6.52,6.4,6.46,1.0
6.46,6.58,6.4,6.57,-1.0
6.58,6.59,6.45,6.48,1.0
6.2,6.55,6.2,6.3,-1.0
6.35,6.45,6.3,6.33,-1.0
6.33,6.37,6.12,6.17,0.0
6.17,6.25,6.11,6.17,-1.0
6.15,6.24,6.01,6.04,1.0
6.01,6.24,5.92,6.22,-1.0
6.29,6.39,6.22,6.23,-1.0
6.22,6.23,5.95,5.98,1.0
5.98,6.12,5.9,6.09,1.0
6.05,6.38,5.97,6.18,-1.0
6.15,6.17,5.97,5.99,-1.0
5.99,6.1,5.93,5.97,1.0
5.95,6.1,5.91,6.05,1.0
6.05,6.18,6.02,6.14,-1.0
6.15,6.15,6.01,6.06,-1.0
6.06,6.15,6.0,6.02,-1.0
5.99,6.08,5.92,5.93,0.0
5.9,6.0,5.81,5.9,0.0
5.9,5.9,5.9,5.9,-1.0
5.97,6.14,5.85,5.87,1.0
5.85,6.05,5.85,6.05,-1.0
6.05,6.05,5.94,6.01,1.0
6.1,6.2,6.05,6.18,-1.0
6.18,6.2,6.11,6.16,-1.0
6.15,6.15,5.99,6.04,1.0
6.01,6.05,5.98,6.05,-1.0
6.03,6.09,5.96,5.97,-1.0
5.96,5.96,5.83,5.86,1.0
5.86,5.91,5.82,5.9,-1.0
5.93,5.93,5.58,5.65,-1.0
5.58,5.58,5.25,5.26,1.0
5.26,5.45,5.26,5.41,1.0
5.42,5.62,5.42,5.56,-1.0
5.56,5.56,5.42,5.45,-1.0
5.45,5.51,5.37,5.38,-1.0
5.4,5.44,5.25,5.28,1.0
5.26,5.3,5.13,5.3,-1.0
5.3,5.3,5.0,5.08,0.0
5.1,5.16,5.05,5.1,1.0
5.1,5.18,5.07,5.15,1.0
5.11,5.25,5.11,5.25,-1.0
5.3,5.31,5.16,5.18,-1.0
5.11,5.16,5.06,5.09,1.0
5.07,5.19,5.07,5.15,1.0
5.18,5.32,5.16,5.27,-1.0
5.3,5.3,5.16,5.16,1.0
5.15,5.25,5.13,5.21,0.0
5.2,5.23,5.15,5.2,1.0
5.25,5.29,5.2,5.27,-1.0
5.28,5.3,5.2,5.25,-1.0
5.21,5.21,5.04,5.1,1.0
5.09,5.17,5.06,5.13,-1.0
5.15,5.15,5.05,5.08,1.0
5.05,5.17,5.05,5.12,-1.0
5.14,5.16,5.09,5.1,-1.0
5.06,5.1,4.89,4.97,1.0
5.0,5.2,5.0,5.2,-1.0
5.18,5.18,5.08,5.13,1.0
5.1,5.3,5.07,5.26,-1.0
5.27,5.27,5.16,5.21,1.0
5.18,5.25,5.15,5.19,-1.0
5.11,5.2,5.09,5.09,1.0
5.05,5.14,5.02,5.11,1.0
5.19,5.36,5.19,5.21,-1.0
5.25,5.25,5.14,5.14,1.0
5.14,5.33,5.13,5.29,1.0
5.3,5.35,5.23,5.31,-1.0
5.31,5.32,5.26,5.28,0.0
5.3,5.32,5.2,5.3,1.0
5.29,5.4,5.22,5.38,0.0
5.38,5.4,5.25,5.38,-1.0
5.37,5.37,5.2,5.29,-1.0
5.3,5.3,5.08,5.1,1.0
5.12,5.35,5.12,5.3,1.0
5.26,5.74,5.24,5.54,1.0
5.55,5.61,5.46,5.6,1.0
5.61,5.74,5.53,5.72,1.0
5.78,5.94,5.66,5.92,1.0
5.92,6.19,5.75,6.04,-1.0
6.0,6.02,5.77,5.81,1.0
5.75,5.98,5.69,5.97,-1.0
6.0,6.08,5.63,5.68,-1.0
5.75,5.88,5.57,5.65,1.0
5.7,5.75,5.61,5.71,-1.0
5.65,5.74,5.55,5.57,-1.0
5.52,5.58,5.4,5.41,1.0
5.41,5.56,5.37,5.54,1.0
5.55,5.7,5.48,5.57,-1.0
5.55,5.6,5.42,5.42,1.0
5.4,5.51,5.4,5.48,-1.0
5.5,5.52,5.08,5.15,-1.0
5.14,5.19,5.01,5.07,1.0
5.07,5.17,5.05,5.1,1.0
5.13,5.23,5.13,5.23,-1.0
5.23,5.23,5.08,5.15,-1.0
5.17,5.18,4.96,5.11,1.0
5.2,5.43,5.2,5.37,-1.0
5.34,5.34,5.1,5.16,1.0
5.1,5.14,4.88,5.12,1.0
5.13,5.27,5.0,5.24,-1.0
5.24,5.28,5.08,5.11,0.0
5.0,5.1,4.9,5.0,1.0
4.98,5.24,4.96,5.01,1.0
5.0,5.09,4.95,5.08,1.0
5.04,5.17,5.04,5.14,-1.0
5.14,5.17,5.0,5.01,1.0
4.98,5.1,4.98,5.0,-1.0
4.98,5.01,4.94,4.95,-1.0
4.97,4.99,4.93,4.96,1.0
5.0,5.18,4.93,5.15,-1.0
5.25,5.26,5.13,5.16,-1.0
5.21,5.22,5.11,5.16,1.0
5.21,5.25,5.14,5.24,-1.0
5.25,5.25,5.16,5.21,-1.0
5.19,5.21,5.14,5.17,1.0
5.2,5.38,5.19,5.38,1.0
5.42,5.6,5.42,5.49,1.0
5.48,5.55,5.4,5.5,1.0
5.5,5.58,5.41,5.58,-1.0
5.58,5.58,5.4,5.4,-1.0
5.36,5.39,5.26,5.29,1.0
5.29,5.37,5.26,5.3,-1.0
5.3,5.41,5.23,5.23,1.0
5.27,5.48,5.27,5.44,-1.0
5.38,5.5,5.34,5.35,1.0
5.35,5.43,5.26,5.38,1.0
5.37,5.54,5.37,5.49,0.0
5.51,5.54,5.43,5.51,-1.0
5.48,5.49,5.34,5.35,1.0
5.36,5.44,5.31,5.37,1.0
5.33,5.49,5.32,5.4,-1.0
5.39,5.39,5.16,5.17,1.0
5.15,5.22,5.09,5.16,0.0
5.12,5.17,5.12,5.12,-1.0
5.12,5.16,5.0,5.07,-1.0
5.08,5.09,5.0,5.02,-1.0
5.09,5.09,4.99,5.01,0.0
5.01,5.06,4.92,5.01,-1.0
5.05,5.08,4.99,5.0,1.0
5.0,5.19,5.0,5.18,-1.0
5.2,5.2,5.02,5.04,0.0
5.06,5.09,5.0,5.06,-1.0
5.02,5.08,4.98,5.01,-1.0
5.01,5.01,4.94,4.95,0.0
4.95,4.98,4.93,4.95,-1.0
5.0,5.0,4.89,4.9,-1.0
4.9,4.96,4.71,4.74,-1.0
4.75,4.75,4.59,4.62,1.0
4.6,4.74,4.59,4.69,-1.0
4.68,4.68,4.62,4.64,1.0
4.65,4.75,4.55,4.7,1.0
4.66,4.73,4.62,4.72,-1.0
4.72,4.75,4.65,4.67,1.0
4.69,4.82,4.67,4.81,-1.0
4.78,4.8,4.68,4.75,-1.0
4.71,4.83,4.7,4.7,-1.0
4.67,4.67,4.48,4.5,1.0
4.5,4.75,4.5,4.65,-1.0
4.65,4.67,4.55,4.57,-1.0
4.56,4.56,4.41,4.45,1.0
4.41,4.58,4.38,4.53,-1.0
4.66,4.71,4.57,4.61,-1.0
4.6,4.6,4.5,4.52,-1.0
4.52,4.56,4.48,4.5,-1.0
4.48,4.52,4.39,4.41,-1.0
4.4,4.41,4.22,4.24,-1.0
4.2,4.4,4.15,4.19,-1.0
4.15,4.33,4.08,4.11,1.0
4.18,4.4,4.1,4.37,-1.0
4.38,4.39,4.2,4.22,1.0
4.27,4.37,4.21,4.29,1.0
4.35,4.7,4.35,4.59,1.0
4.54,4.8,4.52,4.76,-1.0
4.75,4.8,4.62,4.72,1.0
4.72,4.97,4.68,4.95,1.0
4.96,5.08,4.87,5.01,1.0
5.0,5.06,4.9,5.01,-1.0
5.0,5.08,4.86,4.93,1.0
5.05,5.36,5.05,5.16,1.0
5.11,5.37,5.11,5.27,-1.0
5.27,5.3,5.15,5.18,-1.0
5.13,5.18,4.89,4.89,1.0
4.89,5.17,4.89,5.04,-1.0
5.04,5.13,4.95,4.96,1.0
4.98,5.09,4.89,5.08,1.0
5.13,5.4,5.05,5.34,1.0
5.35,5.43,5.24,5.39,-1.0
5.37,5.37,5.05,5.13,1.0
5.1,5.2,5.06,5.15,-1.0
5.14,5.15,4.94,5.06,-1.0
5.05,5.05,4.91,4.91,0.0
4.9,4.96,4.85,4.9,-1.0
4.88,4.9,4.5,4.54,-1.0
4.56,4.65,4.52,4.53,1.0
4.51,4.61,4.5,4.57,-1.0
4.54,4.58,4.31,4.42,1.0
4.4,4.53,4.36,4.46,1.0
4.47,4.6,4.46,4.59,1.0
4.59,4.78,4.57,4.69,1.0
4.71,4.84,4.6,4.83,-1.0
4.82,4.82,4.67,4.68,-1.0
4.65,4.65,4.45,4.46,1.0
4.44,4.59,4.41,4.55,1.0
4.55,4.8,4.38,4.68,0.0
4.68,4.68,4.68,4.68,-1.0
4.56,4.6,4.43,4.47,1.0
4.45,4.6,4.4,4.56,0.0
4.61,4.73,4.56,4.61,1.0
4.5,4.69,4.5,4.68,1.0
4.66,4.77,4.55,4.74,-1.0
4.72,4.72,4.56,4.56,1.0
4.6,4.78,4.6,4.7,-1.0
4.7,4.73,4.51,4.54,-1.0
4.5,4.54,4.41,4.42,-1.0
4.4,4.43,4.17,4.25,-1.0
4.16,4.16,4.08,4.14,-1.0
4.16,4.18,4.0,4.05,1.0
4.07,4.12,4.0,4.08,-1.0
4.09,4.09,3.68,3.79,-1.0
3.74,3.78,3.51,3.66,1.0
3.53,3.72,3.45,3.69,-1.0
3.77,3.79,3.63,3.63,1.0
3.56,3.87,3.48,3.77,-1.0
3.77,3.77,3.62,3.63,-1.0
3.59,3.64,3.27,3.27,-1.0
3.26,3.26,2.96,3.18,-1.0
3.15,3.16,3.06,3.07,1.0
3.11,3.17,3.08,3.12,1.0
3.11,3.28,3.08,3.25,1.0
3.28,3.38,3.23,3.36,1.0
3.31,3.4,3.28,3.33,1.0
3.3,3.38,3.29,3.38,-1.0
3.39,3.4,3.29,3.34,-1.0
3.32,3.37,3.3,3.31,-1.0
3.31,3.31,3.11,3.12,1.0
3.1,3.25,3.09,3.2,1.0
3.26,3.35,3.23,3.31,-1.0
3.29,3.31,3.25,3.27,1.0
3.27,3.4,3.26,3.28,1.0
3.26,3.37,3.26,3.34,1.0
3.35,3.47,3.32,3.37,-1.0
3.36,3.37,3.27,3.29,1.0
3.27,3.34,3.26,3.28,0.0
3.26,3.33,3.24,3.26,1.0
3.28,3.4,3.28,3.4,-1.0
3.4,3.45,3.36,3.37,1.0
3.36,3.65,3.36,3.61,1.0
3.59,3.66,3.5,3.6,1.0
3.6,3.78,3.55,3.62,-1.0
3.63,3.71,3.51,3.62,-1.0
3.63,3.74,3.55,3.55,-1.0
3.5,3.54,3.4,3.4,0.0
3.38,3.44,3.31,3.38,-1.0
3.45,3.45,3.32,3.34,1.0
3.34,3.44,3.27,3.43,-1.0
3.44,3.49,3.4,3.42,-1.0
3.4,3.43,3.34,3.39,-1.0
3.38,3.4,3.32,3.34,1.0
3.35,3.37,3.33,3.36,1.0
3.4,3.5,3.4,3.47,1.0
3.48,3.56,3.42,3.49,1.0
3.49,3.54,3.44,3.52,-1.0
3.54,3.69,3.37,3.39,-1.0
3.33,3.37,3.06,3.09,-1.0
3.01,3.1,2.8,2.94,-1.0
2.82,2.87,2.67,2.77,1.0
2.72,2.8,2.72,2.76,-1.0
2.77,2.78,2.69,2.75,1.0
2.73,2.75,2.65,2.74,-1.0
2.79,2.87,2.76,2.78,1.0
2.77,2.94,2.74,2.91,-1.0
2.92,2.92,2.82,2.84,-1.0
2.84,2.87,2.79,2.82,-1.0
2.82,2.83,2.56,2.58,-1.0
2.58,2.6,2.42,2.46,1.0
2.48,2.55,2.45,2.52,1.0
2.5,2.57,2.47,2.54,1.0
2.55,2.62,2.49,2.6,1.0
2.61,2.72,2.55,2.65,-1.0
2.66,2.68,2.58,2.62,1.0
2.67,2.77,2.63,2.76,1.0
2.81,2.93,2.81,2.89,-1.0
2.89,2.89,2.81,2.84,1.0
2.83,2.88,2.77,2.88,-1.0
2.9,2.9,2.78,2.82,1.0
2.82,2.87,2.76,2.87,1.0
2.87,2.98,2.83,2.9,-1.0
2.89,2.91,2.85,2.87,1.0
2.87,2.97,2.85,2.96,1.0
2.96,3.05,2.96,2.98,1.0
2.99,3.19,2.98,3.18,1.0
3.19,3.38,3.15,3.34,1.0
3.34,3.41,3.25,3.37,-1.0
3.37,3.53,3.28,3.35,1.0
3.38,3.58,3.36,3.57,-1.0
3.66,3.71,3.55,3.6,1.0
3.59,3.83,3.42,3.82,-1.0
3.86,3.95,3.48,3.49,-1.0
3.47,3.57,3.22,3.35,1.0
3.3,3.42,3.25,3.38,1.0
3.4,3.56,3.28,3.47,1.0
3.44,3.62,3.41,3.56,1.0
3.55,3.86,3.51,3.73,-1.0
3.74,3.83,3.6,3.71,1.0
3.69,3.81,3.56,3.74,-1.0
3.78,3.84,3.67,3.69,1.0
3.68,3.86,3.51,3.85,1.0
3.85,4.21,3.8,4.05,1.0
4.05,4.28,4.05,4.18,1.0
4.2,4.36,4.18,4.29,-1.0
4.29,4.45,4.21,4.24,1.0
4.24,4.66,4.24,4.66,-1.0
4.68,4.72,4.45,4.53,-1.0
4.53,4.55,4.31,4.36,1.0
4.32,4.43,4.25,4.41,1.0
4.4,4.64,4.33,4.59,-1.0
4.59,4.61,4.45,4.51,-1.0
4.53,4.6,4.45,4.49,1.0
4.5,4.59,4.49,4.52,1.0
4.52,4.97,4.5,4.97,1.0
4.97,5.44,4.86,5.2,-1.0
5.18,5.43,5.1,5.12,1.0
5.1,5.3,5.0,5.29,1.0
5.26,5.8,5.23,5.53,1.0
5.48,6.0,5.38,5.88,1.0
5.88,6.35,5.82,5.97,-1.0
5.81,6.04,5.37,5.37,1.0
5.18,5.86,5.06,5.8,1.0
5.76,6.02,5.55,5.79,1.0
5.78,5.95,5.6,5.8,1.0
5.8,6.15,5.7,6.08,-1.0
6.03,6.08,5.76,5.81,-1.0
5.79,5.88,5.57,5.59,1.0
5.57,5.84,5.55,5.75,-1.0
5.78,5.8,5.63,5.76,1.0
5.7,6.07,5.7,5.9,1.0
5.9,6.14,5.81,5.94,1.0
5.92,6.53,5.87,6.53,1.0
6.6,7.16,6.6,6.93,1.0
6.9,7.13,6.7,7.07,-1.0
7.0,7.21,6.88,6.89,-1.0
6.88,7.0,6.58,6.71,1.0
6.72,7.29,6.46,7.14,1.0
7.1,7.66,7.05,7.4,-1.0
7.37,7.58,7.13,7.35,1.0
7.3,7.55,7.22,7.52,-1.0
7.5,7.64,7.19,7.38,-1.0
7.32,7.38,6.64,6.66,1.0
6.6,6.88,6.3,6.72,-1.0
6.65,6.65,6.36,6.47,1.0
6.47,6.73,6.4,6.63,-1.0
6.61,6.73,6.51,6.58,-1.0
6.5,6.54,6.0,6.17,1.0
6.17,6.35,6.12,6.25,-1.0
6.21,6.21,6.0,6.09,-1.0
6.08,6.13,5.71,5.74,1.0
5.74,5.97,5.65,5.96,1.0
5.94,6.08,5.82,5.96,1.0
5.97,6.56,5.9,6.49,-1.0
6.4,6.5,6.29,6.38,-1.0
6.36,6.44,5.91,5.97,1.0
5.97,6.12,5.95,6.04,1.0
6.01,6.15,5.98,6.07,-1.0
6.05,6.06,5.84,5.96,1.0
5.91,6.41,5.9,6.23,-1.0
6.16,6.24,5.95,5.99,1.0
5.95,6.14,5.86,6.07,1.0
6.01,6.28,6.01,6.15,1.0
6.14,6.27,6.07,6.17,-1.0
6.18,6.26,5.95,6.03,-1.0
5.99,6.0,5.76,5.91,1.0
6.0,6.33,5.86,6.15,1.0
6.15,6.28,6.08,6.25,1.0
6.25,6.57,6.13,6.5,0.0
6.49,6.52,6.38,6.49,1.0
6.49,6.79,6.4,6.65,0.0
6.63,6.71,6.48,6.63,-1.0
6.7,6.99,6.38,6.43,1.0
6.4,6.56,6.38,6.43,-1.0
6.39,6.42,6.21,6.29,1.0
6.28,6.38,6.21,6.31,-1.0
6.31,6.35,6.24,6.25,1.0
6.22,6.3,6.15,6.26,1.0
6.28,6.33,6.21,6.29,1.0
6.32,6.54,6.27,6.45,1.0
6.4,6.53,6.4,6.48,-1.0
6.47,6.49,6.4,6.4,0.0
6.4,6.4,6.4,6.4,1.0
6.43,6.61,6.4,6.48,1.0
6.46,6.55,6.36,6.54,-1.0
6.54,6.56,6.37,6.49,-1.0
6.49,6.49,6.37,6.47,1.0
6.46,6.8,6.45,6.72,1.0
6.72,6.85,6.62,6.73,1.0
6.73,6.95,6.62,6.78,1.0
6.78,7.05,6.68,7.0,1.0
7.02,7.35,6.96,7.29,-1.0
7.29,7.3,6.99,7.07,1.0
7.02,7.3,6.88,7.07,1.0
7.07,7.24,6.92,7.18,1.0
7.18,7.59,7.15,7.57,1.0
7.55,8.15,7.3,7.8,1.0
7.78,8.18,7.61,8.01,-1.0
8.01,8.13,7.81,7.97,1.0
7.97,8.15,7.8,8.13,1.0
8.15,8.38,8.03,8.16,-1.0
8.16,8.28,7.42,7.59,-1.0
7.59,7.68,7.28,7.44,-1.0
7.43,7.44,7.0,7.06,1.0
7.08,7.22,7.06,7.12,-1.0
7.09,7.17,6.92,6.99,1.0
6.99,7.18,6.96,7.14,-1.0
7.11,7.17,6.98,7.05,-1.0
7.05,7.06,6.35,6.43,-1.0
6.43,6.53,6.12,6.22,1.0
6.22,6.28,6.14,6.27,1.0
6.29,6.52,6.16,6.49,-1.0
6.5,6.56,6.33,6.36,-1.0
6.36,6.36,6.12,6.25,1.0
6.3,6.5,6.25,6.37,0.0
6.37,6.37,6.37,6.37,0.0
6.37,6.37,6.37,6.37,0.0
6.37,6.37,6.37,6.37,0.0
6.37,6.37,6.37,6.37,0.0
6.37,6.37,6.37,6.37,0.0
6.37,6.37,6.37,6.37,0.0
6.37,6.37,6.37,6.37,0.0
6.37,6.37,6.37,6.37,-1.0
6.33,6.35,5.83,5.93,1.0
5.92,5.97,5.68,5.93,0.0
5.89,6.07,5.78,5.89,1.0
5.91,6.47,5.89,6.4,1.0
6.38,6.59,6.21,6.51,0.0
6.51,6.51,6.51,6.51,0.0
6.51,6.51,6.51,6.51,0.0
6.51,6.51,6.51,6.51,0.0
6.51,6.51,6.51,6.51,0.0
6.51,6.51,6.51,6.51,0.0
6.51,6.51,6.51,6.51,0.0
6.51,6.51,6.51,6.51,0.0
6.51,6.51,6.51,6.51,0.0
6.51,6.51,6.51,6.51,0.0
6.51,6.51,6.51,6.51,0.0
6.51,6.51,6.51,6.51,0.0
6.51,6.51,6.51,6.51,0.0
6.51,6.51,6.51,6.51,0.0
6.51,6.51,6.51,6.51,0.0
6.51,6.51,6.51,6.51,0.0
6.51,6.51,6.51,6.51,1.0
6.17,7.28,6.02,6.78,1.0
6.66,6.85,6.52,6.75,1.0
6.75,7.21,6.7,7.03,-1.0
7.04,7.07,6.81,6.87,-1.0
6.85,6.9,6.33,6.34,1.0
6.26,6.62,6.15,6.53,-1.0
6.45,6.53,6.3,6.34,1.0
6.34,6.6,6.3,6.39,1.0
6.39,6.57,6.33,6.52,1.0
6.68,7.13,6.61,7.1,1.0
7.2,7.81,7.08,7.81,1.0
8.3,8.59,8.2,8.59,1.0
8.9,9.45,8.51,9.45,1.0
9.73,10.4,9.5,10.2,1.0
10.11,11.14,9.95,11.09,1.0
10.8,12.2,10.2,12.2,1.0
12.6,13.42,12.5,13.42,0.0
14.76,14.76,14.76,14.76,0.0
16.24,16.24,15.58,16.24,-1.0
17.86,17.86,15.6,15.92,1.0
15.9,17.51,15.85,17.51,0.0
17.51,17.51,17.51,17.51,-1.0
17.51,17.51,15.76,15.76,1.0
14.52,17.34,14.52,17.34,1.0
18.34,19.07,18.01,19.07,-1.0
20.98,20.98,19.18,20.14,1.0
19.9,22.0,18.6,20.94,-1.0
19.61,19.8,18.85,18.85,-1.0
18.08,18.7,16.97,16.97,-1.0
16.05,17.15,15.27,15.61,-1.0
17.16,17.16,15.97,16.61,-1.0
16.65,17.5,16.04,16.58,1.0
16.78,17.1,15.8,17.03,1.0
16.92,18.73,16.4,18.73,-1.0
19.31,19.66,18.5,18.97,-1.0
18.88,19.65,17.07,17.07,-1.0
16.36,16.88,15.36,15.78,1.0
15.8,16.37,15.48,15.89,-1.0
15.98,15.99,14.3,14.3,-1.0
14.12,14.57,13.0,14.08,1.0
13.87,15.46,13.38,14.69,1.0
14.28,15.38,14.0,14.97,1.0
15.0,15.65,14.9,15.4,-1.0
15.28,15.4,14.38,14.79,-1.0
14.82,15.1,14.5,14.79,1.0
14.51,15.65,14.51,15.39,1.0
15.18,15.49,14.96,15.31,1.0
15.3,16.3,15.21,16.11,-1.0
16.11,16.4,15.66,15.9,-1.0
15.8,16.23,15.6,15.76,1.0
15.6,15.99,15.51,15.69,-1.0
15.79,16.08,14.12,14.12,1.0
13.79,14.3,13.21,13.91,0.0
13.91,13.91,13.91,13.91,1.0
14.08,14.78,14.08,14.43,-1.0
14.44,14.7,14.09,14.19,1.0
14.19,14.6,14.19,14.48,1.0
14.5,15.93,14.49,15.93,-1.0
17.52,17.52,16.0,16.49,1.0
16.95,18.14,16.95,18.14,-1.0
18.88,19.1,18.2,18.58,1.0
18.8,19.65,18.73,19.0,-1.0
19.01,19.15,18.1,18.75,1.0
11.9,12.75,11.85,12.75,-1.0
12.47,12.74,11.48,11.48,1.0
10.89,11.35,10.8,10.99,1.0
10.92,11.48,9.92,11.31,1.0
11.05,11.27,10.81,11.12,-1.0
10.98,11.03,10.1,10.17,1.0
10.25,10.8,10.25,10.78,-1.0
10.8,10.81,10.55,10.68,1.0
10.52,10.77,10.2,10.6,1.0
10.6,11.63,10.55,11.24,-1.0
11.28,11.29,10.82,11.03,-1.0
10.95,11.2,10.58,10.81,-1.0
10.81,10.89,10.2,10.4,-1.0
10.31,10.33,9.41,9.48,-1.0
9.48,9.75,9.11,9.29,-1.0
9.29,9.38,8.75,9.05,-1.0
9.1,9.28,8.94,9.04,-1.0
9.04,9.1,8.14,8.29,1.0
8.28,8.76,8.11,8.59,1.0
8.65,9.09,8.65,8.92,1.0
9.1,9.4,8.93,9.25,-1.0
9.26,9.37,8.88,9.15,-1.0
9.13,9.15,8.76,8.98,-1.0
8.9,8.96,8.33,8.41,1.0
8.3,8.82,8.29,8.8,1.0
8.83,9.29,8.74,9.14,-1.0
9.09,9.09,8.7,8.87,0.0
8.87,8.87,8.87,8.87,1.0
8.44,8.97,8.3,8.92,1.0
9.0,9.44,8.92,9.21,1.0
9.1,9.5,9.07,9.26,1.0
9.22,9.52,9.15,9.5,1.0
9.56,10.45,9.56,10.45,1.0
10.43,10.86,10.22,10.63,-1.0
10.65,10.9,10.37,10.39,1.0
10.33,10.79,10.25,10.76,-1.0
10.81,10.83,10.51,10.69,-1.0
10.6,10.65,10.09,10.11,1.0
10.08,10.77,9.97,10.5,1.0
10.42,11.05,10.42,10.99,-1.0
11.03,11.16,10.65,10.85,-1.0
10.75,10.85,10.41,10.49,1.0
10.44,10.8,10.43,10.6,-1.0
10.55,10.7,10.2,10.45,-1.0
10.51,10.59,10.35,10.36,-1.0
10.37,10.48,9.98,10.01,1.0
10.02,10.19,9.87,10.13,1.0
10.1,10.34,9.98,10.22,1.0
10.23,10.85,10.1,10.7,-1.0
10.88,10.9,10.5,10.6,-1.0
10.57,10.6,10.29,10.4,-1.0
10.39,10.49,10.25,10.3,-1.0
10.31,10.55,10.13,10.22,1.0
10.15,10.55,10.13,10.37,-1.0
10.39,10.51,9.61,9.63,1.0
9.61,10.0,9.5,9.81,-1.0
9.78,9.9,9.66,9.75,1.0
9.76,10.19,9.75,10.05,1.0
10.15,10.65,10.05,10.58,1.0
10.6,11.1,10.45,10.77,-1.0
10.74,10.76,10.41,10.59,-1.0
10.64,10.79,10.04,10.08,1.0
10.11,10.44,9.93,10.27,-1.0
10.34,10.4,10.08,10.13,0.0
10.0,10.19,9.94,10.0,1.0
10.0,10.21,9.96,10.18,-1.0
10.18,10.26,10.03,10.08,-1.0
10.1,10.2,9.98,10.04,-1.0
10.0,10.02,9.37,9.47,1.0
9.47,9.66,9.4,9.53,-1.0
9.54,9.62,9.13,9.27,-1.0
9.24,9.28,9.09,9.15,-1.0
9.1,9.1,8.33,8.39,-1.0
8.35,8.35,8.06,8.29,1.0
8.3,8.69,8.2,8.69,-1.0
8.68,8.69,8.41,8.56,-1.0
8.53,8.54,8.3,8.34,1.0
8.34,8.5,8.28,8.37,-1.0
8.32,8.36,8.14,8.18,1.0
8.18,8.53,8.07,8.41,1.0
8.39,8.57,8.28,8.46,1.0
8.41,8.61,8.39,8.55,-1.0
8.55,8.62,8.17,8.22,-1.0
8.18,8.31,7.59,7.69,-1.0
7.69,7.78,7.14,7.5,1.0
7.45,7.68,7.32,7.66,-1.0
7.62,7.7,7.4,7.4,1.0
7.36,7.6,7.24,7.45,1.0
7.4,7.88,7.18,7.78,1.0
7.73,7.86,7.56,7.76,1.0
7.91,8.2,7.91,8.08,-1.0
8.07,8.14,7.89,7.98,-1.0
7.98,8.06,7.75,7.93,1.0
7.95,8.72,7.91,8.72,-1.0
9.45,9.59,8.72,8.98,1.0
8.88,9.88,8.65,9.88,1.0
9.9,10.5,9.9,10.02,-1.0
10.12,10.48,10.04,10.1,1.0
10.12,10.38,10.01,10.21,-1.0
10.3,10.45,10.08,10.22,-1.0
10.22,10.35,9.3,9.62,-1.0
9.5,9.56,9.16,9.17,-1.0
9.0,9.09,8.58,8.61,1.0
8.61,9.3,8.6,9.15,-1.0
9.2,9.37,8.9,9.19,-1.0
9.19,9.2,8.9,9.17,1.0
9.1,9.64,9.02,9.53,-1.0
9.54,9.73,9.31,9.38,1.0
9.34,9.5,9.1,9.42,-1.0
9.42,9.54,9.01,9.21,1.0
9.16,9.54,9.05,9.29,-1.0
9.29,9.33,9.12,9.17,1.0
9.2,9.43,9.2,9.27,-1.0
9.3,9.55,9.25,9.28,-1.0
9.3,9.33,8.68,8.91,-1.0
8.8,8.88,8.58,8.77,-1.0
8.77,8.78,8.3,8.36,1.0
8.38,8.69,8.38,8.51,-1.0
8.52,8.6,8.3,8.36,1.0
8.37,8.86,8.36,8.79,1.0
8.76,9.25,8.7,9.22,1.0
9.3,9.8,9.3,9.72,-1.0
9.9,9.98,9.58,9.85,1.0
9.82,10.3,9.63,9.95,-1.0
9.93,10.1,9.16,9.19,1.0
9.1,9.7,9.02,9.63,1.0
9.9,10.37,9.65,10.19,-1.0
10.22,10.48,9.76,9.99,1.0
9.9,10.17,9.45,10.01,1.0
10.12,11.0,10.12,11.0,1.0
11.5,11.7,11.1,11.56,-1.0
11.59,11.62,10.8,11.26,1.0
11.2,12.39,10.9,12.39,1.0
11.15,12.98,11.15,12.1,1.0
11.83,12.25,11.19,11.88,1.0
11.91,12.4,11.75,12.13,1.0
12.25,12.78,12.15,12.51,-1.0
12.38,12.38,11.26,11.26,-1.0
10.96,11.12,10.13,10.7,-1.0
10.9,11.25,10.5,10.59,1.0
10.6,11.0,10.41,10.87,1.0
11.05,11.96,11.05,11.76,1.0
11.78,12.12,11.58,11.86,1.0
11.68,12.39,11.67,11.93,1.0
11.93,12.3,11.8,12.03,-1.0
12.18,12.2,11.6,11.99,1.0
12.0,12.3,11.5,12.1,1.0
12.1,12.72,12.0,12.43,1.0
12.46,13.56,12.35,13.43,-1.0
13.48,13.58,13.0,13.11,1.0
13.1,13.8,13.08,13.68,-1.0
13.68,13.79,12.31,12.31,1.0
11.7,12.62,11.58,12.51,-1.0
12.55,12.58,11.54,11.69,1.0
11.94,12.49,11.82,12.17,-1.0
12.16,12.48,11.58,12.06,1.0
12.05,12.34,11.7,12.32,1.0
12.42,12.55,12.21,12.49,1.0
12.52,13.05,12.4,12.76,-1.0
12.75,12.85,12.18,12.65,1.0
12.65,13.2,12.45,13.1,-1.0
13.35,13.49,13.08,13.2,-1.0
13.05,13.25,12.36,12.86,1.0
12.68,13.1,12.6,12.79,-1.0
12.81,12.95,12.07,12.32,1.0
11.7,12.59,11.55,12.33,-1.0
12.43,12.58,12.05,12.32,1.0
12.5,12.76,12.3,12.72,1.0
12.75,13.08,12.62,12.8,1.0
12.83,13.36,12.7,13.25,1.0
13.37,13.48,13.1,13.43,-1.0
13.4,13.42,13.1,13.25,1.0
13.21,14.07,12.3,13.89,-1.0
13.92,14.05,13.4,13.41,1.0
13.2,13.98,13.01,13.68,1.0
13.7,13.89,13.47,13.74,1.0
13.73,14.43,13.58,14.0,-1.0
14.0,14.55,13.78,13.85,1.0
13.76,13.99,13.6,13.77,1.0
13.65,14.0,13.58,13.79,1.0
13.86,14.2,13.7,13.97,1.0
13.93,15.02,13.79,14.66,-1.0
14.6,14.6,14.0,14.38,1.0
14.5,14.76,14.25,14.59,1.0
14.5,15.29,14.4,14.63,1.0
14.65,15.86,14.65,15.59,1.0
15.49,15.9,15.0,15.63,1.0
15.67,15.85,15.2,15.74,-1.0
15.65,15.65,14.17,14.33,1.0
14.44,15.1,14.43,14.88,1.0
15.0,15.65,15.0,15.49,1.0
15.45,16.3,15.04,15.99,-1.0
15.8,15.9,15.16,15.69,1.0
15.65,16.27,15.64,16.08,-1.0
16.14,16.47,15.69,15.81,0.0
15.81,15.81,15.81,15.81,1.0
16.7,17.39,15.9,17.39,-1.0
17.8,18.09,16.39,17.23,-1.0
17.23,17.23,16.65,16.83,1.0
16.91,17.55,16.91,17.07,-1.0
16.83,17.32,16.3,16.8,1.0
16.8,17.83,16.62,17.17,1.0
17.25,18.12,16.85,17.87,-1.0
17.8,18.1,17.6,17.78,1.0
17.8,18.59,17.61,18.05,1.0
17.3,18.8,17.18,18.57,-1.0
18.58,18.85,18.2,18.29,-1.0
18.6,18.8,18.2,18.45,-1.0
18.42,18.42,17.2,17.55,0.0
17.55,17.79,17.25,17.55,1.0
17.63,18.18,17.52,17.95,-1.0
17.96,17.97,17.4,17.69,-1.0
16.0,17.25,15.92,15.92,-1.0
15.2,15.7,14.33,14.33,-1.0
14.34,14.78,12.9,12.9,-1.0
13.11,13.3,11.61,11.7,1.0
11.67,12.43,10.6,12.39,-1.0
12.41,12.68,11.9,12.25,1.0
12.28,13.48,12.01,13.48,-1.0
13.98,14.73,13.68,13.97,1.0
14.14,15.34,14.1,15.19,1.0
15.16,16.65,14.6,16.33,0.0
16.33,16.33,16.33,16.33,0.0
16.33,16.33,16.33,16.33,-1.0
17.96,17.96,16.23,16.26,1.0
16.27,17.5,15.79,17.16,1.0
16.8,17.36,16.51,16.83,-1.0
16.6,16.78,15.15,15.5,-1.0
15.5,15.98,14.65,14.96,-1.0
14.95,15.36,13.55,14.0,-1.0
14.55,15.28,13.51,14.26,1.0
14.3,14.87,13.78,14.84,-1.0
14.9,14.96,14.05,14.69,-1.0
14.1,14.83,13.25,13.28,0.0
13.28,13.28,13.28,13.28,0.0
13.28,13.28,13.28,13.28,-1.0
13.33,13.6,12.18,12.95,-1.0
12.95,12.95,12.2,12.23,-1.0
11.98,11.99,11.01,11.01,1.0
10.7,11.7,10.57,11.68,1.0
11.85,12.15,11.5,11.98,-1.0
11.9,11.91,11.14,11.17,1.0
11.1,11.52,10.84,11.38,1.0
11.37,11.72,11.37,11.57,1.0
11.48,11.68,11.08,11.49,-1.0
11.47,11.77,11.21,11.26,1.0
11.26,11.56,11.0,11.4,1.0
11.45,11.77,11.36,11.59,-1.0
11.6,11.6,11.32,11.4,1.0
11.56,11.99,11.4,11.88,1.0
11.88,12.58,11.86,12.48,-1.0
12.55,13.03,12.36,12.54,1.0
12.49,12.75,12.45,12.68,1.0
12.78,13.17,12.63,12.9,1.0
12.73,13.78,12.57,13.57,1.0
13.83,14.36,13.82,14.1,-1.0
14.1,14.15,13.4,13.88,-1.0
13.88,14.08,12.49,12.52,1.0
12.6,12.99,12.25,12.8,-1.0
12.95,13.07,12.51,12.71,1.0
12.7,13.0,12.4,12.98,1.0
13.05,13.5,12.9,13.07,-1.0
13.03,13.03,12.38,12.58,1.0
12.6,13.24,12.51,12.92,-1.0
12.9,12.92,12.0,12.29,-1.0
12.4,12.55,12.0,12.18,1.0
12.15,12.64,12.15,12.56,-1.0
12.56,12.57,12.1,12.32,1.0
12.28,12.8,11.98,12.7,-1.0
12.93,13.29,12.86,12.87,1.0
13.04,13.4,13.04,13.15,-1.0
13.15,13.26,12.81,12.93,1.0
12.75,13.1,12.7,12.88,1.0
12.95,13.33,12.92,13.2,1.0
13.3,13.69,13.1,13.49,1.0
13.6,14.05,13.3,13.9,-1.0
13.9,13.9,13.35,13.44,1.0
13.28,13.9,13.16,13.5,1.0
13.5,14.19,13.49,14.01,-1.0
14.35,14.6,14.06,14.13,1.0
14.29,14.99,14.01,14.73,-1.0
14.69,14.69,14.15,14.27,1.0
14.3,14.98,14.26,14.83,-1.0
15.01,15.15,14.65,14.89,-1.0
14.65,14.7,14.08,14.3,1.0
14.3,15.55,14.29,15.34,-1.0
15.5,15.59,13.81,13.81,-1.0
13.6,14.04,12.8,13.49,0.0
13.49,13.49,13.49,13.49,-1.0
13.85,14.1,13.45,13.82,1.0
13.8,14.15,13.55,13.97,-1.0
14.0,14.05,13.52,13.68,-1.0
13.68,14.02,13.35,13.44,-1.0
13.6,13.66,13.25,13.47,1.0
13.47,13.95,13.1,13.75,1.0
13.76,14.55,13.61,14.41,-1.0
14.41,14.41,13.7,13.78,-1.0
13.78,14.12,13.38,13.42,1.0
13.5,13.77,13.36,13.56,1.0
13.81,14.15,13.67,14.0,-1.0
14.4,14.5,13.85,13.92,1.0
13.74,14.99,13.74,14.92,-1.0
14.88,14.88,14.14,14.31,-1.0
14.31,14.4,13.69,13.97,-1.0
13.81,13.87,12.58,13.27,1.0
13.32,13.77,12.75,13.34,1.0
13.35,13.46,12.88,13.39,1.0
13.5,13.93,13.42,13.6,-1.0
13.53,13.58,12.92,13.35,1.0
13.45,13.89,13.29,13.64,1.0
13.18,14.1,13.01,13.25,-1.0
13.26,13.55,12.41,12.75,-1.0
12.82,12.96,12.25,12.27,-1.0
12.31,12.4,11.04,11.04,-1.0
10.7,10.98,10.0,10.2,-1.0
10.15,10.15,9.55,10.0,1.0
10.0,10.35,9.86,10.28,1.0
10.36,10.99,10.2,10.81,-1.0
10.8,10.8,10.17,10.18,1.0
10.0,10.45,9.76,10.18,1.0
10.1,10.45,9.83,10.38,-1.0
10.31,10.55,10.25,10.26,1.0
10.08,10.38,9.9,10.23,-1.0
10.18,10.18,9.56,9.66,-1.0
9.7,9.84,9.41,9.46,1.0
9.3,9.8,9.2,9.62,1.0
9.75,9.96,9.65,9.79,1.0
9.92,10.32,9.81,10.16,-1.0
10.1,10.1,9.8,9.82,1.0
10.12,10.8,10.12,10.8,1.0
11.0,11.88,10.8,11.43,-1.0
11.31,11.31,10.81,11.14,-1.0
11.25,11.51,10.94,11.0,-1.0
10.9,11.37,10.62,10.7,1.0
10.53,11.0,10.1,10.95,-1.0
11.06,11.37,10.69,10.73,1.0
10.6,11.15,10.5,10.93,1.0
11.0,11.36,10.91,11.11,-1.0
11.24,11.36,10.75,11.2,1.0
11.1,11.66,10.98,11.33,-1.0
11.58,11.87,11.28,11.47,-1.0
11.4,11.56,11.11,11.22,1.0
11.25,11.75,11.12,11.68,1.0
11.76,11.98,11.5,11.81,-1.0
12.0,12.05,11.72,11.77,1.0
11.55,12.19,11.42,12.17,-1.0
12.29,12.32,12.05,12.25,-1.0
12.1,12.2,11.81,12.02,-1.0
12.0,12.1,11.33,11.41,1.0
11.35,11.7,11.23,11.68,-1.0
11.68,11.7,11.29,11.31,-1.0
11.31,11.52,11.12,11.17,1.0
11.21,11.54,11.21,11.52,1.0
11.58,11.87,11.43,11.73,1.0
11.61,12.08,11.6,12.0,1.0
12.2,12.48,12.08,12.23,1.0
12.32,12.78,12.31,12.43,-1.0
12.5,12.7,12.31,12.49,-1.0
12.56,12.84,12.5,12.52,0.0
12.52,12.52,12.52,12.52,1.0
12.65,12.95,12.48,12.9,1.0
13.0,13.55,12.82,13.41,-1.0
13.43,13.44,13.06,13.25,1.0
13.06,13.45,13.06,13.33,-1.0
13.6,14.48,13.27,13.51,1.0
13.4,14.08,13.3,13.92,-1.0
13.98,14.33,13.8,13.87,-1.0
13.86,14.0,13.35,13.54,1.0
13.54,13.88,13.16,13.55,1.0
13.6,13.88,13.5,13.68,-1.0
13.58,13.58,13.12,13.2,-1.0
13.14,13.49,12.48,13.0,1.0
12.91,13.17,12.71,13.08,-1.0
13.1,13.44,12.65,12.66,-1.0
12.28,12.28,11.39,11.39,1.0
11.37,11.79,10.95,11.7,1.0
11.71,12.5,11.45,12.48,-1.0
12.37,12.7,12.11,12.31,-1.0
12.2,12.24,11.08,11.08,1.0
11.1,11.44,10.86,11.26,-1.0
11.3,11.58,11.01,11.28,-1.0
11.3,11.48,10.9,10.92,1.0
10.92,11.1,9.9,10.95,1.0
11.48,11.99,11.05,11.96,-1.0
12.15,12.16,11.66,11.85,-1.0
11.68,12.02,11.5,11.65,1.0
11.78,12.05,11.78,11.9,-1.0
11.85,11.85,11.35,11.59,1.0
11.4,11.88,11.2,11.87,1.0
11.75,12.75,11.72,12.58,-1.0
13.2,13.5,12.8,12.83,1.0
12.6,13.39,12.58,13.0,-1.0
12.95,13.37,12.51,12.67,-1.0
12.78,13.04,12.6,12.74,-1.0
13.0,13.25,12.25,12.66,1.0
12.78,13.67,12.6,13.51,1.0
13.51,13.95,13.25,13.68,1.0
13.64,14.1,13.51,14.01,1.0
14.06,15.27,14.05,14.85,-1.0
14.98,15.54,14.7,14.9,1.0
14.79,15.25,14.15,15.1,-1.0
15.1,15.3,14.44,14.57,-1.0
14.49,14.86,14.1,14.37,-1.0
14.3,14.6,13.89,14.09,1.0
13.88,14.62,13.42,14.39,-1.0
14.8,15.19,14.41,14.49,-1.0
14.02,14.69,13.26,13.64,-1.0
13.4,13.78,12.9,13.0,-1.0
12.94,13.0,11.7,11.7,-1.0
11.47,11.47,10.53,10.53,1.0
10.82,11.28,10.42,10.85,1.0
10.6,11.55,9.77,11.17,1.0
11.12,11.98,11.1,11.36,-1.0
11.43,11.88,11.13,11.15,1.0
10.8,11.99,10.6,11.97,-1.0
12.2,12.42,11.75,11.89,-1.0
11.6,11.8,10.86,10.9,1.0
10.5,11.3,10.32,11.12,0.0
11.12,11.12,11.12,11.12,0.0
11.12,11.12,11.12,11.12,0.0
10.01,10.01,10.01,10.01,1.0
9.01,9.96,9.01,9.46,1.0
9.1,9.96,8.9,9.88,1.0
9.8,10.24,9.5,9.98,-1.0
9.8,9.98,8.98,8.98,1.0
8.6,8.92,8.31,8.85,1.0
8.85,9.28,8.85,9.09,-1.0
8.88,8.88,8.18,8.18,1.0
8.18,8.65,7.88,8.58,-1.0
8.51,8.55,7.91,8.03,-1.0
8.07,8.29,7.36,7.53,-1.0
7.4,7.48,6.81,6.89,-1.0
7.55,7.55,6.81,6.87,1.0
6.7,6.8,6.18,6.76,1.0
6.7,7.12,6.5,7.04,0.0
7.74,7.74,7.42,7.74,1.0
7.76,8.24,7.61,7.89,1.0
7.8,8.18,7.6,8.09,1.0
8.08,8.4,8.05,8.34,1.0
8.4,8.99,8.37,8.94,1.0
9.05,9.83,9.05,9.83,-1.0
9.85,9.95,9.53,9.59,1.0
10.02,10.55,10.02,10.55,-1.0
10.94,11.0,10.3,10.67,-1.0
10.58,10.8,9.9,10.13,1.0
10.01,10.98,9.82,10.63,-1.0
10.2,10.4,9.88,10.0,1.0
9.9,10.28,9.81,10.16,-1.0
10.17,10.39,9.85,9.89,-1.0
9.9,10.05,9.28,9.51,1.0
9.53,10.12,9.33,10.1,-1.0
10.15,10.2,9.23,9.38,1.0
9.2,9.9,9.01,9.8,1.0
9.6,10.78,9.51,10.45,-1.0
10.1,10.37,9.72,10.03,1.0
9.75,10.28,9.75,9.78,-1.0
9.88,10.06,9.5,9.67,1.0
9.75,9.95,9.4,9.82,1.0
9.82,10.43,9.8,9.99,1.0
9.98,10.94,9.91,10.46,1.0
10.55,10.75,10.27,10.6,-1.0
10.65,11.15,10.41,10.62,-1.0
10.48,10.5,9.95,10.26,-1.0
10.38,10.42,10.01,10.34,-1.0
10.31,10.43,9.65,9.76,-1.0
9.3,9.3,8.78,8.78,-1.0
8.26,8.49,7.91,7.93,1.0
7.94,8.26,7.83,8.17,-1.0
8.2,8.39,7.35,7.36,-1.0
7.3,7.5,6.96,7.06,-1.0
7.3,7.54,6.85,7.03,1.0
7.3,7.73,6.77,7.73,-1.0
7.6,8.0,6.96,7.06,1.0
7.35,7.77,6.95,7.77,-1.0
7.59,7.9,7.42,7.47,1.0
7.3,7.82,7.2,7.7,1.0
7.68,8.32,7.61,8.2,1.0
8.15,8.45,8.06,8.23,-1.0
7.95,8.23,7.45,7.7,1.0
7.5,7.84,7.26,7.72,1.0
7.6,7.9,7.35,7.66,1.0
7.71,7.92,7.55,7.76,1.0
7.59,8.45,7.45,8.32,-1.0
8.35,8.46,8.0,8.14,1.0
8.16,8.61,8.1,8.59,1.0
8.59,8.95,8.36,8.8,1.0
8.9,8.99,8.75,8.98,-1.0
8.83,9.2,8.65,8.67,1.0
8.58,8.83,8.39,8.65,1.0
8.49,8.85,8.45,8.78,-1.0
8.78,8.86,8.34,8.35,-1.0
8.3,8.3,7.52,7.66,-1.0
7.76,8.02,7.58,7.65,1.0
7.76,7.97,7.45,7.94,1.0
7.89,8.56,7.76,8.36,1.0
8.31,8.7,8.23,8.38,1.0
8.38,8.86,8.35,8.58,1.0
8.62,8.89,8.55,8.66,-1.0
8.6,8.84,8.45,8.58,1.0
8.55,8.95,8.55,8.79,-1.0
9.02,9.58,8.45,8.73,-1.0
8.87,8.98,8.41,8.8,-1.0
8.9,9.2,8.7,8.88,1.0
8.71,9.05,8.5,8.92,-1.0
8.86,9.1,8.7,8.77,-1.0
8.79,8.82,8.26,8.39,0.0
8.39,8.39,8.39,8.39,1.0
8.44,8.8,8.44,8.73,-1.0
9.08,9.55,8.26,8.3,-1.0
8.0,8.43,7.51,7.97,1.0
7.8,8.17,7.7,8.07,-1.0
7.99,8.07,7.26,7.72,1.0
7.65,7.85,7.5,7.76,-1.0
7.81,7.85,7.6,7.74,-1.0
7.68,8.05,7.3,7.4,1.0
7.2,7.65,7.11,7.5,1.0
7.7,8.15,7.53,8.07,-1.0
7.84,8.01,7.66,7.71,-1.0
7.63,7.68,7.0,7.19,0.0
7.19,7.19,7.19,7.19,0.0
7.19,7.19,7.19,7.19,1.0
6.56,7.07,6.56,6.65,-1.0
6.7,6.77,6.19,6.32,1.0
6.35,6.61,6.3,6.49,-1.0
6.4,6.47,5.95,6.03,1.0
5.98,6.14,5.77,6.04,1.0
6.01,6.5,6.0,6.24,1.0
6.21,6.4,6.03,6.28,1.0
6.08,6.27,5.9,6.11,1.0
6.2,6.37,6.16,6.28,-1.0
6.5,6.57,6.3,6.37,1.0
6.35,6.6,6.14,6.49,-1.0
6.51,6.67,6.34,6.41,-1.0
6.4,6.45,6.09,6.17,1.0
6.17,6.26,6.02,6.25,-1.0
6.26,6.3,5.63,5.77,-1.0
5.65,5.69,5.19,5.59,0.0
6.15,6.15,6.0,6.15,1.0
6.74,6.77,6.29,6.77,1.0
6.53,7.08,6.4,6.67,1.0
6.46,6.63,6.2,6.6,1.0
6.61,6.89,6.4,6.71,-1.0
6.9,6.91,6.28,6.34,-1.0
6.12,6.12,5.9,5.9,1.0
5.6,5.96,5.6,5.8,-1.0
5.74,5.86,5.56,5.62,-1.0
5.76,5.82,5.51,5.53,-1.0
5.3,5.35,4.98,4.99,1.0
5.03,5.05,4.56,5.04,-1.0
5.2,5.25,4.81,4.81,-1.0
4.81,4.81,4.58,4.62,-1.0
4.42,4.46,4.2,4.2,1.0
4.28,4.4,4.16,4.37,1.0
4.3,4.51,4.22,4.5,-1.0
4.52,4.7,4.45,4.48,1.0
4.43,4.54,4.36,4.47,1.0
4.37,4.48,4.33,4.44,0.0
4.5,4.7,4.4,4.5,-1.0
4.31,4.39,4.05,4.05,1.0
3.88,4.19,3.88,4.13,-1.0
4.18,4.21,3.78,3.79,-1.0
3.81,3.89,3.7,3.79,-1.0
3.8,3.83,3.45,3.51,1.0
3.46,3.61,3.45,3.48,-1.0
3.48,3.53,3.42,3.46,1.0
3.51,3.65,3.47,3.63,1.0
3.54,3.63,3.5,3.57,1.0
3.5,3.65,3.48,3.6,1.0
3.67,3.96,3.67,3.91,-1.0
3.93,4.03,3.84,3.85,1.0
3.84,4.06,3.76,4.06,1.0
3.99,4.32,3.96,4.25,1.0
4.29,4.52,4.17,4.51,0.0
4.51,4.51,4.51,4.51,-1.0
4.78,4.95,4.31,4.45,1.0
4.3,4.84,4.3,4.81,1.0
4.66,5.05,4.6,4.8,1.0
4.6,4.99,4.4,4.8,-1.0
4.85,4.85,4.41,4.42,-1.0
4.47,4.55,4.11,4.28,-1.0
4.28,4.33,4.15,4.26,-1.0
4.56,4.59,4.24,4.26,0.0
4.26,4.31,4.15,4.26,1.0
4.25,4.57,4.22,4.56,1.0
4.4,4.9,4.31,4.74,1.0
4.71,5.21,4.66,5.21,-1.0
5.21,5.44,5.1,5.13,1.0
5.0,5.27,4.99,5.23,1.0
5.33,5.45,5.23,5.37,1.0
5.42,5.85,5.3,5.59,1.0
5.48,5.78,5.34,5.66,-1.0
5.62,5.65,5.23,5.29,-1.0
5.24,5.35,4.91,4.95,1.0
5.05,5.22,4.96,5.11,1.0
5.11,5.29,5.01,5.27,-1.0
5.45,5.53,5.29,5.34,1.0
5.3,5.52,5.18,5.44,-1.0
5.4,5.48,5.34,5.35,-1.0
5.35,5.38,5.1,5.2,-1.0
5.21,5.29,4.78,4.79,-1.0
4.75,4.87,4.62,4.69,-1.0
4.69,4.8,4.52,4.62,1.0
4.69,4.84,4.67,4.74,1.0
4.7,4.79,4.56,4.75,-1.0
4.81,4.88,4.65,4.67,-1.0
4.72,4.76,4.41,4.43,1.0
4.51,4.7,4.51,4.66,1.0
4.65,4.87,4.62,4.85,1.0
4.84,5.34,4.82,5.34,-1.0
5.19,5.32,5.06,5.11,1.0
5.11,5.28,5.1,5.26,1.0
5.21,5.63,5.18,5.58,0.0
5.45,5.72,5.39,5.45,0.0
5.45,5.45,5.45,5.45,1.0
5.7,6.0,5.65,6.0,-1.0
6.31,6.33,5.8,5.9,1.0
5.93,6.07,5.8,5.94,1.0
5.82,5.96,5.8,5.95,1.0
5.83,6.09,5.8,5.98,1.0
6.01,6.2,5.87,6.1,1.0
6.05,6.66,6.02,6.34,-1.0
6.49,6.55,6.31,6.4,1.0
6.31,6.56,6.3,6.5,1.0
6.46,6.6,6.36,6.59,-1.0
6.63,6.67,6.33,6.38,1.0
6.39,6.62,6.37,6.57,1.0
6.61,6.86,6.53,6.72,1.0
6.69,6.97,6.52,6.95,1.0
6.77,7.1,6.72,6.87,1.0
6.96,7.36,6.81,7.27,1.0
7.23,7.38,7.15,7.32,-1.0
7.31,7.32,7.03,7.23,-1.0
7.19,7.21,6.78,6.79,0.0
6.61,6.93,6.58,6.61,-1.0
6.78,6.79,6.47,6.68,1.0
6.68,6.88,6.51,6.86,1.0
6.8,7.38,6.75,7.27,-1.0
7.19,7.32,6.78,6.8,1.0
6.99,7.3,6.73,7.19,-1.0
7.18,7.35,6.47,6.5,-1.0
6.36,6.36,5.85,5.85,1.0
5.83,6.15,5.78,6.1,1.0
5.95,6.3,5.83,6.21,1.0
6.21,6.65,6.18,6.57,-1.0
6.75,6.75,6.2,6.58,1.0
6.7,6.94,6.58,6.84,-1.0
6.83,6.83,6.16,6.21,1.0
6.1,6.31,5.98,6.3,-1.0
6.42,6.44,6.16,6.18,1.0
6.17,6.34,5.99,6.26,-1.0
6.24,6.4,6.18,6.19,1.0
6.17,6.33,6.12,6.3,1.0
6.27,6.5,6.19,6.48,-1.0
6.56,6.63,6.49,6.51,1.0
6.48,6.7,6.46,6.68,-1.0
6.67,6.67,6.37,6.5,0.0
6.5,6.5,6.5,6.5,1.0
6.75,6.97,6.66,6.83,-1.0
6.79,7.05,6.66,6.68,1.0
6.72,7.35,6.6,7.35,0.0
8.09,8.09,8.09,8.09,1.0
8.58,8.9,8.46,8.88,1.0
8.78,9.77,8.5,9.77,1.0
9.45,9.98,9.28,9.48,1.0
9.48,9.87,9.3,9.57,-1.0
9.57,9.68,9.09,9.23,1.0
9.25,9.76,9.0,9.55,-1.0
9.35,9.92,9.2,9.3,1.0
9.32,9.75,9.18,9.67,1.0
9.8,10.64,9.68,10.64,1.0
11.35,11.7,11.08,11.7,1.0
11.7,12.18,11.55,11.87,0.0
11.8,11.99,11.32,11.8,-1.0
12.0,12.17,11.53,11.62,1.0
11.6,12.69,10.68,11.97,-1.0
11.74,11.99,11.31,11.72,1.0
11.53,12.89,11.41,12.89,-1.0
12.7,13.08,11.66,11.84,1.0
11.55,12.9,11.51,12.58,-1.0
12.43,12.68,11.78,11.93,-1.0
11.71,11.96,11.05,11.15,1.0
11.06,11.47,11.06,11.21,1.0
11.2,12.2,11.01,11.8,-1.0
11.8,12.16,11.5,11.71,1.0
11.7,12.7,11.6,12.38,1.0
12.42,13.1,12.38,12.76,1.0
12.6,13.48,12.46,13.43,-1.0
13.34,13.49,12.81,13.0,-1.0
12.83,12.85,12.18,12.56,-1.0
12.56,13.0,12.26,12.32,1.0
12.25,12.69,12.17,12.67,-1.0
12.75,12.88,12.4,12.53,-1.0
12.59,12.85,12.4,12.46,-1.0
12.47,12.52,11.9,12.19,1.0
12.0,12.37,11.78,12.23,1.0
12.27,12.61,12.01,12.4,1.0
12.46,12.81,12.09,12.51,-1.0
12.4,12.62,12.01,12.2,-1.0
12.4,12.74,12.29,12.34,1.0
11.91,12.72,11.8,12.59,1.0
12.59,13.85,12.5,12.87,-1.0
13.01,13.26,12.58,12.79,1.0
13.0,13.12,12.67,13.02,1.0
13.05,13.47,13.0,13.09,-1.0
13.02,13.16,12.67,12.84,-1.0
12.72,12.78,12.4,12.6,-1.0
12.51,12.74,12.39,12.48,-1.0
12.48,12.54,11.93,12.07,1.0
12.05,12.25,11.9,12.18,1.0
12.1,12.35,12.01,12.28,-1.0
12.33,12.48,12.07,12.27,-1.0
12.31,12.38,11.81,12.05,1.0
12.0,12.21,11.85,12.11,1.0
11.98,12.24,11.81,12.13,-1.0
12.55,12.55,12.13,12.24,1.0
12.15,12.5,12.1,12.48,-1.0
12.4,12.5,12.1,12.26,1.0
12.26,12.64,12.11,12.45,-1.0
12.85,12.85,12.41,12.5,1.0
12.27,12.65,12.16,12.5,-1.0
12.55,12.6,12.25,12.3,-1.0
12.32,12.49,12.15,12.31,1.0
12.36,12.74,12.26,12.63,-1.0
12.49,12.64,12.28,12.32,1.0
12.39,12.49,12.25,12.41,1.0
12.42,13.48,12.32,13.18,1.0
12.89,13.09,12.73,12.92,-1.0
12.97,13.02,12.45,12.52,-1.0
12.48,12.62,12.4,12.46,1.0
12.42,12.88,12.36,12.65,1.0
12.64,13.69,12.46,13.22,-1.0
13.21,13.21,12.8,12.89,1.0
12.96,13.54,12.95,13.17,1.0
13.22,13.48,13.06,13.29,1.0
13.46,13.84,13.21,13.67,-1.0
13.84,13.86,13.15,13.19,1.0
13.18,13.55,13.07,13.3,1.0
13.31,14.2,13.31,13.97,-1.0
13.88,14.1,13.31,13.36,-1.0
13.8,14.18,13.44,13.61,1.0
13.8,14.97,13.66,14.97,-1.0
15.41,15.58,14.52,15.19,1.0
15.25,15.89,14.92,15.52,1.0
15.41,16.57,15.12,15.96,-1.0
15.85,15.88,14.36,14.36,1.0
14.4,14.7,13.58,14.65,1.0
14.7,15.0,14.42,14.79,-1.0
14.82,14.91,14.35,14.68,1.0
14.6,15.3,14.2,14.92,-1.0
14.8,15.19,14.37,14.63,1.0
14.45,15.59,14.25,14.84,-1.0
14.78,14.84,13.65,13.78,-1.0
14.0,14.15,13.51,13.89,1.0
13.92,14.22,13.82,14.1,-1.0
14.12,14.14,13.2,13.22,-1.0
13.25,13.45,12.98,13.09,-1.0
13.11,13.27,11.9,12.0,-1.0
11.98,11.98,10.85,10.87,1.0
10.75,11.18,10.75,11.12,-1.0
11.18,11.42,10.22,10.42,1.0
10.45,10.94,10.41,10.88,1.0
10.8,11.26,10.75,11.23,1.0
11.19,12.33,11.11,12.18,1.0
11.95,12.5,11.82,12.2,0.0
12.2,12.2,12.2,12.2,-1.0
12.9,12.93,12.21,12.3,1.0
12.16,12.69,11.87,12.4,-1.0
12.14,12.14,11.16,11.18,-1.0
11.1,11.3,10.22,10.41,1.0
10.46,10.74,10.3,10.68,1.0
10.7,11.28,10.55,11.14,1.0
11.19,12.22,11.1,11.76,-1.0
11.89,12.2,11.7,11.88,1.0
11.76,12.47,11.5,12.13,-1.0
12.14,12.2,11.86,12.05,-1.0
12.0,12.16,11.67,11.68,1.0
11.65,11.95,11.59,11.81,1.0
11.95,12.36,11.82,12.29,1.0
12.27,12.5,12.21,12.38,1.0
12.35,12.64,12.06,12.59,1.0
12.57,13.85,12.51,13.59,-1.0
13.5,13.63,12.51,12.78,1.0
12.53,12.96,12.06,12.9,-1.0
12.75,13.08,12.15,12.17,-1.0
12.17,12.35,11.39,11.51,-1.0
11.5,11.65,10.9,11.19,-1.0
11.22,11.5,11.1,11.16,-1.0
11.3,11.36,10.56,10.66,1.0
10.66,10.95,10.03,10.84,-1.0
10.84,10.95,10.41,10.49,1.0
10.69,11.05,10.61,11.0,-1.0
11.2,11.2,10.88,10.93,0.0
10.93,10.93,10.93,10.93,1.0
11.15,11.47,11.15,11.25,-1.0
11.25,11.41,11.12,11.19,-1.0
11.23,11.3,10.9,11.08,1.0
11.18,11.47,11.08,11.4,1.0
11.53,11.99,11.53,11.76,-1.0
11.7,11.73,11.51,11.52,1.0
11.52,11.76,11.41,11.63,1.0
11.58,11.85,11.57,11.77,0.0
11.8,11.86,11.65,11.8,-1.0
11.74,11.74,11.09,11.11,1.0
11.08,11.23,10.93,11.2,-1.0
10.86,11.05,10.6,10.66,1.0
10.72,10.98,10.69,10.78,1.0
10.64,10.97,10.38,10.96,1.0
10.98,11.68,10.98,11.6,-1.0
11.94,12.18,11.68,11.75,1.0
11.77,12.05,11.7,11.9,1.0
11.92,12.26,11.8,12.08,1.0
12.09,12.48,12.08,12.21,-1.0
12.28,12.38,11.92,12.03,1.0
12.03,12.4,11.94,12.29,1.0
12.28,12.45,12.15,12.38,1.0
12.35,12.58,12.09,12.45,-1.0
12.65,12.83,12.55,12.6,1.0
12.65,13.25,12.54,13.08,-1.0
13.08,13.08,12.6,12.7,1.0
12.75,12.93,12.6,12.81,1.0
12.89,13.16,12.85,13.0,1.0
13.4,14.2,13.4,13.82,-1.0
13.89,14.18,13.0,13.09,1.0
13.0,13.59,12.86,13.58,0.0
13.58,13.58,13.58,13.58,-1.0
12.8,13.28,12.39,12.46,1.0
12.56,13.25,12.55,13.21,1.0
13.23,13.5,13.03,13.42,1.0
13.42,13.5,13.2,13.48,1.0
13.33,13.6,13.2,13.37,-1.0
13.4,13.52,12.66,12.89,-1.0
13.0,13.1,12.76,12.95,-1.0
13.0,13.0,12.58,12.79,-1.0
12.66,12.72,12.4,12.48,1.0
12.66,12.97,12.6,12.79,-1.0
12.82,12.87,12.64,12.69,-1.0
12.69,12.73,12.21,12.49,1.0
12.53,12.66,12.48,12.57,-1.0
12.6,12.61,12.3,12.35,-1.0
12.41,12.45,11.69,11.75,-1.0
11.67,11.67,11.04,11.1,1.0
11.12,11.28,10.97,11.2,-1.0
11.3,11.3,10.73,10.8,1.0
10.8,10.97,10.75,10.95,1.0
10.98,11.38,10.98,11.35,1.0
11.36,11.45,11.26,11.37,1.0
11.45,11.55,11.38,11.53,-1.0
11.56,11.58,11.23,11.45,1.0
11.43,11.53,11.33,11.49,-1.0
11.55,11.59,11.37,11.51,1.0
11.56,11.72,11.41,11.63,1.0
11.65,11.71,11.46,11.7,0.0
11.7,11.95,11.63,11.7,-1.0
11.64,11.71,11.12,11.23,1.0
11.23,11.3,11.11,11.28,-1.0
11.39,11.45,11.16,11.28,1.0
11.34,11.61,11.3,11.6,1.0
11.4,11.69,11.25,11.67,1.0
11.69,11.95,11.59,11.9,1.0
11.84,12.36,11.84,12.19,1.0
12.19,12.28,12.05,12.23,0.0
12.28,12.39,11.95,12.28,1.0
12.28,12.82,11.99,12.3,1.0
12.21,12.68,12.03,12.5,-1.0
12.29,12.44,11.7,11.97,-1.0
11.88,12.03,11.4,11.42,-1.0
11.5,11.6,10.85,10.92,-1.0
10.93,10.97,10.66,10.71,1.0
10.73,11.07,10.73,10.97,1.0
10.91,11.45,10.85,11.17,1.0
11.09,11.28,11.03,11.12,-1.0
11.06,11.25,10.55,10.6,1.0
10.61,10.78,10.11,10.77,-1.0
10.76,10.92,10.59,10.74,-1.0
10.55,10.64,10.3,10.4,-1.0
10.5,10.5,10.29,10.32,1.0
10.32,10.47,10.32,10.42,1.0
10.5,10.65,10.39,10.59,-1.0
10.55,10.67,10.5,10.51,1.0
10.52,10.72,10.52,10.71,1.0
10.61,10.87,10.61,10.76,1.0
10.7,10.89,10.62,10.87,0.0
10.87,10.87,10.87,10.87,1.0
11.16,11.37,11.16,11.19,1.0
11.05,11.48,11.03,11.37,1.0
11.38,11.6,11.38,11.44,1.0
11.55,11.98,11.46,11.78,1.0
11.78,12.96,11.78,12.96,-1.0
13.38,13.38,12.5,12.55,-1.0
12.48,12.63,12.06,12.2,1.0
12.2,12.37,12.15,12.22,1.0
12.15,12.27,12.02,12.18,1.0
12.13,12.46,11.72,12.25,-1.0
12.09,12.24,11.8,11.86,-1.0
11.78,11.94,11.53,11.59,-1.0
11.55,11.64,11.37,11.48,1.0
11.45,11.58,11.33,11.53,1.0
11.8,12.08,11.7,12.02,0.0
12.0,12.38,11.91,12.0,1.0
11.93,12.12,11.9,12.12,1.0
12.17,12.35,12.12,12.21,-1.0
12.24,12.35,11.95,11.97,-1.0
11.96,12.03,11.88,11.91,-1.0
11.9,12.04,11.7,11.73,1.0
11.7,11.99,11.64,11.86,1.0
11.9,12.03,11.81,12.02,1.0
12.0,12.19,11.94,12.16,-1.0
12.15,12.16,11.97,12.01,1.0
12.01,12.22,12.01,12.15,1.0
12.16,12.36,12.04,12.32,-1.0
12.35,12.39,12.08,12.19,-1.0
12.2,12.22,12.04,12.15,1.0
12.07,12.23,12.01,12.16,1.0
12.16,12.45,12.08,12.4,1.0
12.39,12.73,12.3,12.7,-1.0
12.71,12.71,12.0,12.25,1.0
12.26,12.6,12.25,12.39,-1.0
12.39,12.45,12.07,12.18,1.0
12.15,12.39,12.11,12.22,-1.0
12.08,12.3,11.28,11.29,0.0
11.29,11.29,11.29,11.29,1.0
11.53,11.87,11.51,11.75,1.0
11.74,11.99,11.5,11.82,-1.0
11.88,12.23,11.83,11.86,1.0
11.82,12.05,11.73,11.85,-1.0
11.88,11.89,11.0,11.33,1.0
11.22,11.45,11.1,11.24,-1.0
11.37,11.61,11.16,11.18,-1.0
11.05,11.18,10.48,10.71,1.0
10.6,10.85,10.48,10.69,1.0
10.52,10.95,10.51,10.93,-1.0
10.93,11.41,10.85,10.91,1.0
10.61,11.29,10.53,11.03,-1.0
11.0,11.2,10.55,10.81,-1.0
11.01,11.1,10.56,10.63,-1.0
10.49,10.49,9.57,9.66,1.0
9.7,9.82,9.17,9.78,1.0
9.71,9.9,9.55,9.73,-1.0
9.62,9.62,8.85,8.87,1.0
8.83,9.11,8.73,9.01,1.0
9.03,9.28,8.91,9.08,-1.0
9.08,9.28,9.0,9.07,1.0
8.7,9.16,8.7,9.14,1.0
9.2,9.68,9.2,9.59,1.0
9.49,9.83,9.41,9.79,1.0
9.66,9.97,9.65,9.7,1.0
9.7,9.95,9.56,9.84,-1.0
9.92,9.96,9.65,9.72,-1.0
9.64,9.74,9.17,9.18,-1.0
9.1,9.18,8.86,9.01,1.0
8.98,9.17,8.91,9.16,-1.0
9.24,9.28,8.99,9.0,1.0
9.06,9.17,8.96,9.14,1.0
8.96,9.08,8.82,9.0,1.0
9.05,9.26,9.0,9.23,-1.0
9.65,9.82,9.36,9.53,-1.0
9.52,9.6,9.41,9.47,0.0
10.42,10.42,10.42,10.42,-1.0
11.01,11.13,10.5,10.53,-1.0
10.38,10.5,10.01,10.06,1.0
10.0,10.58,9.85,10.41,-1.0
10.33,10.55,10.25,10.31,1.0
10.26,10.31,10.07,10.27,1.0
10.25,10.49,10.11,10.28,1.0
10.18,10.52,10.12,10.3,0.0
10.3,10.3,10.3,10.3,-1.0
10.3,10.33,9.36,9.37,-1.0
9.11,9.25,8.87,8.94,-1.0
9.0,9.09,8.85,8.86,-1.0
8.85,9.1,8.56,8.76,0.0
8.76,8.76,8.76,8.76,0.0
8.76,8.76,8.76,8.76,0.0
8.76,8.76,8.76,8.76,0.0
8.76,8.76,8.76,8.76,0.0
8.76,8.76,8.76,8.76,0.0
8.76,8.76,8.76,8.76,0.0
8.98,8.98,8.98,8.98,0.0
9.88,9.88,9.88,9.88,0.0
9.88,9.88,9.88,9.88,0.0
9.88,9.88,9.88,9.88,0.0
9.88,9.88,9.88,9.88,0.0
10.87,10.87,10.87,10.87,1.0
11.5,11.96,11.14,11.96,-1.0
11.66,11.75,11.35,11.64,1.0
11.55,11.91,11.5,11.7,1.0
11.68,11.88,11.53,11.86,-1.0
11.78,11.84,11.62,11.73,0.0
11.76,12.15,11.63,11.76,1.0
11.66,12.08,11.59,11.89,0.0
11.89,11.89,11.89,11.89,1.0
12.02,12.48,11.71,12.43,-1.0
12.3,12.71,11.84,11.86,1.0
11.72,11.99,11.63,11.97,1.0
11.93,12.23,11.8,12.16,1.0
12.15,12.68,11.89,12.16,-1.0
12.2,12.28,11.95,12.08,-1.0
12.1,12.18,11.25,11.28,1.0
11.31,11.66,11.28,11.53,1.0
11.52,11.93,11.35,11.73,1.0
11.7,11.99,11.3,11.88,1.0
11.78,12.08,11.68,11.95,1.0
12.03,12.26,11.92,12.17,-1.0
12.23,12.37,11.99,12.07,-1.0
12.05,12.06,11.69,11.8,1.0
11.69,12.11,11.61,11.91,1.0
11.86,13.05,11.69,12.68,-1.0
12.68,13.28,12.51,12.58,-1.0
12.44,12.67,12.1,12.11,0.0
12.17,12.43,12.01,12.17,1.0
12.11,12.28,11.9,12.13,1.0
12.15,12.7,12.14,12.59,-1.0
12.52,12.57,12.23,12.5,-1.0
12.5,12.58,11.92,12.16,-1.0
12.26,12.32,12.05,12.24,1.0
12.31,13.1,12.3,12.78,-1.0
12.9,13.05,12.44,12.66,1.0
12.66,13.32,12.45,13.18,1.0
13.0,13.63,12.83,13.43,-1.0
13.46,13.62,12.91,12.97,1.0
12.92,13.19,12.7,13.17,1.0
13.15,13.55,13.1,13.45,1.0
14.71,14.8,14.06,14.8,1.0
14.3,15.58,14.16,14.66,1.0
14.5,15.8,13.68,15.27,0.0
15.27,15.27,15.27,15.27,0.0
15.27,15.27,15.27,15.27,1.0
13.74,15.32,13.74,14.08,1.0
14.08,14.5,13.7,14.19,1.0
14.13,14.75,14.01,14.66,-1.0
14.48,14.55,13.9,13.96,1.0
13.8,13.97,13.57,13.92,1.0
14.02,14.34,13.78,14.18,1.0
14.02,14.8,13.86,14.64,-1.0
14.44,14.63,14.29,14.34,1.0
14.3,14.65,13.91,14.48,-1.0
14.45,14.45,13.71,13.77,1.0
13.65,14.2,13.5,13.68,0.0
13.68,13.68,13.68,13.68,1.0
13.49,14.1,13.2,14.01,1.0
13.57,14.16,13.57,13.93,1.0
13.98,14.97,13.81,14.69,-1.0
14.69,14.78,14.28,14.47,1.0
14.47,15.18,14.41,14.95,1.0
14.93,15.59,14.7,15.35,-1.0
15.2,15.4,14.63,14.66,1.0
14.6,15.1,14.5,14.84,1.0
14.7,15.48,14.66,15.39,1.0
15.81,16.84,15.81,15.93,1.0
15.95,17.52,15.7,17.45,-1.0
16.95,17.59,16.1,16.48,1.0
16.8,17.79,16.58,17.5,1.0
17.7,18.77,17.26,17.81,-1.0
17.82,17.99,17.0,17.33,-1.0
17.35,17.44,16.87,17.03,1.0
16.99,17.31,16.71,17.16,-1.0
17.07,17.34,16.75,16.77,-1.0
16.61,16.68,15.09,15.09,1.0
15.06,15.44,14.41,15.21,-1.0
15.1,15.2,14.2,14.28,1.0
14.17,14.66,13.98,14.22,1.0
14.39,14.6,14.28,14.51,0.0
14.51,14.51,14.51,14.51,1.0
14.77,15.68,14.77,15.23,-1.0
15.1,15.19,14.24,14.61,1.0
14.62,15.12,14.62,15.05,1.0
15.11,15.78,15.05,15.56,-1.0
15.5,15.59,15.25,15.42,-1.0
15.38,15.45,14.9,15.06,-1.0
15.06,15.06,13.93,14.25,1.0
14.21,14.4,14.11,14.25,-1.0
14.44,14.52,14.08,14.1,-1.0
14.68,14.88,14.26,14.4,-1.0
14.23,14.49,13.88,14.1,1.0
14.0,14.24,13.56,14.14,-1.0
14.15,14.3,14.02,14.08,-1.0
14.0,14.0,13.58,13.59,1.0
13.57,13.88,13.53,13.81,0.0
13.81,13.81,13.81,13.81,-1.0
14.41,14.5,14.18,14.32,1.0
14.35,14.5,14.19,14.44,-1.0
14.41,14.49,14.21,14.31,1.0
14.35,14.89,14.23,14.71,1.0
14.76,15.26,14.23,15.11,-1.0
14.9,14.99,14.63,14.87,-1.0
14.89,14.95,14.51,14.7,-1.0
14.71,14.78,14.11,14.14,-1.0
14.09,14.09,13.52,13.67,-1.0
13.67,13.88,13.16,13.19,-1.0
13.2,13.25,12.67,12.69,1.0
12.69,12.9,12.58,12.88,-1.0
12.88,12.88,12.66,12.74,1.0
12.74,13.2,12.74,13.15,0.0
13.35,13.41,13.1,13.35,1.0
13.29,13.45,13.11,13.38,-1.0
13.4,13.65,13.36,13.39,1.0
13.45,13.65,13.22,13.48,-1.0
13.42,13.44,12.8,12.82,-1.0
12.8,12.8,12.6,12.74,1.0
12.8,12.93,12.65,12.85,-1.0
12.86,12.97,12.71,12.77,-1.0
12.74,12.74,12.31,12.33,-1.0
12.2,12.26,11.8,11.81,1.0
11.78,11.91,11.64,11.9,1.0
11.9,12.24,11.82,12.23,-1.0
12.24,12.25,11.55,11.56,1.0
11.5,11.85,11.46,11.66,-1.0
11.67,11.79,11.32,11.34,-1.0
11.49,11.6,11.36,11.45,1.0
11.42,11.74,11.4,11.7,1.0
11.63,12.02,11.5,11.96,1.0
11.95,12.29,11.94,12.13,1.0
12.08,12.25,11.95,12.17,1.0
12.17,12.24,12.05,12.19,1.0
12.1,12.55,12.03,12.35,1.0
12.35,12.63,12.23,12.62,1.0
12.68,12.89,12.56,12.83,1.0
12.86,13.4,12.8,13.37,-1.0
13.43,13.95,13.23,13.41,1.0
13.37,13.76,13.36,13.71,-1.0
13.72,13.85,13.37,13.7,1.0
13.68,14.2,13.48,14.08,1.0
13.93,14.74,13.84,14.53,-1.0
14.6,14.85,14.0,14.04,-1.0
13.86,14.08,13.61,13.85,1.0
13.87,14.27,13.85,13.98,1.0
13.98,14.5,13.92,14.16,1.0
14.09,14.29,13.72,14.22,-1.0
14.24,14.36,13.9,14.04,-1.0
14.02,14.15,13.72,13.92,-1.0
13.86,13.97,13.5,13.52,0.0
13.52,13.52,13.52,13.52,1.0
13.86,14.2,13.86,14.07,-1.0
14.02,14.12,13.81,14.0,1.0
14.01,14.28,14.01,14.27,-1.0
14.28,14.28,13.85,13.88,-1.0
13.83,14.03,13.7,13.72,1.0
13.61,13.77,13.51,13.62,1.0
13.58,14.19,12.96,14.02,1.0
13.8,14.71,13.6,14.61,-1.0
14.31,14.48,13.8,13.97,1.0
14.1,14.64,13.85,14.4,-1.0
14.4,14.84,14.18,14.28,-1.0
14.26,14.28,13.68,13.82,1.0
13.8,14.48,13.63,14.42,1.0
14.14,15.24,13.83,14.8,1.0
14.5,14.86,14.42,14.71,1.0
14.79,15.18,14.51,14.86,1.0
14.86,15.59,14.76,15.35,-1.0
15.3,15.55,14.92,15.0,-1.0
14.94,14.95,14.31,14.34,1.0
14.3,14.52,14.16,14.48,-1.0
14.4,14.42,13.96,14.1,1.0
14.03,14.23,13.95,14.08,1.0
14.06,14.24,13.82,14.16,-1.0
14.15,14.27,13.8,13.82,-1.0
13.87,14.0,13.66,13.78,1.0
13.72,14.1,13.6,14.08,-1.0
14.09,14.09,13.8,13.83,-1.0
13.8,13.83,13.35,13.48,1.0
13.42,13.76,13.13,13.71,-1.0
13.51,13.55,13.26,13.28,1.0
13.29,13.37,13.2,13.31,0.0
13.35,13.51,13.33,13.35,0.0
13.35,13.35,13.35,13.35,1.0
13.35,13.55,13.21,13.38,-1.0
13.4,13.44,12.68,12.71,-1.0
12.75,12.88,12.06,12.3,-1.0
12.32,12.46,12.08,12.09,1.0
12.2,12.33,12.08,12.32,1.0
12.33,12.49,12.26,12.49,-1.0
12.46,12.46,12.04,12.06,-1.0
12.02,12.07,11.82,11.99,1.0
11.9,12.35,11.8,12.22,1.0
12.14,12.34,12.07,12.18,1.0
12.18,12.32,12.09,12.3,1.0
12.32,12.49,12.18,12.38,-1.0
12.3,12.3,11.97,11.99,1.0
12.0,12.26,11.95,12.25,1.0
12.2,12.56,12.15,12.48,1.0
12.38,12.68,12.35,12.48,-1.0
12.58,12.58,12.29,12.43,-1.0
12.43,12.54,12.15,12.2,0.0
12.2,12.2,12.2,12.2,-1.0
12.13,12.13,11.3,11.38,-1.0
11.34,11.44,11.03,11.22,-1.0
11.19,11.27,11.01,11.05,-1.0
11.08,11.25,11.04,11.06,-1.0
11.05,11.14,10.6,10.85,-1.0
10.77,10.95,10.62,10.68,1.0
10.79,11.03,10.68,10.99,1.0
11.0,11.19,10.93,11.18,-1.0
11.01,11.08,10.7,10.85,1.0
11.0,11.33,10.98,11.14,1.0
11.1,11.19,11.01,11.18,-1.0
11.2,11.24,10.85,11.14,-1.0
11.18,11.18,10.75,10.77,1.0
10.8,11.02,10.68,10.93,1.0
10.8,11.2,10.75,11.13,1.0
11.17,11.29,11.02,11.2,-1.0
11.13,11.2,10.95,10.99,-1.0
10.84,10.92,10.68,10.68,-1.0
10.66,10.8,10.6,10.62,-1.0
10.61,10.67,10.19,10.27,1.0
10.3,10.37,10.16,10.33,-1.0
10.35,10.39,10.24,10.27,1.0
10.23,10.55,10.17,10.5,1.0
10.48,10.95,10.44,10.81,1.0
10.8,11.27,10.8,11.12,1.0
11.16,11.33,10.95,11.31,-1.0
11.36,11.36,11.1,11.12,1.0
11.12,11.56,11.1,11.53,1.0
11.42,11.63,11.37,11.5,0.0
11.5,11.5,11.5,11.5,1.0
11.9,12.65,11.82,12.43,1.0
12.08,12.28,11.8,12.15,-1.0
12.08,12.23,11.97,11.98,-1.0
11.92,12.05,11.74,11.84,1.0
11.7,12.03,11.7,11.98,-1.0
11.87,11.87,11.64,11.64,1.0
11.63,11.96,11.63,11.93,-1.0
11.96,12.09,11.75,11.91,1.0
11.92,12.05,11.81,11.98,1.0
12.07,12.19,11.97,12.1,-1.0
12.09,12.18,11.84,11.97,-1.0
12.01,12.09,11.8,11.88,-1.0
11.86,11.95,11.71,11.75,-1.0
11.76,11.88,11.71,11.74,-1.0
11.75,11.87,11.13,11.19,1.0
11.03,11.21,11.02,11.18,1.0
11.09,11.3,11.05,11.24,-1.0
11.13,11.2,10.95,11.03,-1.0
11.07,11.2,10.84,10.89,1.0
10.98,11.18,10.9,11.08,1.0
11.12,11.3,11.07,11.27,1.0
11.09,11.43,11.05,11.32,1.0
11.28,11.44,11.24,11.29,1.0
10.87,11.05,10.62,10.88,-1.0
10.77,10.97,9.81,10.22,1.0
9.92,10.24,9.63,10.12,-1.0
10.37,10.49,10.19,10.24,1.0
10.0,10.28,9.91,10.27,1.0
10.35,10.54,10.3,10.38,1.0
10.4,10.55,10.34,10.54,-1.0
10.54,10.55,10.29,10.3,1.0
10.28,10.43,10.26,10.32,-1.0
10.25,10.45,10.09,10.1,1.0
9.85,10.02,9.83,9.96,-1.0
10.01,10.09,9.89,9.94,1.0
9.95,10.1,9.95,10.09,-1.0
10.24,10.28,10.0,10.13,1.0
10.13,10.54,10.1,10.52,-1.0
10.46,10.52,10.35,10.42,-1.0
10.4,10.45,10.12,10.19,-1.0
10.28,10.35,10.11,10.13,-1.0
10.14,10.17,10.02,10.13,0.0
10.13,10.21,10.07,10.13,-1.0
10.13,10.15,9.9,9.96,-1.0
9.9,9.93,9.68,9.71,1.0
9.7,9.8,9.63,9.71,1.0
9.8,9.9,9.7,9.88,1.0
9.93,10.16,9.86,9.97,1.0
10.16,10.65,10.14,10.34,1.0
10.08,10.55,10.05,10.3,-1.0
10.5,10.65,10.2,10.45,1.0
10.6,10.79,10.4,10.69,1.0
10.58,10.83,10.58,10.74,1.0
10.7,10.95,10.31,10.72,0.0
10.72,10.72,10.72,10.72,0.0
10.72,10.72,10.72,10.72,-1.0
11.2,11.5,10.75,10.76,1.0
10.45,10.67,10.3,10.57,-1.0
10.5,10.72,10.29,10.31,-1.0
10.4,10.48,10.15,10.34,-1.0
10.41,10.48,10.07,10.13,0.0
10.13,10.13,10.13,10.13,-1.0
9.8,9.88,9.2,9.27,-1.0
9.31,9.4,9.12,9.13,-1.0
9.39,9.4,9.0,9.17,1.0
9.12,9.39,9.03,9.38,1.0
9.38,9.52,9.31,9.49,-1.0
9.48,9.5,9.3,9.37,-1.0
9.3,9.37,9.15,9.2,-1.0
9.21,9.35,9.1,9.13,-1.0
9.19,9.22,8.79,8.84,-1.0
8.85,8.88,8.46,8.54,1.0
8.5,8.6,8.47,8.51,-1.0
8.55,8.59,8.16,8.54,1.0
8.55,8.82,8.5,8.76,1.0
8.75,8.9,8.63,8.77,1.0
8.77,8.9,8.74,8.84,1.0
8.99,9.04,8.85,9.03,-1.0
9.16,9.2,8.93,8.99,-1.0
8.99,9.02,8.83,8.88,1.0
8.66,8.96,8.61,8.95,1.0
9.05,9.29,9.05,9.09,1.0
9.19,9.4,9.11,9.25,1.0
9.2,9.41,9.11,9.24,-1.0
9.25,9.26,9.01,9.04,1.0
9.05,9.31,9.04,9.21,-1.0
9.13,9.26,9.06,9.09,-1.0
9.1,9.14,8.88,9.01,1.0
9.09,9.25,9.02,9.2,1.0
9.24,9.36,9.16,9.35,-1.0
9.43,9.57,9.08,9.15,1.0
9.1,9.3,9.1,9.13,-1.0
9.05,9.1,8.77,8.8,1.0
8.76,8.87,8.69,8.85,-1.0
8.75,8.84,8.63,8.73,-1.0
8.75,8.83,8.66,8.67,-1.0
8.62,8.68,8.51,8.6,-1.0
8.6,8.64,8.35,8.39,-1.0
8.39,8.45,8.3,8.35,1.0
8.44,8.57,8.33,8.55,-1.0
8.55,8.63,8.15,8.41,1.0
8.52,8.74,8.45,8.53,-1.0
8.49,8.49,8.18,8.24,-1.0
8.2,8.22,7.82,7.84,1.0
7.8,8.05,7.75,7.87,1.0
7.88,8.02,7.71,7.91,1.0
7.91,8.13,7.67,8.08,-1.0
7.98,8.19,7.78,7.93,-1.0
7.8,7.93,7.71,7.73,-1.0
7.72,7.72,7.28,7.33,-1.0
7.34,7.35,6.99,7.01,-1.0
6.98,6.98,6.62,6.62,1.0
6.72,6.91,6.63,6.9,1.0
6.81,7.12,6.77,7.12,-1.0
7.02,7.14,6.93,6.95,-1.0
6.99,7.05,6.64,6.69,1.0
6.65,7.36,6.6,7.36,-1.0
7.47,7.5,7.25,7.43,-1.0
7.31,7.41,7.24,7.3,-1.0
7.2,7.3,6.96,6.99,1.0
6.87,7.28,6.67,7.27,-1.0
7.15,7.4,7.07,7.09,1.0
7.1,7.25,7.08,7.2,-1.0
7.27,7.31,6.8,6.84,-1.0
6.79,6.95,6.61,6.66,1.0
6.6,6.91,6.42,6.88,1.0
6.95,7.22,6.82,7.19,1.0
7.18,7.5,7.14,7.44,1.0
7.4,7.57,7.31,7.42,1.0
7.39,7.67,7.35,7.41,-1.0
7.33,7.45,6.99,7.14,0.0
7.14,7.14,7.14,7.14,1.0
6.92,7.48,6.8,7.44,-1.0
7.44,7.64,7.25,7.37,-1.0
7.38,7.46,7.23,7.35,-1.0
7.41,7.46,7.31,7.37,-1.0
7.42,7.45,7.25,7.27,-1.0
7.2,7.25,6.8,6.96,-1.0
6.96,6.97,6.84,6.89,1.0
6.89,7.01,6.85,7.0,1.0
6.99,7.29,6.92,7.23,1.0
7.23,7.4,7.16,7.34,-1.0
7.26,7.3,7.09,7.17,1.0
7.17,7.4,7.13,7.38,1.0
7.37,7.58,7.35,7.42,1.0
7.4,8.0,7.38,7.63,1.0
7.56,7.83,7.51,7.74,1.0
7.73,7.95,7.6,7.82,-1.0
7.89,7.89,7.71,7.86,1.0
7.88,8.01,7.8,7.98,-1.0
7.95,7.99,7.7,7.8,0.0
7.8,7.8,7.8,7.8,0.0
7.8,7.8,7.8,7.8,1.0
7.89,8.28,7.75,8.13,1.0
8.08,8.18,7.98,8.15,1.0
8.16,8.36,8.08,8.18,1.0
8.25,8.4,8.15,8.27,1.0
8.3,8.58,8.11,8.36,-1.0
8.5,8.51,8.23,8.28,1.0
8.21,8.45,8.2,8.34,1.0
8.35,8.46,8.31,8.43,-1.0
8.46,8.77,8.25,8.29,-1.0
8.23,8.24,8.0,8.1,1.0
8.0,8.17,7.97,8.05,1.0
8.06,8.15,8.05,8.12,1.0
8.18,8.22,8.08,8.21,1.0
8.22,8.34,8.2,8.29,1.0
8.3,8.34,8.25,8.32,-1.0
8.34,8.37,7.75,7.8,-1.0
7.77,7.87,7.54,7.62,1.0
7.71,7.82,7.6,7.79,1.0
7.77,7.85,7.67,7.84,-1.0
7.83,7.84,7.62,7.62,1.0
7.66,7.76,7.59,7.72,-1.0
7.72,7.76,7.6,7.69,-1.0
7.68,7.68,7.45,7.6,-1.0
7.58,7.58,7.4,7.42,1.0
7.5,7.69,7.46,7.59,-1.0
7.57,7.57,7.24,7.26,-1.0
7.23,7.28,6.95,7.01,-1.0
7.01,7.08,6.94,6.99,1.0
6.98,7.36,6.95,7.34,1.0
7.34,7.54,7.27,7.48,1.0
7.42,8.21,7.41,7.82,1.0
7.8,8.15,7.57,7.86,1.0
7.7,8.09,7.68,7.78,1.0
7.74,7.8,7.58,7.79,-1.0
7.81,7.83,7.71,7.75,1.0
7.72,7.88,7.68,7.79,-1.0
7.8,7.85,7.6,7.61,1.0
7.65,7.82,7.62,7.78,1.0
7.81,7.87,7.73,7.87,1.0
7.85,8.02,7.81,7.99,1.0
8.0,8.25,7.91,8.15,-1.0
8.08,8.19,7.65,7.88,1.0
7.88,8.1,7.8,8.03,-1.0
7.92,7.93,7.66,7.77,-1.0
7.75,7.77,7.45,7.49,-1.0
7.6,7.69,7.51,7.56,1.0
7.53,7.59,7.46,7.57,1.0
7.52,7.66,7.51,7.62,1.0
7.6,7.69,7.53,7.66,1.0
7.67,7.84,7.67,7.79,1.0
7.72,7.88,7.69,7.79,-1.0
7.79,7.86,7.6,7.66,-1.0
7.7,7.71,7.44,7.45,-1.0
7.5,7.55,7.35,7.37,1.0
7.38,7.43,7.27,7.4,-1.0
7.38,7.4,7.25,7.26,1.0
7.26,7.44,7.25,7.41,-1.0
7.35,7.36,7.17,7.18,1.0
7.12,7.19,7.01,7.13,1.0
7.13,7.2,7.13,7.19,-1.0
7.19,7.2,7.03,7.1,1.0
7.15,7.35,7.09,7.19,-1.0
7.2,7.25,7.03,7.07,1.0
7.06,7.15,6.97,7.15,1.0
7.18,7.29,7.14,7.25,1.0
7.21,7.35,7.21,7.29,-1.0
7.28,7.28,7.19,7.24,-1.0
7.25,7.3,7.18,7.2,-1.0
7.05,7.11,6.92,6.93,-1.0
6.95,7.06,6.91,6.92,-1.0
6.95,7.01,6.8,6.86,-1.0
6.9,6.96,6.75,6.78,0.0
6.83,6.94,6.76,6.83,1.0
6.93,7.14,6.93,7.09,-1.0
7.08,7.08,6.9,6.95,-1.0
6.99,7.02,6.91,6.95,-1.0
6.99,7.03,6.9,6.94,-1.0
6.95,6.98,6.81,6.9,-1.0
6.95,6.98,6.86,6.9,-1.0
6.89,6.9,6.84,6.85,-1.0
6.88,6.91,6.82,6.85,-1.0
6.87,6.87,6.66,6.68,-1.0
6.67,6.73,6.58,6.62,1.0
6.6,6.64,6.45,6.63,-1.0
6.63,6.65,6.54,6.54,-1.0
6.55,6.6,6.42,6.47,0.0
6.47,6.47,6.47,6.47,-1.0
6.65,6.7,6.49,6.6,1.0
6.52,6.65,6.52,6.55,1.0
6.59,6.64,6.53,6.62,-1.0
6.6,6.6,6.4,6.49,0.0
6.52,6.55,6.35,6.52,-1.0
6.5,6.5,6.3,6.3,1.0
6.35,6.88,6.35,6.63,1.0
6.52,6.8,6.51,6.76,1.0
6.67,6.79,6.62,6.77,0.0
6.7,6.87,6.7,6.7,-1.0
6.75,6.75,6.37,6.37,1.0
6.38,6.47,6.3,6.45,1.0
6.45,6.52,6.4,6.48,1.0
6.48,6.66,6.42,6.57,-1.0
6.53,6.59,6.44,6.45,-1.0
6.44,6.46,6.32,6.4,1.0
6.38,6.47,6.35,6.43,-1.0
6.43,6.44,6.31,6.33,-1.0
6.34,6.38,6.3,6.32,-1.0
6.38,6.38,6.27,6.35,-1.0
6.34,6.5,6.06,6.09,-1.0
6.1,6.19,5.48,5.64,1.0
5.63,5.72,5.6,5.67,1.0
5.7,5.92,5.7,5.84,1.0
5.84,6.07,5.84,6.04,1.0
6.09,6.2,6.04,6.14,-1.0
6.17,6.18,6.09,6.14,0.0
6.18,6.21,6.09,6.18,-1.0
6.18,6.18,6.03,6.09,-1.0
6.1,6.14,6.03,6.05,-1.0
6.05,6.05,5.69,5.72,1.0
5.68,5.72,5.55,5.69,-1.0
5.69,5.74,5.6,5.65,1.0
5.66,5.83,5.66,5.76,-1.0
5.78,5.78,5.67,5.73,1.0
5.7,5.78,5.58,5.76,1.0
5.74,5.92,5.7,5.86,-1.0
5.81,5.89,5.76,5.78,-1.0
5.82,5.84,5.72,5.74,-1.0
5.72,5.74,5.59,5.6,-1.0
5.6,5.6,5.45,5.47,1.0
5.37,5.53,5.35,5.48,-1.0
5.48,5.52,5.4,5.42,-1.0
5.38,5.45,5.17,5.2,1.0
5.23,5.35,5.21,5.24,1.0
5.24,5.33,5.1,5.28,-1.0
5.28,5.33,5.14,5.17,1.0
5.18,5.24,5.11,5.21,1.0
5.21,5.25,5.13,5.23,1.0
5.22,5.48,5.2,5.43,1.0
5.43,5.63,5.38,5.61,-1.0
5.62,5.8,5.52,5.58,1.0
5.59,5.79,5.53,5.78,1.0
5.79,6.25,5.7,6.01,-1.0
5.97,6.08,5.85,5.88,-1.0
5.89,5.99,5.68,5.69,-1.0
5.67,5.67,5.53,5.55,1.0
5.55,5.68,5.53,5.65,-1.0
5.65,5.72,5.49,5.5,-1.0
5.51,5.55,5.31,5.32,0.0
5.32,5.32,5.32,5.32,0.0
5.32,5.32,5.32,5.32,0.0
5.32,5.32,5.32,5.32,0.0
5.32,5.32,5.32,5.32,0.0
5.32,5.32,5.32,5.32,0.0
5.32,5.32,5.32,5.32,0.0
5.32,5.32,5.32,5.32,0.0
5.32,5.32,5.32,5.32,0.0
5.32,5.32,5.32,5.32,0.0
5.32,5.32,5.32,5.32,0.0
5.32,5.32,5.32,5.32,0.0
5.32,5.32,5.32,5.32,0.0
5.32,5.32,5.32,5.32,0.0
5.32,5.32,5.32,5.32,0.0
5.85,5.85,5.85,5.85,-1.0
6.35,6.43,6.06,6.28,-1.0
6.17,6.24,6.02,6.1,1.0
5.99,6.17,5.93,6.0,-1.0
6.01,6.07,5.81,5.82,-1.0
5.8,5.85,5.62,5.74,1.0
5.74,5.92,5.7,5.75,-1.0
5.79,5.8,5.64,5.7,-1.0
5.74,5.74,5.57,5.64,1.0
5.64,5.77,5.58,5.75,-1.0
5.76,5.78,5.68,5.74,-1.0
5.75,5.75,5.66,5.69,1.0
5.72,5.84,5.69,5.83,-1.0
5.83,5.88,5.76,5.82,-1.0
5.75,5.82,5.5,5.53,-1.0
5.52,5.58,5.41,5.43,1.0
5.43,5.51,5.39,5.48,-1.0
5.48,5.49,5.32,5.36,-1.0
5.35,5.37,5.26,5.31,-1.0
5.31,5.35,5.17,5.19,1.0
5.19,5.25,5.14,5.22,1.0
5.29,5.35,5.2,5.31,-1.0
5.32,5.36,5.23,5.25,1.0
5.25,5.32,5.0,5.3,-1.0
5.27,5.28,5.15,5.17,1.0
5.2,5.37,5.16,5.36,-1.0
5.37,5.37,5.1,5.13,-1.0
5.11,5.12,4.8,4.81,-1.0
4.8,4.84,4.72,4.75,0.0
4.75,4.88,4.75,4.75,-1.0
4.84,4.84,4.74,4.79,-1.0
4.8,4.84,4.62,4.64,1.0
4.64,4.76,4.53,4.71,1.0
4.68,4.97,4.66,4.87,0.0
4.87,4.96,4.81,4.87,-1.0
4.93,4.96,4.86,4.91,1.0
4.97,5.06,4.93,5.04,-1.0
5.04,5.22,4.92,4.99,0.0
4.98,5.05,4.92,4.98,-1.0
4.96,4.99,4.84,4.86,1.0
4.85,5.12,4.85,5.06,1.0
5.08,5.24,5.08,5.17,1.0
5.17,5.28,5.08,5.18,1.0
5.18,5.25,5.12,5.2,1.0
5.35,5.58,5.26,5.36,-1.0
5.3,5.35,5.19,5.21,-1.0
5.21,5.24,5.14,5.17,1.0
5.16,5.31,5.14,5.28,1.0
5.28,5.35,5.25,5.34,1.0
5.33,5.5,5.28,5.35,1.0
5.33,5.38,5.31,5.37,-1.0
5.4,5.43,5.28,5.37,1.0
5.43,5.57,5.39,5.44,1.0
5.44,5.55,5.4,5.52,1.0
5.52,5.68,5.48,5.59,0.0
5.53,5.61,5.49,5.53,1.0
5.56,5.65,5.51,5.6,-1.0
5.64,5.79,5.58,5.61,1.0
5.54,6.11,5.54,6.04,1.0
6.05,6.57,5.99,6.13,1.0
6.16,6.3,5.97,6.29,-1.0
6.26,6.26,5.9,5.95,1.0
5.98,6.07,5.89,6.0,0.0
6.15,6.3,6.1,6.15,-1.0
6.1,6.1,5.92,5.94,1.0
5.91,5.99,5.86,5.96,-1.0
5.96,6.12,5.86,5.92,0.0
5.81,5.95,5.8,5.81,1.0
5.81,6.02,5.81,6.01,1.0
5.97,6.1,5.9,6.01,1.0
6.0,6.14,5.91,6.08,-1.0
6.04,6.08,5.94,5.95,-1.0
5.94,5.94,5.81,5.87,-1.0
5.88,5.91,5.73,5.73,1.0
5.74,5.79,5.62,5.75,1.0
5.75,5.89,5.75,5.81,1.0
5.81,5.97,5.77,5.9,1.0
5.91,6.09,5.9,6.04,-1.0
6.2,6.2,6.06,6.08,-1.0
6.11,6.11,5.94,5.96,1.0
5.95,6.03,5.91,6.02,-1.0
6.02,6.04,5.81,5.86,1.0
5.85,6.45,5.85,6.45,-1.0
6.85,6.85,6.3,6.37,-1.0
6.22,6.36,6.07,6.18,1.0
6.15,6.33,6.08,6.29,1.0
6.3,6.58,6.2,6.47,1.0
6.41,6.97,6.38,6.86,1.0
7.0,7.44,7.0,7.1,1.0
7.05,7.22,6.91,7.18,-1.0
7.2,7.43,7.07,7.09,-1.0
7.08,7.08,6.75,6.83,0.0
6.85,6.9,6.78,6.85,-1.0
6.85,6.88,6.6,6.69,-1.0
6.62,6.69,6.34,6.44,-1.0
6.41,6.47,6.19,6.35,1.0
6.35,6.58,6.31,6.46,-1.0
6.5,6.64,6.38,6.4,-1.0
6.41,6.48,6.23,6.24,-1.0
6.2,6.26,6.04,6.17,1.0
6.18,6.36,6.1,6.34,1.0
6.33,6.54,6.26,6.47,-1.0
6.48,6.49,6.39,6.41,-1.0
6.42,6.46,6.24,6.3,-1.0
6.29,6.3,6.13,6.28,1.0
6.28,6.36,6.25,6.3,-1.0
6.27,6.27,6.0,6.07,-1.0
6.07,6.16,6.03,6.06,1.0
6.02,6.17,6.01,6.11,-1.0
6.09,6.17,5.96,5.99,1.0
6.0,6.1,5.89,6.05,1.0
6.05,6.26,5.86,6.25,1.0
6.25,6.34,6.22,6.31,-1.0
6.4,6.46,6.18,6.2,-1.0
6.21,6.31,6.14,6.15,-1.0
6.15,6.24,6.04,6.06,1.0
6.0,6.1,5.95,6.04,1.0
5.98,6.13,5.96,6.12,1.0
6.08,6.16,6.07,6.14,0.0
6.11,6.15,6.04,6.11,1.0
6.08,6.34,6.08,6.32,1.0
6.29,6.34,6.22,6.34,-1.0
6.36,6.39,6.11,6.16,1.0
6.16,6.35,6.14,6.33,1.0
6.3,6.61,6.26,6.51,0.0
6.49,6.56,6.42,6.49,1.0
6.51,6.69,6.44,6.56,1.0
6.51,6.69,6.51,6.64,1.0
6.65,6.7,6.57,6.69,-1.0
6.71,6.73,6.51,6.52,1.0
6.5,6.63,6.5,6.55,-1.0
6.55,6.56,6.36,6.48,1.0
6.43,6.5,6.39,6.5,1.0
6.5,6.7,6.48,6.68,1.0
6.69,6.94,6.6,6.89,0.0
6.9,6.96,6.79,6.9,1.0
6.9,7.17,6.82,7.11,1.0
7.09,7.36,7.01,7.18,1.0
7.21,7.89,7.21,7.77,-1.0
7.99,8.35,7.79,7.85,-1.0
7.97,7.99,7.57,7.69,1.0
7.48,7.83,7.36,7.62,1.0
7.63,7.79,7.56,7.73,1.0
7.74,8.11,7.69,8.1,-1.0
8.11,8.13,7.79,7.99,1.0
7.99,8.3,7.9,8.12,-1.0
8.05,8.06,7.85,7.91,-1.0
7.92,7.95,7.55,7.56,1.0
7.56,7.78,7.5,7.61,1.0
7.65,7.8,7.52,7.69,-1.0
7.67,7.67,7.4,7.49,1.0
7.42,7.56,7.35,7.43,-1.0
7.43,7.51,7.14,7.18,1.0
7.19,7.33,6.91,7.31,1.0
7.35,7.83,7.3,7.8,-1.0
8.0,8.29,7.68,7.8,1.0
7.79,8.15,7.75,7.91,1.0
7.94,8.12,7.78,8.1,-1.0
8.13,8.15,7.5,7.62,1.0
7.4,7.98,7.03,7.8,-1.0
7.77,8.01,7.22,7.55,-1.0
7.48,7.57,6.8,7.37,1.0
7.38,7.68,7.22,7.6,-1.0
7.6,7.77,7.4,7.47,-1.0
7.47,7.6,7.1,7.29,1.0
7.25,7.33,7.06,7.32,-1.0
7.32,7.39,7.15,7.31,1.0
7.28,7.47,7.18,7.46,1.0
7.43,7.7,7.26,7.57,-1.0
7.57,7.69,7.3,7.31,-1.0
7.28,7.45,7.05,7.06,-1.0
7.05,7.14,6.84,6.89,1.0
6.89,7.11,6.89,7.1,-1.0
7.31,7.44,7.2,7.27,1.0
7.27,7.5,7.27,7.42,1.0
7.42,7.63,7.37,7.58,-1.0
7.86,8.12,7.71,7.77,-1.0
7.83,7.84,7.55,7.57,-1.0
7.57,7.75,7.5,7.51,-1.0
7.55,7.68,7.28,7.3,1.0
7.15,7.44,7.11,7.33,1.0
7.52,7.73,7.46,7.69,-1.0
7.67,7.72,7.48,7.61,-1.0
7.63,7.69,7.52,7.62,-1.0
7.63,7.73,7.43,7.47,1.0
7.63,7.79,7.52,7.78,-1.0
7.83,7.92,7.47,7.61,-1.0
7.62,7.67,7.48,7.49,1.0
7.49,7.6,7.48,7.58,-1.0
7.68,7.74,7.56,7.61,-1.0
7.67,7.68,7.48,7.6,1.0
7.62,7.79,7.6,7.77,-1.0
7.83,7.92,7.66,7.8,-1.0
7.69,7.7,7.55,7.62,-1.0
7.54,7.67,7.38,7.46,1.0
7.42,7.5,7.3,7.49,1.0
7.46,7.58,7.4,7.49,-1.0
7.51,7.51,7.3,7.34,-1.0
7.33,7.38,7.26,7.29,0.0
7.28,7.36,7.25,7.28,1.0
7.23,7.35,7.23,7.35,-1.0
7.37,7.38,7.28,7.29,1.0
7.34,7.36,7.28,7.36,1.0
7.37,7.44,7.34,7.39,-1.0
7.39,7.41,7.15,7.27,1.0
7.28,7.41,7.28,7.39,1.0
7.39,7.53,7.35,7.52,1.0
7.48,7.92,7.41,7.76,-1.0
7.77,7.78,7.48,7.55,-1.0
7.55,7.55,7.33,7.37,1.0
7.52,7.67,7.49,7.57,-1.0
7.58,7.58,7.36,7.37,1.0
7.42,7.65,7.38,7.5,1.0
7.53,7.67,7.43,7.55,1.0
7.53,7.69,7.49,7.68,1.0
7.7,7.89,7.55,7.75,1.0
7.81,8.53,7.81,8.53,-1.0
8.83,8.99,8.15,8.18,1.0
8.12,8.36,8.1,8.24,-1.0
8.3,8.33,7.88,7.96,1.0
7.96,8.45,7.96,8.36,1.0
8.33,8.58,8.27,8.46,1.0
8.46,8.57,8.26,8.48,1.0
8.48,8.67,8.38,8.57,1.0
8.59,9.18,8.53,8.97,-1.0
9.0,9.08,8.78,8.86,-1.0
8.81,9.09,8.44,8.53,1.0
8.57,8.95,8.56,8.91,1.0
9.18,9.8,9.18,9.22,1.0
9.3,9.9,9.16,9.86,1.0
9.8,10.1,9.66,9.96,1.0
9.86,10.48,9.77,10.2,1.0
10.22,10.85,10.22,10.69,-1.0
10.75,10.94,10.33,10.65,-1.0
10.6,10.6,10.23,10.5,-1.0
10.44,10.57,9.96,10.21,-1.0
10.32,10.57,10.18,10.23,-1.0
10.21,10.3,9.6,9.99,1.0
10.02,10.99,9.91,10.97,-1.0
11.01,11.18,10.5,10.72,-1.0
10.71,10.78,9.8,9.87,1.0
9.8,10.12,9.71,9.86,-1.0
9.92,10.11,9.23,9.38,1.0
9.43,9.87,9.2,9.72,-1.0
9.6,9.88,8.75,9.42,0.0
9.35,9.48,9.0,9.35,-1.0
9.33,9.33,8.9,9.06,1.0
9.0,9.16,8.86,9.09,-1.0
9.11,9.4,9.01,9.07,1.0
9.1,9.38,9.05,9.31,1.0
9.3,9.75,9.2,9.43,-1.0
9.38,9.63,8.85,9.05,-1.0
8.91,8.99,8.64,8.7,-1.0
8.74,8.89,8.62,8.72,0.0
8.79,9.0,8.72,8.79,-1.0
8.93,9.02,8.43,8.44,1.0
8.4,8.76,8.32,8.7,1.0
8.72,9.18,8.64,8.98,1.0
9.22,9.57,9.13,9.45,-1.0
9.5,9.57,9.37,9.47,1.0
9.49,10.11,9.32,9.85,-1.0
9.7,9.82,9.37,9.44,-1.0
9.46,9.53,9.26,9.44,-1.0
9.49,9.65,9.33,9.39,-1.0
9.33,9.39,9.04,9.2,1.0
9.29,9.5,9.14,9.49,-1.0
9.57,9.65,9.45,9.49,1.0
9.54,10.09,9.5,9.96,-1.0
9.69,9.88,9.12,9.18,1.0
9.01,9.33,9.0,9.31,1.0
9.31,9.57,9.22,9.43,-1.0
9.4,9.55,9.3,9.33,-1.0
9.29,9.31,9.1,9.16,1.0
9.15,9.23,9.13,9.17,-1.0
9.19,9.28,9.1,9.14,-1.0
9.15,9.16,8.75,8.86,-1.0
8.87,8.96,8.77,8.82,-1.0
8.8,8.82,8.69,8.75,-1.0
8.8,8.84,8.55,8.62,1.0
8.59,8.87,8.55,8.78,-1.0
8.78,8.91,8.62,8.7,-1.0
8.71,8.77,8.51,8.51,-1.0
8.57,8.63,8.05,8.22,0.0
8.2,8.29,8.02,8.2,-1.0
8.21,8.28,7.98,8.03,1.0
8.04,8.26,7.99,8.24,-1.0
8.24,8.24,8.04,8.06,1.0
8.04,8.22,8.03,8.18,1.0
8.25,8.34,8.15,8.32,1.0
8.31,8.62,8.22,8.56,1.0
8.45,8.52,8.37,8.48,-1.0
8.48,8.62,8.3,8.33,-1.0
8.33,8.33,7.97,7.98,1.0
7.91,8.13,7.82,7.96,-1.0
7.99,8.12,7.89,7.93,-1.0
7.92,8.05,7.87,7.9,-1.0
7.83,7.94,7.6,7.68,-1.0
7.69,7.78,7.51,7.56,1.0
7.52,7.69,7.48,7.67,1.0
7.71,7.9,7.67,7.83,1.0
7.66,7.99,7.66,7.78,-1.0
7.74,7.76,7.36,7.39,-1.0
7.4,7.42,7.18,7.26,1.0
7.29,7.39,7.27,7.35,1.0
7.36,7.74,7.36,7.71,1.0
7.71,8.06,7.7,7.98,1.0
7.92,8.32,7.88,8.23,-1.0
8.13,8.19,7.94,8.04,1.0
8.06,8.11,7.88,8.08,-1.0
8.0,8.03,7.75,7.93,-1.0
7.96,7.99,7.84,7.94,1.0
7.87,8.2,7.81,8.19,1.0
8.25,8.48,8.24,8.4,0.0
8.38,8.44,8.21,8.38,1.0
8.39,8.41,8.26,8.4,-1.0
8.38,8.41,8.15,8.16,1.0
8.16,8.28,8.1,8.22,1.0
8.25,8.67,8.25,8.66,1.0
8.66,8.88,8.5,8.82,-1.0
8.8,8.85,8.63,8.7,-1.0
8.72,8.81,8.41,8.42,-1.0
8.41,8.55,8.24,8.29,1.0
8.26,8.47,8.2,8.45,-1.0
8.45,8.52,7.88,7.96,1.0
7.88,7.96,7.65,7.93,-1.0
7.94,8.12,7.86,7.89,1.0
7.9,8.05,7.7,8.04,1.0
8.06,8.29,7.98,8.26,1.0
8.28,8.39,8.15,8.33,-1.0
8.51,8.66,8.35,8.45,1.0
8.38,8.77,8.33,8.7,-1.0
8.72,8.79,8.45,8.52,-1.0
8.43,8.43,8.03,8.04,1.0
7.97,8.08,7.89,8.05,-1.0
8.04,8.09,7.83,7.97,1.0
8.0,8.09,7.92,8.07,-1.0
8.03,8.04,7.9,7.97,1.0
7.99,8.17,7.92,8.15,1.0
8.15,8.35,8.11,8.2,-1.0
8.15,8.17,7.94,8.13,-1.0
8.12,8.16,7.78,7.8,1.0
7.75,7.93,7.55,7.85,1.0
7.87,8.02,7.87,7.94,1.0
7.94,8.04,7.88,7.98,-1.0
8.0,8.03,7.92,7.94,-1.0
7.91,7.93,7.7,7.71,-1.0
7.7,7.75,7.5,7.5,1.0
7.5,7.6,7.43,7.51,1.0
7.52,7.59,7.45,7.56,-1.0
7.59,7.62,7.53,7.55,-1.0
7.56,7.62,7.47,7.53,1.0
7.51,7.58,7.48,7.58,1.0
7.62,7.8,7.62,7.77,-1.0
7.83,7.86,7.75,7.79,1.0
7.8,7.84,7.75,7.82,-1.0
7.81,7.82,7.64,7.7,1.0
7.66,7.82,7.66,7.81,-1.0
7.87,7.89,7.74,7.77,1.0
7.76,7.81,7.74,7.79,-1.0
7.82,7.84,7.72,7.74,1.0
7.74,7.86,7.74,7.83,-1.0
7.79,7.87,7.66,7.67,-1.0
7.67,7.7,7.54,7.64,1.0
7.68,7.72,7.55,7.7,-1.0
7.68,7.68,7.5,7.51,-1.0
7.51,7.54,7.28,7.29,-1.0
7.29,7.29,6.82,6.84,1.0
6.84,6.97,6.81,6.97,-1.0
7.0,7.0,6.85,6.93,1.0
6.93,7.0,6.9,7.0,1.0
7.0,7.08,7.0,7.07,-1.0
7.03,7.04,6.93,6.93,-1.0
6.9,7.03,6.87,6.88,-1.0
6.9,6.93,6.6,6.71,1.0
6.76,6.99,6.72,6.98,-1.0
7.0,7.01,6.89,6.99,0.0
6.99,7.04,6.95,6.99,-1.0
6.99,7.12,6.82,6.85,1.0
6.9,6.98,6.87,6.93,-1.0
6.99,7.08,6.86,6.92,-1.0
6.94,7.02,6.86,6.88,1.0
6.89,6.94,6.85,6.93,-1.0
6.96,7.03,6.91,6.92,1.0
6.88,6.97,6.85,6.93,1.0
6.96,7.08,6.95,7.0,-1.0
7.01,7.03,6.94,6.98,1.0
6.95,7.09,6.95,7.09,-1.0
7.07,7.09,6.94,6.95,1.0
6.97,7.03,6.91,7.0,-1.0
7.02,7.06,6.92,6.93,-1.0
6.91,6.93,6.7,6.77,1.0
6.77,6.83,6.72,6.82,-1.0
6.82,6.84,6.73,6.77,-1.0
6.74,6.81,6.7,6.72,1.0
6.73,6.79,6.69,6.78,1.0
6.79,6.94,6.77,6.93,1.0
6.91,7.07,6.86,7.0,1.0
7.0,7.12,6.97,7.08,1.0
7.09,7.19,7.06,7.1,-1.0
7.1,7.14,7.02,7.09,1.0
7.12,7.34,7.1,7.26,-1.0
7.25,7.33,7.03,7.05,1.0
7.05,7.44,7.03,7.35,1.0
7.38,7.48,7.28,7.41,-1.0
7.43,7.46,7.31,7.38,-1.0
7.34,7.45,7.23,7.29,1.0
7.27,7.4,7.25,7.31,1.0
7.32,7.43,7.28,7.37,1.0
7.41,7.78,7.38,7.64,1.0
7.68,7.94,7.65,7.76,1.0
7.76,8.26,7.67,8.09,1.0
7.98,8.14,7.89,8.04,1.0
8.04,8.09,7.83,8.06,1.0
8.0,8.15,7.95,8.07,-1.0
8.11,8.12,7.81,7.95,1.0
7.92,8.4,7.83,8.1,1.0
8.0,8.28,7.93,8.02,1.0
7.98,8.39,7.9,8.32,1.0
8.18,8.33,8.05,8.24,1.0
8.26,8.75,8.15,8.48,-1.0
8.42,8.42,7.92,8.02,1.0
8.19,8.58,8.0,8.36,-1.0
8.27,8.54,8.18,8.24,1.0
8.2,8.37,8.04,8.31,1.0
8.24,8.45,8.14,8.4,1.0
8.39,8.5,8.31,8.41,-1.0
8.43,8.8,8.21,8.34,1.0
8.31,8.47,8.22,8.41,1.0
8.42,8.71,8.37,8.64,-1.0
8.61,8.8,8.48,8.51,-1.0
8.48,8.57,8.32,8.39,1.0
8.4,8.49,8.32,8.44,-1.0
8.42,8.46,8.28,8.31,1.0
8.34,8.51,8.27,8.47,-1.0
8.47,8.55,8.39,8.43,1.0
8.39,8.54,8.27,8.42,-1.0
8.42,8.52,8.3,8.32,1.0
8.3,8.39,8.29,8.34,1.0
8.36,8.58,8.36,8.56,1.0
8.61,8.76,8.53,8.67,-1.0
8.62,8.74,8.42,8.56,-1.0
8.56,8.64,8.45,8.46,1.0
8.4,8.5,8.35,8.46,1.0
8.47,8.64,8.47,8.63,-1.0
8.65,8.66,8.53,8.64,1.0
8.67,8.79,8.58,8.69,1.0
8.73,9.16,8.62,9.02,-1.0
9.1,9.11,8.89,9.0,-1.0
9.0,9.01,8.7,8.73,-1.0
8.7,8.84,8.53,8.59,1.0
8.57,8.78,8.57,8.63,-1.0
8.62,8.76,8.56,8.57,1.0
8.58,8.79,8.58,8.78,1.0
8.87,9.13,8.87,8.92,1.0
8.98,9.68,8.88,9.47,1.0
9.48,9.82,9.39,9.63,1.0
9.65,10.47,9.49,10.04,1.0
9.92,10.12,9.81,9.97,-1.0
9.98,10.09,9.83,9.91,1.0
9.89,10.01,9.7,9.92,-1.0
9.89,10.17,9.77,9.85,1.0
9.83,10.2,9.81,10.19,-1.0
10.24,10.36,10.04,10.13,-1.0
10.09,10.09,9.41,9.45,-1.0
9.48,9.61,9.19,9.39,1.0
9.39,9.52,9.31,9.44,1.0
9.45,9.85,9.36,9.79,-1.0
9.75,9.76,9.51,9.54,1.0
9.54,10.03,9.54,9.95,1.0
9.91,10.45,9.81,10.23,1.0
10.24,11.2,10.19,10.7,-1.0
10.6,10.83,10.35,10.54,1.0
10.55,10.73,10.41,10.57,-1.0
10.56,10.66,10.46,10.51,1.0
10.53,10.85,10.46,10.71,-1.0
10.68,10.78,10.38,10.5,1.0
10.52,10.79,10.43,10.63,1.0
10.58,10.73,10.4,10.7,-1.0
10.73,10.88,10.29,10.37,-1.0
10.35,10.39,10.0,10.25,-1.0
10.15,10.44,10.07,10.12,1.0
10.1,10.27,9.85,10.19,1.0
10.2,10.37,10.17,10.25,-1.0
10.2,10.2,9.83,9.85,-1.0
9.85,10.1,9.59,9.63,-1.0
9.63,9.69,9.49,9.57,1.0
9.56,9.67,9.52,9.57,1.0
9.6,9.75,9.51,9.72,1.0
9.8,10.05,9.77,10.04,1.0
10.12,10.99,9.96,10.77,1.0
10.81,11.15,10.71,10.88,-1.0
10.86,10.9,10.45,10.62,-1.0
10.65,10.7,10.44,10.52,-1.0
10.52,10.63,10.26,10.48,1.0
10.43,10.66,10.39,10.49,0.0
10.55,10.6,10.39,10.55,-1.0
10.69,10.74,10.02,10.11,1.0
10.05,10.22,9.96,10.2,-1.0
10.22,10.29,9.75,9.91,1.0
9.9,10.08,9.8,10.06,-1.0
10.06,10.16,9.5,9.68,0.0
9.63,9.78,9.53,9.63,1.0
9.63,9.96,9.58,9.9,1.0
9.9,10.03,9.83,9.92,-1.0
9.96,9.99,9.71,9.85,-1.0
9.85,9.9,9.75,9.79,1.0
9.78,9.9,9.71,9.79,1.0
9.9,10.05,9.8,9.99,1.0
9.98,10.2,9.92,10.14,1.0
10.15,10.29,9.98,10.18,-1.0
10.17,10.21,10.06,10.12,-1.0
10.12,10.2,9.9,9.95,-1.0
9.94,9.94,9.5,9.66,1.0
9.64,9.83,9.61,9.74,1.0
9.74,9.97,9.6,9.95,1.0
9.99,10.23,9.9,10.17,1.0
10.26,10.98,9.75,10.9,1.0
11.11,11.87,10.7,11.61,-1.0
11.41,11.43,10.45,10.45,1.0
10.19,10.67,9.77,10.5,1.0
10.48,10.78,10.17,10.58,1.0
10.49,10.72,10.42,10.58,1.0
10.42,11.64,10.14,11.64,0.0
11.64,11.64,11.64,11.64,0.0
11.64,11.64,11.64,11.64,0.0
11.64,11.64,11.64,11.64,0.0
11.64,11.64,11.64,11.64,0.0
11.64,11.64,11.64,11.64,0.0
10.48,10.48,10.48,10.48,1.0
9.7,10.16,9.43,9.88,1.0
9.74,10.1,9.71,10.02,-1.0
10.02,10.06,9.8,10.01,-1.0
9.93,9.93,9.43,9.7,-1.0
9.63,9.69,9.18,9.19,1.0
9.25,9.55,9.19,9.39,1.0
9.39,9.54,9.21,9.49,1.0
9.48,9.96,9.4,9.84,-1.0
9.8,9.8,9.53,9.66,1.0
9.63,9.83,9.51,9.66,-1.0
9.63,9.77,9.41,9.44,-1.0
9.43,9.43,8.92,9.0,1.0
8.96,9.28,8.91,9.18,1.0
9.19,9.51,9.1,9.28,1.0
9.24,9.5,9.16,9.4,-1.0
9.45,9.46,9.36,9.39,-1.0
9.2,9.33,8.57,8.87,1.0
8.89,9.21,8.89,9.13,1.0
9.14,9.4,9.09,9.38,1.0
9.4,10.32,9.3,10.32,1.0
10.5,11.13,10.13,10.82,-1.0
10.82,11.08,10.48,10.67,1.0
10.45,10.77,10.39,10.58,-1.0
10.58,10.72,10.42,10.44,-1.0
10.3,10.42,10.16,10.21,-1.0
10.32,10.44,10.02,10.19,1.0
10.17,10.5,10.0,10.44,-1.0
10.51,10.57,10.26,10.43,1.0
10.46,10.75,10.41,10.48,-1.0
10.56,10.6,10.15,10.18,-1.0
10.18,10.34,9.88,9.91,1.0
9.91,10.15,9.91,9.96,1.0
9.96,10.34,9.96,10.31,-1.0
10.35,10.38,10.19,10.33,1.0
10.33,10.5,10.27,10.36,1.0
10.44,10.65,10.31,10.49,1.0
10.54,10.72,10.4,10.65,-1.0
10.67,10.7,10.5,10.57,1.0
10.6,11.1,10.53,10.91,-1.0
10.99,11.1,10.76,10.95,1.0
10.94,11.6,10.94,11.13,1.0
11.25,11.55,11.2,11.4,1.0
11.4,12.54,11.25,12.06,-1.0
12.18,12.35,11.82,12.16,1.0
12.15,12.31,11.87,12.16,-1.0
12.24,12.31,11.61,11.65,1.0
11.59,11.83,11.28,11.81,1.0
11.75,12.29,11.69,12.02,0.0
12.13,12.5,12.05,12.13,-1.0
12.14,12.17,11.67,11.78,1.0
11.85,12.08,11.5,11.9,1.0
12.0,12.45,11.9,12.34,1.0
12.35,12.85,12.18,12.53,1.0
12.53,12.73,12.35,12.59,-1.0
12.7,12.98,12.42,12.65,1.0
12.65,12.89,12.56,12.71,1.0
12.74,13.25,12.6,12.99,-1.0
13.01,13.3,12.45,12.79,-1.0
12.78,12.78,12.31,12.58,1.0
12.58,12.85,12.35,12.69,-1.0
12.69,12.76,12.45,12.59,1.0
12.66,12.79,12.52,12.74,1.0
12.74,13.27,12.7,12.93,1.0
12.94,13.46,12.79,13.45,-1.0
13.5,13.88,13.12,13.48,1.0
13.36,13.88,13.28,13.82,-1.0
13.87,13.95,13.67,13.81,-1.0
13.9,13.9,13.22,13.37,-1.0
13.35,13.47,12.61,12.85,1.0
12.85,13.55,12.8,13.34,-1.0
13.41,13.5,13.13,13.39,1.0
13.38,14.31,13.21,13.88,-1.0
13.86,13.98,13.18,13.3,1.0
13.2,13.95,12.76,13.74,-1.0
14.15,14.39,13.7,14.09,1.0
13.9,14.78,13.73,14.37,1.0
14.41,15.81,14.41,15.32,1.0
15.4,15.75,15.03,15.5,-1.0
15.54,16.29,15.24,15.41,1.0
15.19,15.92,14.9,15.6,1.0
15.83,17.0,15.82,16.39,-1.0
16.41,16.84,15.28,15.57,1.0
15.43,17.0,15.14,16.99,-1.0
17.01,17.28,16.31,16.58,1.0
16.7,17.85,16.7,17.59,-1.0
17.7,17.75,16.5,16.92,-1.0
16.85,17.15,15.82,16.04,-1.0
16.02,16.23,15.25,15.37,0.0
15.37,15.37,15.37,15.37,0.0
15.37,15.37,15.37,15.37,0.0
15.37,15.37,15.37,15.37,0.0
15.37,15.37,15.37,15.37,0.0
15.37,15.37,15.37,15.37,0.0
15.37,15.37,15.37,15.37,0.0
15.37,15.37,15.37,15.37,0.0
15.37,15.37,15.37,15.37,0.0
15.37,15.37,15.37,15.37,0.0
15.37,15.37,15.37,15.37,0.0
15.37,15.37,15.37,15.37,0.0
15.37,15.37,15.37,15.37,0.0
15.37,15.37,15.37,15.37,0.0
15.37,15.37,15.37,15.37,0.0
15.37,15.37,15.37,15.37,0.0
15.37,15.37,15.37,15.37,0.0
15.37,15.37,15.37,15.37,0.0
15.37,15.37,15.37,15.37,0.0
15.37,15.37,15.37,15.37,0.0
15.37,15.37,15.37,15.37,0.0
15.37,15.37,15.37,15.37,0.0
15.37,15.37,15.37,15.37,0.0
15.37,15.37,15.37,15.37,0.0
15.37,15.37,15.37,15.37,0.0
15.37,15.37,15.37,15.37,0.0
16.91,16.91,16.91,16.91,0.0
18.6,18.6,18.6,18.6,0.0
20.46,20.46,19.25,20.46,-1.0
20.0,20.03,18.61,19.62,-1.0
19.5,20.64,18.8,18.96,-1.0
18.3,18.9,17.06,17.13,1.0
17.12,18.21,15.68,17.99,1.0
18.2,19.5,18.02,18.76,-1.0
18.8,19.15,17.35,17.91,-1.0
17.15,17.68,16.12,16.12,-1.0
17.0,17.3,14.51,14.57,1.0
14.58,16.03,13.13,16.03,-1.0
15.98,16.8,14.75,14.91,-1.0
14.95,15.43,13.42,13.55,-1.0
12.8,14.02,12.2,12.2,-1.0
13.42,13.42,10.98,11.62,-1.0
11.0,11.38,10.46,10.46,0.0
9.41,10.04,9.41,9.41,1.0
9.1,10.35,9.1,10.35,1.0
11.01,11.39,11.0,11.39,1.0
12.39,12.53,11.85,12.53,1.0
12.8,13.7,12.45,13.26,-1.0
12.51,12.95,11.93,11.93,1.0
11.85,12.79,10.74,12.36,1.0
12.49,13.6,12.49,13.6,1.0
13.88,14.8,13.5,14.4,-1.0
14.2,14.51,13.77,13.98,1.0
13.99,14.98,13.99,14.37,1.0
14.37,14.84,13.97,14.58,1.0
14.52,15.64,14.37,14.79,-1.0
14.4,15.2,13.31,13.31,1.0
12.9,13.8,11.98,13.07,1.0
13.35,14.38,12.92,14.38,-1.0
14.66,15.59,14.15,14.58,-1.0
14.3,14.85,13.33,13.76,-1.0
13.4,13.59,12.38,12.39,1.0
12.51,13.63,12.51,13.63,-1.0
13.9,14.41,13.39,13.72,1.0
13.3,15.09,13.12,14.6,1.0
14.77,15.99,14.17,15.63,1.0
15.77,17.0,15.42,16.47,1.0
16.27,17.32,15.75,16.36,-1.0
16.95,17.3,16.23,16.35,1.0
16.03,16.58,15.55,16.55,-1.0
16.56,16.83,16.03,16.35,1.0
16.18,16.97,16.08,16.6,-1.0
16.7,16.8,14.94,14.94,1.0
14.01,15.48,13.5,15.21,-1.0
14.87,15.19,13.91,13.96,-1.0
13.7,14.45,13.12,13.28,-1.0
13.0,13.0,11.95,11.95,0.0
10.76,11.16,10.76,10.76,-1.0
11.0,11.15,9.68,9.68,1.0
9.95,10.3,9.15,10.28,1.0
10.5,11.31,10.5,11.31,-1.0
11.55,11.76,11.06,11.12,-1.0
11.0,11.0,10.01,10.01,-1.0
9.04,10.35,9.01,9.02,-1.0
9.32,9.78,9.05,9.21,1.0
9.22,9.75,8.9,9.67,1.0
9.76,10.38,9.71,10.19,1.0
10.05,10.75,9.85,10.32,1.0
10.26,10.58,10.02,10.3,-1.0
10.5,10.6,9.27,9.27,-1.0
8.88,9.15,8.34,8.34,1.0
8.5,9.17,8.26,9.17,0.0
9.17,9.17,9.17,9.17,0.0
9.17,9.17,9.17,9.17,0.0
9.17,9.17,9.17,9.17,0.0
9.17,9.17,9.17,9.17,0.0
9.17,9.17,9.17,9.17,0.0
9.17,9.17,9.17,9.17,0.0
9.17,9.17,9.17,9.17,0.0
9.17,9.17,9.17,9.17,0.0
9.17,9.17,9.17,9.17,0.0
9.17,9.17,9.17,9.17,0.0
9.17,9.17,9.17,9.17,0.0
9.17,9.17,9.17,9.17,0.0
9.17,9.17,9.17,9.17,0.0
9.17,9.17,9.17,9.17,0.0
9.17,9.17,9.17,9.17,0.0
9.17,9.17,9.17,9.17,0.0
9.17,9.17,9.17,9.17,0.0
9.17,9.17,9.17,9.17,0.0
9.17,9.17,9.17,9.17,0.0
9.17,9.17,9.17,9.17,0.0
9.17,9.17,9.17,9.17,0.0
9.17,9.17,9.17,9.17,0.0
9.17,9.17,9.17,9.17,0.0
9.17,9.17,9.17,9.17,0.0
9.17,9.17,9.17,9.17,0.0
9.17,9.17,9.17,9.17,0.0
9.17,9.17,9.17,9.17,0.0
9.17,9.17,9.17,9.17,0.0
9.17,9.17,9.17,9.17,0.0
9.17,9.17,9.17,9.17,0.0
9.17,9.17,9.17,9.17,0.0
9.17,9.17,9.17,9.17,0.0
9.17,9.17,9.17,9.17,0.0
9.17,9.17,9.17,9.17,0.0
10.09,10.09,10.09,10.09,0.0
11.1,11.1,11.1,11.1,0.0
12.21,12.21,12.21,12.21,0.0
13.43,13.43,12.7,13.43,1.0
13.48,14.49,13.09,13.85,-1.0
13.85,13.94,13.1,13.19,1.0
13.14,13.82,13.08,13.67,-1.0
13.73,13.86,13.49,13.64,-1.0
13.64,13.82,13.31,13.41,1.0
13.5,13.68,13.46,13.66,-1.0
14.2,14.38,13.49,13.68,1.0
13.5,13.85,13.24,13.56,-1.0
13.69,13.8,12.22,12.49,1.0
12.2,12.65,11.33,12.31,-1.0
12.35,12.42,12.09,12.27,-1.0
12.26,12.33,11.7,12.25,1.0
12.38,12.77,12.3,12.7,-1.0
12.57,12.85,12.48,12.53,-1.0
12.6,12.7,12.32,12.46,-1.0
12.42,12.42,11.92,11.95,-1.0
11.95,12.03,11.53,11.74,-1.0
11.78,11.96,11.61,11.64,1.0
11.66,11.89,11.55,11.74,1.0
11.6,11.92,11.36,11.91,-1.0
11.93,12.07,11.84,11.92,-1.0
11.98,12.03,11.8,11.81,1.0
12.01,12.68,11.97,12.25,-1.0
12.2,12.41,12.1,12.17,1.0
12.2,12.3,12.05,12.28,1.0
12.3,13.51,12.3,13.51,-1.0
13.51,14.17,13.17,13.2,1.0
13.33,13.5,12.8,13.39,-1.0
13.37,13.37,12.83,13.12,-1.0
13.1,13.16,12.47,12.53,1.0
12.53,12.67,12.19,12.63,1.0
12.65,12.8,12.3,12.78,-1.0
12.64,12.78,12.3,12.36,-1.0
12.75,12.86,11.31,11.34,1.0
10.88,12.23,10.81,11.99,1.0
12.03,12.75,11.85,12.49,-1.0
12.06,12.22,11.29,11.32,0.0
11.88,12.12,10.68,11.88,-1.0
11.4,11.77,10.73,10.77,1.0
10.62,11.2,10.57,10.93,-1.0
10.94,11.1,10.23,10.25,1.0
10.0,10.75,9.81,10.73,-1.0
10.83,11.24,10.51,10.77,1.0
10.33,11.08,10.3,10.9,1.0
10.72,11.59,10.7,11.38,-1.0
11.26,11.43,10.9,11.14,-1.0
10.9,11.3,10.36,10.4,1.0
10.6,10.8,10.18,10.65,-1.0
10.75,10.89,10.59,10.74,-1.0
10.5,10.7,9.75,9.78,-1.0
9.81,9.92,8.8,9.4,-1.0
9.16,9.24,8.46,8.46,1.0
8.45,8.85,8.31,8.68,-1.0
8.78,8.88,8.28,8.44,1.0
8.6,8.88,8.52,8.83,1.0
8.68,8.95,8.55,8.85,1.0
8.89,9.35,8.89,9.16,-1.0
9.24,9.49,9.1,9.13,1.0
8.86,9.68,8.72,9.62,1.0
9.61,10.11,9.61,10.0,1.0
10.0,10.69,9.98,10.22,-1.0
10.29,10.39,10.01,10.12,-1.0
10.1,10.18,9.93,10.08,0.0
10.2,10.34,10.08,10.2,-1.0
10.14,10.24,9.98,10.13,1.0
10.13,10.4,10.05,10.4,-1.0
10.48,10.53,9.36,9.37,-1.0
9.5,9.71,9.2,9.48,-1.0
9.5,9.55,8.6,8.71,1.0
8.8,9.3,8.75,9.27,1.0
9.27,10.17,9.19,9.86,1.0
9.84,10.25,9.77,9.99,-1.0
10.05,10.19,9.38,9.59,1.0
9.67,10.35,9.67,10.3,-1.0
10.21,10.28,9.63,10.17,1.0
10.0,10.5,9.88,10.03,-1.0
10.04,10.2,9.75,9.91,1.0
9.99,10.38,9.95,10.19,1.0
10.19,10.7,10.19,10.54,-1.0
10.5,10.51,10.2,10.28,-1.0
10.27,10.46,10.1,10.13,1.0
10.21,10.65,10.2,10.5,1.0
10.51,11.08,10.51,10.83,1.0
10.92,11.2,10.78,11.05,1.0
10.9,11.78,10.8,11.43,1.0
11.38,11.46,11.1,11.4,1.0
11.29,11.95,11.17,11.39,-1.0
11.3,11.49,11.04,11.28,-1.0
11.43,11.53,11.1,11.15,-1.0
11.18,11.25,10.6,10.81,1.0
10.94,11.22,10.94,11.2,-1.0
11.23,11.4,11.07,11.18,-1.0
11.21,11.25,10.86,11.07,1.0
11.14,11.33,11.02,11.29,1.0
11.26,11.48,11.03,11.37,-1.0
11.37,11.37,11.01,11.04,-1.0
10.9,11.0,10.6,10.8,1.0
10.88,11.15,10.88,11.05,-1.0
11.11,11.11,10.92,11.04,1.0
11.05,11.36,11.04,11.27,1.0
11.3,11.45,11.19,11.35,1.0
11.33,11.55,11.3,11.38,-1.0
11.33,11.33,11.02,11.05,1.0
11.04,11.2,11.01,11.1,-1.0
11.15,11.45,10.51,10.81,-1.0
10.84,10.99,10.6,10.73,1.0
