OPEN,HIGH,LOW,CLOSE,UPDOWN
8.03,8.48,8.03,8.06,-1.0
7.8,7.88,7.25,7.41,1.0
7.3,7.53,7.27,7.37,-1.0
7.38,7.44,7.16,7.24,1.0
7.2,7.33,7.02,7.32,1.0
7.28,7.47,7.15,7.35,1.0
7.3,7.38,7.18,7.37,1.0
7.35,7.58,7.27,7.5,-1.0
7.49,7.5,7.37,7.43,-1.0
7.46,7.47,7.26,7.31,0.0
7.31,7.43,7.27,7.31,-1.0
7.3,7.31,7.12,7.16,1.0
7.12,7.26,7.11,7.22,1.0
7.23,7.38,7.2,7.29,-1.0
7.25,7.37,7.2,7.23,1.0
7.2,7.48,7.19,7.32,-1.0
7.29,7.36,7.19,7.26,1.0
7.23,7.42,7.2,7.33,1.0
7.3,7.7,7.3,7.48,1.0
7.47,7.52,7.34,7.49,-1.0
7.5,7.53,7.39,7.48,0.0
7.41,7.5,7.34,7.41,-1.0
7.37,7.37,7.08,7.17,1.0
7.15,7.3,7.08,7.23,-1.0
7.2,7.27,7.08,7.12,-1.0
7.1,7.22,7.03,7.08,-1.0
7.0,7.09,6.68,6.82,1.0
6.82,7.44,6.73,7.28,-1.0
7.25,7.34,7.17,7.19,-1.0
7.19,7.22,7.03,7.12,-1.0
7.16,7.22,7.05,7.07,-1.0
7.07,7.08,6.84,6.89,0.0
6.85,6.92,6.75,6.85,-1.0
6.86,6.92,6.73,6.77,1.0
6.75,6.85,6.75,6.82,-1.0
6.81,6.85,6.77,6.79,-1.0
6.79,6.79,6.56,6.59,-1.0
6.5,6.65,6.4,6.45,1.0
6.45,6.7,6.43,6.62,-1.0
6.6,6.6,6.37,6.4,-1.0
6.4,6.48,6.31,6.39,-1.0
6.42,6.45,6.21,6.31,1.0
6.38,6.5,6.26,6.41,1.0
6.41,6.52,6.35,6.51,-1.0
6.58,6.59,6.46,6.49,-1.0
6.48,6.48,6.28,6.31,1.0
6.31,6.48,6.27,6.37,-1.0
6.37,6.39,6.29,6.33,-1.0
6.3,6.39,6.12,6.25,1.0
6.23,6.32,6.12,6.28,-1.0
6.28,6.3,6.16,6.21,1.0
6.2,6.58,6.17,6.47,-1.0
6.44,6.65,6.43,6.43,1.0
6.43,6.55,6.39,6.5,-1.0
6.5,6.58,6.44,6.49,1.0
6.51,6.73,6.5,6.52,-1.0
6.5,6.53,6.4,6.44,-1.0
6.43,6.47,6.3,6.33,1.0
6.35,6.4,6.26,6.4,1.0
6.41,6.7,6.36,6.64,-1.0
6.68,6.75,6.6,6.6,1.0
6.62,6.88,6.61,6.76,-1.0
6.8,6.83,6.69,6.78,0.0
6.78,6.78,6.78,6.78,-1.0
6.75,6.82,6.47,6.66,1.0
6.6,6.72,6.49,6.64,1.0
6.52,6.8,6.52,6.68,1.0
6.65,6.94,6.56,6.88,1.0
6.82,7.03,6.82,6.88,-1.0
6.86,6.88,6.71,6.85,-1.0
6.8,6.95,6.6,6.68,-1.0
6.64,6.77,6.16,6.26,-1.0
6.44,6.44,6.2,6.37,-1.0
6.4,6.47,6.21,6.38,-1.0
6.33,6.4,5.96,6.01,-1.0
6.03,6.15,5.89,6.02,1.0
6.04,6.13,5.92,6.07,1.0
6.08,6.2,6.03,6.09,-1.0
6.1,6.17,5.97,5.98,1.0
6.05,6.14,5.98,6.1,1.0
6.12,6.36,6.07,6.31,-1.0
6.3,6.45,6.18,6.27,1.0
6.25,6.54,6.23,6.47,-1.0
6.5,6.54,6.36,6.44,1.0
6.41,6.51,6.3,6.44,-1.0
6.44,6.46,6.19,6.2,1.0
6.25,6.33,6.21,6.28,1.0
6.33,6.44,6.28,6.43,-1.0
6.45,6.49,6.36,6.38,1.0
6.43,6.57,6.32,6.51,1.0
6.51,6.77,6.48,6.71,-1.0
6.68,6.71,6.56,6.65,-1.0
6.6,6.67,6.43,6.45,1.0
6.44,6.52,6.41,6.52,1.0
6.52,6.65,6.45,6.62,-1.0
6.65,6.66,6.53,6.58,1.0
6.58,6.68,6.56,6.68,-1.0
6.7,6.72,6.61,6.63,-1.0
6.65,6.65,6.4,6.5,-1.0
6.52,6.52,6.33,6.34,-1.0
6.3,6.36,6.22,6.26,-1.0
6.25,6.3,5.97,6.06,1.0
6.03,6.3,5.93,6.29,1.0
6.3,6.49,6.25,6.46,0.0
6.47,6.5,6.36,6.47,1.0
6.52,6.58,6.34,6.56,1.0
6.5,6.68,6.48,6.58,-1.0
6.58,6.58,6.42,6.43,1.0
6.42,6.57,6.4,6.52,1.0
6.48,6.67,6.48,6.5,1.0
6.48,6.66,6.48,6.56,1.0
6.59,6.78,6.59,6.75,1.0
6.78,6.89,6.65,6.88,1.0
6.88,7.08,6.82,6.98,1.0
7.0,7.36,7.0,7.18,-1.0
7.2,7.25,6.89,6.9,1.0
6.85,7.05,6.67,7.04,1.0
7.0,7.05,6.84,7.02,-1.0
6.91,7.0,6.8,6.9,1.0
6.9,7.14,6.85,6.97,1.0
6.97,7.14,6.92,7.1,1.0
7.1,7.25,7.05,7.19,-1.0
7.19,7.2,6.86,6.87,-1.0
6.98,7.09,6.8,6.94,1.0
6.9,7.15,6.87,7.13,1.0
7.13,7.25,7.09,7.23,0.0
7.25,7.28,7.09,7.25,-1.0
7.26,7.48,7.11,7.18,1.0
7.16,7.44,7.15,7.38,0.0
7.38,7.55,7.32,7.38,1.0
7.39,7.63,7.38,7.62,-1.0
7.64,7.66,7.47,7.51,-1.0
7.51,7.59,7.31,7.33,1.0
7.3,7.59,7.3,7.57,-1.0
7.61,7.7,7.53,7.59,-1.0
7.6,7.65,7.44,7.58,1.0
7.58,7.79,7.55,7.78,0.0
7.79,7.83,7.65,7.79,-1.0
7.84,7.9,7.59,7.6,-1.0
7.55,7.62,7.32,7.48,-1.0
7.45,7.59,7.1,7.19,-1.0
7.19,7.25,7.03,7.12,1.0
7.15,7.25,7.1,7.2,1.0
7.18,7.24,7.0,7.22,-1.0
7.21,7.27,7.1,7.2,-1.0
7.2,7.26,7.02,7.05,1.0
7.03,7.19,6.9,7.14,-1.0
7.18,7.19,7.05,7.08,-1.0
7.04,7.04,6.79,6.8,-1.0
6.78,6.89,6.67,6.69,1.0
6.68,6.89,6.66,6.88,1.0
6.89,7.01,6.85,6.92,-1.0
6.92,6.94,6.82,6.85,1.0
6.83,7.05,6.81,7.02,1.0
7.05,7.09,6.98,7.06,-1.0
7.08,7.08,6.98,7.03,-1.0
7.03,7.07,6.82,6.83,1.0
6.81,7.0,6.81,6.99,1.0
6.99,7.12,6.99,7.1,-1.0
7.1,7.1,6.99,7.07,1.0
7.07,7.17,7.04,7.09,1.0
7.09,7.15,7.05,7.14,-1.0
7.14,7.15,7.05,7.06,0.0
7.06,7.06,7.06,7.06,0.0
7.06,7.06,7.06,7.06,1.0
7.08,7.21,7.08,7.21,1.0
7.17,7.22,7.14,7.2,1.0
7.2,7.3,7.17,7.24,1.0
7.25,7.4,7.25,7.4,1.0
7.4,7.48,7.33,7.46,-1.0
7.47,7.47,7.29,7.29,-1.0
7.26,7.3,7.19,7.2,-1.0
7.18,7.23,7.0,7.02,1.0
7.0,7.13,6.98,7.11,-1.0
7.1,7.19,7.01,7.02,-1.0
7.02,7.07,6.87,6.97,-1.0
7.02,7.02,6.85,6.87,-1.0
6.87,6.96,6.69,6.84,-1.0
6.85,6.91,6.75,6.76,0.0
6.78,6.89,6.74,6.78,1.0
6.83,6.94,6.81,6.86,1.0
6.88,6.9,6.79,6.89,-1.0
6.86,6.86,6.58,6.59,-1.0
6.58,6.58,6.3,6.36,-1.0
6.35,6.42,6.23,6.25,1.0
6.2,6.37,6.18,6.33,-1.0
6.36,6.37,6.2,6.22,1.0
6.22,6.32,6.22,6.31,0.0
6.3,6.36,6.18,6.3,1.0
6.35,6.5,6.35,6.49,1.0
6.45,6.57,6.39,6.55,-1.0
6.5,6.57,6.45,6.47,-1.0
6.44,6.47,6.24,6.26,1.0
6.26,6.35,6.24,6.32,1.0
6.35,6.48,6.3,6.48,-1.0
6.48,6.5,6.42,6.43,-1.0
6.42,6.48,6.3,6.31,-1.0
6.4,6.4,6.3,6.35,-1.0
6.35,6.35,6.18,6.18,-1.0
6.23,6.23,5.96,5.98,1.0
5.96,6.1,5.96,6.04,1.0
6.01,6.14,5.92,6.13,-1.0
6.15,6.18,6.05,6.06,0.0
6.06,6.06,6.06,6.06,1.0
6.1,6.27,6.09,6.26,1.0
6.26,6.33,6.18,6.28,-1.0
6.28,6.28,6.09,6.09,1.0
6.09,6.17,6.09,6.11,-1.0
6.11,6.11,5.99,6.01,-1.0
6.01,6.03,5.92,5.93,-1.0
5.92,6.02,5.81,5.82,-1.0
5.83,5.9,5.78,5.82,-1.0
5.82,5.97,5.81,5.81,-1.0
5.82,5.82,5.5,5.51,1.0
5.52,5.7,5.49,5.68,1.0
5.62,5.76,5.58,5.65,-1.0
5.62,5.7,5.41,5.45,1.0
5.42,5.47,5.32,5.45,1.0
5.44,5.6,5.38,5.57,-1.0
5.58,5.62,5.5,5.53,-1.0
5.55,5.55,5.42,5.48,0.0
5.5,5.55,5.47,5.5,-1.0
5.57,5.57,5.32,5.34,-1.0
5.32,5.32,5.15,5.16,1.0
5.16,5.25,5.07,5.2,-1.0
5.19,5.25,5.07,5.09,1.0
5.15,5.29,5.09,5.25,1.0
5.25,5.34,5.17,5.34,1.0
5.3,5.33,5.26,5.33,1.0
5.34,5.4,5.31,5.37,-1.0
5.37,5.37,5.26,5.3,1.0
5.36,5.4,5.29,5.38,-1.0
5.4,5.52,5.37,5.39,-1.0
5.32,5.34,5.08,5.15,-1.0
5.13,5.21,5.08,5.11,-1.0
5.14,5.2,4.96,5.07,1.0
5.06,5.14,5.01,5.1,1.0
5.12,5.27,5.11,5.22,-1.0
5.22,5.24,5.13,5.2,-1.0
5.17,5.18,5.09,5.09,1.0
5.05,5.15,5.05,5.15,-1.0
5.22,5.22,5.02,5.03,1.0
5.0,5.04,4.98,5.02,-1.0
5.02,5.03,4.92,4.95,0.0
4.92,4.97,4.9,4.92,1.0
4.93,5.0,4.91,4.97,1.0
5.0,5.05,4.95,5.04,-1.0
5.04,5.06,4.93,4.95,-1.0
4.9,4.95,4.82,4.84,-1.0
4.84,4.88,4.78,4.8,1.0
4.79,5.0,4.79,4.94,0.0
4.94,4.99,4.9,4.94,1.0
4.89,4.96,4.87,4.92,-1.0
4.96,4.96,4.86,4.93,-1.0
4.93,4.96,4.86,4.92,-1.0
4.9,4.9,4.79,4.8,1.0
4.9,4.99,4.82,4.99,1.0
4.94,5.13,4.94,5.06,-1.0
5.03,5.05,4.88,4.93,1.0
4.93,5.15,4.87,5.1,-1.0
5.1,5.16,5.04,5.05,1.0
5.05,5.09,4.98,5.09,1.0
5.05,5.15,4.97,5.08,-1.0
5.06,5.08,4.98,5.05,1.0
5.06,5.22,5.01,5.17,0.0
5.15,5.21,5.12,5.15,-1.0
5.15,5.16,5.06,5.08,-1.0
5.05,5.1,4.93,4.95,1.0
4.91,4.97,4.88,4.93,1.0
5.04,5.15,5.04,5.08,-1.0
5.07,5.07,4.97,4.97,1.0
4.95,5.09,4.94,5.09,1.0
5.08,5.18,5.03,5.15,1.0
5.14,5.17,5.08,5.15,-1.0
5.15,5.16,5.08,5.14,1.0
5.14,5.2,5.09,5.18,-1.0
5.15,5.16,5.04,5.07,-1.0
5.04,5.09,4.96,5.03,-1.0
5.02,5.02,4.83,4.84,1.0
4.84,5.06,4.84,5.0,1.0
5.01,5.4,5.01,5.28,-1.0
5.33,5.33,5.21,5.31,1.0
5.31,5.45,5.25,5.44,1.0
5.5,5.88,5.46,5.74,-1.0
5.7,5.75,5.56,5.6,-1.0
5.58,5.65,5.46,5.47,1.0
5.45,5.6,5.38,5.58,-1.0
5.67,5.67,5.38,5.39,-1.0
5.41,5.49,5.25,5.29,1.0
5.3,5.5,5.3,5.39,-1.0
5.4,5.4,5.31,5.32,-1.0
5.3,5.37,5.2,5.23,1.0
5.3,5.47,5.23,5.47,1.0
5.5,5.58,5.36,5.57,-1.0
5.77,5.95,5.58,5.73,1.0
5.73,5.87,5.68,5.8,-1.0
5.8,5.87,5.43,5.45,1.0
5.4,5.62,5.4,5.61,-1.0
5.75,5.75,5.55,5.71,-1.0
5.8,5.8,5.63,5.63,-1.0
5.63,5.63,5.41,5.56,1.0
5.56,5.71,5.5,5.7,-1.0
5.69,5.72,5.44,5.62,1.0
5.63,5.77,5.59,5.64,1.0
5.6,5.64,5.47,5.63,1.0
5.64,5.89,5.57,5.86,-1.0
5.89,5.89,5.69,5.75,-1.0
5.52,5.69,5.45,5.48,-1.0
5.46,5.55,5.24,5.25,-1.0
5.21,5.28,5.15,5.19,1.0
5.2,5.33,5.18,5.3,-1.0
5.34,5.34,5.08,5.1,1.0
5.08,5.18,5.08,5.1,1.0
5.08,5.14,5.0,5.12,1.0
5.1,5.21,5.1,5.15,1.0
5.2,5.36,5.1,5.31,-1.0
5.35,5.4,5.26,5.27,-1.0
5.27,5.33,5.22,5.25,1.0
5.24,5.3,5.24,5.3,-1.0
5.31,5.33,5.25,5.28,-1.0
5.29,5.29,5.2,5.22,1.0
5.22,5.32,5.22,5.32,1.0
5.32,5.41,5.26,5.4,1.0
5.4,5.46,5.36,5.42,-1.0
5.4,5.42,5.34,5.38,-1.0
5.38,5.44,5.35,5.37,-1.0
5.35,5.35,5.26,5.3,1.0
5.29,5.38,5.29,5.3,-1.0
5.28,5.3,5.16,5.16,1.0
5.15,5.23,5.1,5.16,0.0
5.17,5.21,5.17,5.17,1.0
5.18,5.28,5.16,5.26,1.0
5.26,5.32,5.25,5.28,1.0
5.26,5.34,5.23,5.3,-1.0
5.3,5.3,5.19,5.19,0.0
5.2,5.26,5.17,5.2,1.0
5.2,5.33,5.18,5.31,-1.0
5.3,5.33,5.18,5.19,-1.0
5.18,5.2,5.13,5.16,-1.0
5.16,5.19,5.12,5.14,0.0
5.14,5.17,5.06,5.14,1.0
5.08,5.19,5.07,5.13,-1.0
5.13,5.16,5.1,5.11,1.0
5.05,5.11,5.04,5.07,0.0
5.07,5.12,5.05,5.07,1.0
5.2,5.23,5.08,5.23,-1.0
5.22,5.22,5.08,5.08,-1.0
5.15,5.16,5.08,5.14,-1.0
5.17,5.17,5.1,5.14,-1.0
5.11,5.14,4.99,5.02,-1.0
5.0,5.09,4.92,4.92,1.0
4.92,5.0,4.92,4.95,-1.0
4.95,5.02,4.88,4.94,1.0
4.85,4.99,4.83,4.86,1.0
4.86,4.97,4.84,4.95,-1.0
4.97,4.97,4.86,4.89,1.0
4.86,4.96,4.86,4.93,1.0
4.91,5.0,4.91,5.0,-1.0
5.01,5.01,4.96,4.99,0.0
5.0,5.01,4.92,5.0,0.0
4.98,5.04,4.97,4.98,-1.0
5.04,5.04,4.89,4.92,-1.0
4.88,4.9,4.73,4.77,1.0
4.77,4.82,4.71,4.8,-1.0
4.8,4.84,4.75,4.78,1.0
4.71,4.76,4.68,4.72,1.0
4.67,4.84,4.66,4.82,-1.0
4.92,4.95,4.86,4.89,-1.0
4.88,4.88,4.79,4.83,-1.0
4.83,4.87,4.78,4.8,1.0
4.83,4.88,4.78,4.88,-1.0
4.87,4.88,4.74,4.77,-1.0
4.75,4.76,4.66,4.68,-1.0
4.77,4.77,4.63,4.65,1.0
4.7,4.96,4.64,4.91,-1.0
4.87,4.95,4.77,4.79,1.0
4.82,4.95,4.78,4.9,-1.0
4.93,4.96,4.88,4.91,-1.0
4.9,4.9,4.85,4.89,-1.0
4.92,4.92,4.84,4.9,1.0
4.89,5.0,4.88,4.96,1.0
4.97,5.04,4.95,5.03,0.0
5.04,5.1,5.0,5.04,1.0
5.0,5.07,4.98,5.04,0.0
5.05,5.13,5.04,5.05,-1.0
5.04,5.05,4.97,4.99,1.0
5.04,5.09,4.97,5.08,-1.0
5.09,5.18,5.01,5.05,1.0
5.0,5.13,4.99,5.12,-1.0
5.13,5.13,5.03,5.06,1.0
5.05,5.17,5.05,5.15,1.0
5.15,5.26,5.13,5.25,1.0
5.25,5.28,5.2,5.26,-1.0
5.27,5.27,5.05,5.08,1.0
5.06,5.14,5.06,5.11,1.0
5.06,5.16,5.0,5.12,-1.0
5.12,5.18,5.01,5.06,1.0
5.02,5.06,4.92,5.04,-1.0
5.04,5.04,4.93,4.93,-1.0
4.92,4.94,4.85,4.89,1.0
4.89,5.04,4.86,5.04,-1.0
4.79,4.79,4.54,4.54,-1.0
4.45,4.49,4.3,4.34,1.0
4.3,4.42,4.3,4.42,0.0
4.4,4.44,4.35,4.4,-1.0
4.39,4.39,4.26,4.32,-1.0
4.32,4.37,4.28,4.29,-1.0
4.29,4.29,4.0,4.06,1.0
4.03,4.12,4.01,4.09,1.0
4.1,4.35,4.05,4.28,-1.0
4.26,4.26,4.15,4.16,-1.0
4.15,4.18,4.1,4.12,1.0
4.11,4.2,4.07,4.19,1.0
4.15,4.33,4.15,4.25,1.0
4.2,4.35,4.18,4.33,1.0
4.28,4.38,4.28,4.34,-1.0
4.33,4.34,4.23,4.25,1.0
4.23,4.46,4.23,4.42,-1.0
4.4,4.43,4.31,4.31,1.0
4.28,4.33,4.23,4.31,1.0
4.28,4.45,4.25,4.41,1.0
4.39,4.55,4.37,4.54,-1.0
4.53,4.57,4.46,4.47,-1.0
4.45,4.45,4.02,4.02,-1.0
3.9,3.9,3.62,3.7,-1.0
3.59,3.6,3.43,3.5,1.0
3.47,3.58,3.47,3.54,-1.0
3.58,3.58,3.22,3.27,0.0
3.27,3.27,3.27,3.27,1.0
3.3,3.4,3.28,3.31,-1.0
3.31,3.36,3.13,3.16,-1.0
3.15,3.15,3.01,3.13,-1.0
3.1,3.13,3.07,3.09,1.0
3.09,3.16,3.07,3.11,1.0
3.11,3.21,3.09,3.2,-1.0
3.2,3.2,3.12,3.17,1.0
3.14,3.25,3.14,3.19,1.0
3.18,3.24,3.18,3.24,1.0
3.24,3.27,3.19,3.27,-1.0
3.27,3.28,3.21,3.21,-1.0
3.2,3.2,3.0,3.01,1.0
3.0,3.13,2.99,3.11,1.0
3.12,3.22,3.1,3.19,-1.0
3.18,3.22,3.12,3.14,1.0
3.11,3.2,3.11,3.13,1.0
3.13,3.21,3.12,3.2,1.0
3.21,3.25,3.19,3.25,-1.0
3.26,3.26,3.11,3.14,1.0
3.14,3.18,3.12,3.17,1.0
3.19,3.25,3.15,3.24,1.0
3.25,3.26,3.16,3.26,-1.0
3.28,3.31,3.23,3.26,1.0
3.24,3.56,3.24,3.48,1.0
3.43,3.5,3.36,3.44,1.0
3.41,3.53,3.4,3.42,1.0
3.39,3.44,3.31,3.4,-1.0
3.42,3.45,3.33,3.33,-1.0
3.33,3.33,3.22,3.23,1.0
3.23,3.25,3.16,3.24,-1.0
3.26,3.28,3.17,3.22,1.0
3.23,3.32,3.15,3.31,1.0
3.3,3.46,3.27,3.43,1.0
3.38,3.41,3.34,3.39,-1.0
3.31,3.31,3.17,3.19,1.0
3.18,3.22,3.16,3.21,1.0
3.22,3.32,3.22,3.29,1.0
3.28,3.44,3.23,3.4,-1.0
3.4,3.45,3.33,3.33,-1.0
3.32,3.37,3.27,3.28,-1.0
3.33,3.43,3.2,3.21,-1.0
3.2,3.2,2.9,2.97,0.0
2.94,2.97,2.89,2.94,1.0
2.96,3.0,2.93,2.98,1.0
2.9,3.01,2.9,2.95,-1.0
2.93,2.95,2.77,2.8,-1.0
2.86,2.9,2.7,2.7,1.0
2.7,2.88,2.7,2.87,-1.0
2.85,2.9,2.81,2.82,1.0
2.81,2.87,2.8,2.85,-1.0
2.86,2.87,2.76,2.78,1.0
2.7,2.77,2.7,2.77,1.0
2.73,2.82,2.73,2.81,1.0
2.78,2.87,2.78,2.86,1.0
2.88,2.9,2.82,2.89,1.0
2.87,3.02,2.85,3.01,1.0
3.0,3.05,2.96,3.05,1.0
3.0,3.08,3.0,3.04,1.0
3.09,3.34,3.09,3.34,1.0
3.5,3.67,3.41,3.67,1.0
3.71,3.95,3.64,3.81,1.0
3.79,4.18,3.77,4.11,1.0
4.15,4.52,4.15,4.52,-1.0
4.5,4.68,4.31,4.49,1.0
4.41,4.54,4.26,4.43,-1.0
4.43,4.49,4.32,4.4,1.0
4.35,4.84,4.2,4.82,-1.0
4.69,4.69,4.38,4.44,1.0
4.4,4.55,4.35,4.49,-1.0
4.49,4.57,4.31,4.48,-1.0
4.48,4.54,4.34,4.37,-1.0
4.37,4.4,4.1,4.28,1.0
4.26,4.6,4.23,4.45,1.0
4.45,4.62,4.42,4.48,-1.0
4.48,4.59,4.2,4.24,-1.0
4.2,4.3,3.9,3.99,1.0
3.96,4.09,3.92,4.01,1.0
3.98,4.12,3.84,4.01,1.0
3.98,4.12,3.91,4.06,1.0
4.05,4.29,3.98,4.19,-1.0
4.22,4.22,4.06,4.1,1.0
4.07,4.15,3.98,4.11,-1.0
4.09,4.09,3.87,3.88,1.0
3.84,3.97,3.82,3.95,1.0
3.95,4.06,3.9,4.03,1.0
4.02,4.35,3.97,4.26,1.0
4.2,4.24,4.12,4.21,-1.0
4.15,4.33,4.07,4.08,1.0
4.06,4.17,3.97,4.14,-1.0
4.13,4.16,4.05,4.09,-1.0
4.09,4.13,4.0,4.0,1.0
3.98,4.07,3.96,4.06,1.0
4.07,4.18,4.04,4.17,1.0
4.17,4.25,4.13,4.21,1.0
4.21,4.32,4.17,4.26,0.0
4.29,4.36,4.25,4.29,1.0
4.29,4.43,4.17,4.37,-1.0
4.35,4.35,4.18,4.26,-1.0
4.22,4.24,4.06,4.09,-1.0
4.06,4.2,3.91,3.97,-1.0
3.94,4.02,3.84,3.86,1.0
3.82,3.94,3.81,3.91,-1.0
3.91,3.91,3.61,3.65,-1.0
3.71,3.73,3.64,3.7,1.0
3.7,3.82,3.68,3.81,-1.0
3.8,3.81,3.66,3.74,-1.0
3.78,3.88,3.65,3.73,1.0
3.7,3.83,3.68,3.83,1.0
3.83,3.96,3.77,3.91,1.0
3.87,3.99,3.87,3.92,-1.0
3.9,3.91,3.73,3.74,1.0
3.68,3.8,3.6,3.7,1.0
3.67,3.97,3.66,3.94,-1.0
3.92,3.97,3.85,3.85,-1.0
3.85,3.92,3.68,3.75,1.0
3.74,3.94,3.69,3.81,-1.0
3.81,3.81,3.68,3.72,-1.0
3.7,3.71,3.57,3.6,-1.0
3.57,3.67,3.4,3.41,1.0
3.38,3.48,3.35,3.44,-1.0
3.44,3.44,3.25,3.3,1.0
3.3,3.39,3.28,3.34,1.0
3.34,3.35,3.23,3.35,1.0
3.32,3.47,3.32,3.44,-1.0
3.42,3.45,3.32,3.37,1.0
3.37,3.45,3.35,3.44,1.0
3.45,3.49,3.38,3.48,1.0
3.46,3.55,3.38,3.51,-1.0
3.48,3.51,3.42,3.42,-1.0
3.4,3.4,3.2,3.22,1.0
3.23,3.28,3.2,3.25,1.0
3.23,3.35,3.22,3.35,1.0
3.35,3.46,3.33,3.4,1.0
3.42,3.55,3.42,3.47,1.0
3.44,3.46,3.39,3.46,1.0
3.41,3.65,3.41,3.58,0.0
3.58,3.58,3.58,3.58,0.0
3.58,3.58,3.58,3.58,0.0
3.58,3.58,3.58,3.58,0.0
3.58,3.58,3.58,3.58,0.0
3.58,3.58,3.58,3.58,0.0
3.58,3.58,3.58,3.58,0.0
3.58,3.58,3.58,3.58,0.0
3.58,3.58,3.58,3.58,0.0
3.58,3.58,3.58,3.58,0.0
3.58,3.58,3.58,3.58,0.0
3.58,3.58,3.58,3.58,0.0
3.3,3.4,3.22,3.3,1.0
3.3,3.49,3.27,3.49,1.0
3.48,3.5,3.38,3.49,-1.0
3.5,3.5,3.42,3.48,-1.0
3.5,3.5,3.4,3.49,-1.0
3.48,3.48,3.38,3.43,-1.0
3.46,3.5,3.42,3.44,0.0
3.44,3.44,3.44,3.44,0.0
3.44,3.44,3.44,3.44,0.0
3.44,3.44,3.44,3.44,0.0
3.44,3.44,3.44,3.44,0.0
3.44,3.44,3.44,3.44,0.0
3.44,3.44,3.44,3.44,0.0
3.44,3.44,3.44,3.44,0.0
3.44,3.44,3.44,3.44,0.0
3.44,3.44,3.44,3.44,0.0
3.44,3.44,3.44,3.44,0.0
3.44,3.44,3.44,3.44,0.0
3.44,3.44,3.44,3.44,0.0
3.44,3.44,3.44,3.44,0.0
3.44,3.44,3.44,3.44,0.0
3.44,3.44,3.44,3.44,1.0
2.9,2.98,2.81,2.94,1.0
2.91,2.96,2.88,2.96,-1.0
2.95,2.95,2.87,2.89,1.0
2.88,2.93,2.85,2.92,-1.0
2.93,2.93,2.89,2.92,-1.0
2.92,2.92,2.83,2.83,0.0
2.8,2.85,2.79,2.8,1.0
2.8,3.08,2.8,3.08,1.0
3.12,3.15,3.03,3.14,-1.0
3.12,3.13,3.03,3.04,-1.0
3.01,3.03,2.92,2.97,1.0
2.93,3.02,2.93,2.94,-1.0
2.93,2.97,2.88,2.92,1.0
2.97,3.07,2.93,3.02,-1.0
3.05,3.05,2.93,2.98,1.0
2.98,3.09,2.94,3.08,-1.0
3.05,3.08,2.98,2.99,1.0
2.98,3.07,2.98,3.03,-1.0
3.03,3.06,2.92,2.99,1.0
3.0,3.05,2.95,3.02,1.0
3.0,3.08,3.0,3.03,1.0
3.02,3.29,3.0,3.18,1.0
3.16,3.28,3.08,3.19,1.0
3.16,3.35,3.13,3.29,1.0
3.3,3.49,3.27,3.47,-1.0
3.46,3.53,3.39,3.44,1.0
3.45,3.71,3.28,3.62,1.0
3.65,3.86,3.6,3.85,-1.0
3.85,3.98,3.68,3.72,1.0
3.7,3.78,3.64,3.77,1.0
3.78,3.88,3.68,3.84,-1.0
3.82,3.82,3.5,3.64,-1.0
3.63,3.68,3.46,3.57,1.0
3.55,3.77,3.53,3.7,-1.0
3.71,3.73,3.55,3.58,1.0
3.58,3.65,3.55,3.63,-1.0
3.62,3.66,3.42,3.46,-1.0
3.47,3.53,3.33,3.39,1.0
3.35,3.55,3.35,3.5,1.0
3.5,3.66,3.42,3.61,1.0
3.61,3.66,3.59,3.63,-1.0
3.66,3.68,3.58,3.58,-1.0
3.56,3.6,3.45,3.53,0.0
3.53,3.53,3.53,3.53,-1.0
3.62,3.65,3.54,3.6,1.0
3.68,3.96,3.65,3.91,1.0
3.85,3.94,3.75,3.87,-1.0
3.84,3.91,3.76,3.77,1.0
3.77,3.86,3.7,3.84,-1.0
3.81,3.84,3.69,3.7,0.0
3.68,3.77,3.66,3.68,1.0
3.7,3.83,3.7,3.75,-1.0
3.76,3.81,3.57,3.61,1.0
3.59,3.73,3.58,3.67,1.0
3.7,4.04,3.7,4.04,-1.0
4.05,4.12,3.92,4.0,-1.0
3.98,4.06,3.92,3.93,1.0
3.95,4.27,3.95,4.07,1.0
4.05,4.15,4.0,4.08,-1.0
4.11,4.12,3.92,4.04,-1.0
4.03,4.05,3.92,3.95,-1.0
4.0,4.1,3.84,3.85,1.0
3.83,3.94,3.74,3.92,-1.0
3.88,3.93,3.8,3.85,1.0
3.87,4.05,3.87,3.95,-1.0
3.95,3.95,3.78,3.88,-1.0
3.88,3.88,3.68,3.71,1.0
3.69,3.85,3.56,3.76,-1.0
3.74,3.75,3.56,3.66,1.0
3.72,3.77,3.59,3.75,1.0
3.75,4.0,3.73,3.98,1.0
4.0,4.15,3.9,4.11,-1.0
4.15,4.19,4.01,4.06,1.0
4.06,4.25,4.03,4.2,0.0
4.2,4.2,4.2,4.2,1.0
4.45,4.5,4.11,4.48,-1.0
4.5,4.62,4.24,4.25,1.0
4.22,4.49,4.11,4.36,1.0
4.36,4.55,4.2,4.53,-1.0
4.55,4.59,4.2,4.23,1.0
4.18,4.6,4.16,4.44,-1.0
4.44,4.44,4.21,4.3,1.0
4.27,4.43,4.23,4.39,1.0
4.36,4.76,4.35,4.6,-1.0
4.58,4.58,4.25,4.26,-1.0
4.26,4.38,3.98,4.05,1.0
4.08,4.19,4.01,4.16,1.0
4.15,4.27,4.13,4.22,1.0
4.24,4.38,4.2,4.36,1.0
4.37,4.46,4.32,4.4,-1.0
4.4,4.5,4.25,4.27,1.0
4.28,4.42,4.2,4.41,1.0
4.42,4.73,4.36,4.58,1.0
4.59,4.72,4.43,4.71,-1.0
4.68,4.7,4.5,4.51,-1.0
4.48,4.51,4.06,4.06,1.0
4.0,4.16,3.98,4.15,-1.0
4.15,4.2,3.98,3.98,1.0
3.92,4.05,3.9,3.97,1.0
3.95,4.1,3.95,4.06,1.0
4.02,4.12,3.98,4.11,-1.0
4.12,4.2,4.04,4.06,1.0
4.12,4.15,4.06,4.14,1.0
4.1,4.16,4.05,4.14,1.0
4.14,4.34,4.06,4.24,-1.0
4.21,4.22,4.07,4.11,-1.0
4.09,4.14,4.05,4.06,1.0
4.05,4.15,4.0,4.13,1.0
4.15,4.31,4.12,4.29,1.0
4.28,4.41,4.23,4.38,1.0
4.34,4.41,4.28,4.35,1.0
4.35,4.55,4.35,4.48,-1.0
4.48,4.49,4.29,4.37,1.0
4.35,4.46,4.3,4.43,1.0
4.43,4.73,4.43,4.56,1.0
4.56,4.73,4.42,4.57,1.0
4.6,4.84,4.59,4.76,-1.0
4.76,4.84,4.65,4.68,1.0
4.62,4.72,4.52,4.69,-1.0
4.65,4.7,4.56,4.63,-1.0
4.63,4.66,4.46,4.49,-1.0
4.46,4.51,4.1,4.12,1.0
4.1,4.24,4.08,4.14,1.0
4.16,4.27,4.12,4.25,-1.0
4.25,4.27,4.15,4.24,-1.0
4.24,4.24,4.04,4.07,1.0
4.05,4.16,4.05,4.14,1.0
4.13,4.21,4.12,4.2,1.0
4.16,4.35,4.03,4.3,1.0
4.29,4.36,4.25,4.32,-1.0
4.32,4.33,4.23,4.31,-1.0
4.32,4.37,4.21,4.22,-1.0
4.2,4.26,4.1,4.15,-1.0
4.13,4.15,4.0,4.02,-1.0
4.02,4.09,3.98,3.98,1.0
3.98,4.06,3.94,4.0,-1.0
4.02,4.05,3.94,3.97,-1.0
3.99,4.1,3.95,3.96,-1.0
3.86,3.92,3.62,3.64,1.0
3.67,3.79,3.66,3.76,-1.0
3.76,3.8,3.71,3.75,1.0
3.73,3.82,3.73,3.81,1.0
3.82,3.88,3.81,3.87,-1.0
3.88,3.89,3.64,3.72,1.0
3.71,3.82,3.67,3.82,1.0
3.82,3.89,3.8,3.88,-1.0
3.88,3.88,3.76,3.81,-1.0
3.82,3.84,3.75,3.78,1.0
3.7,3.81,3.62,3.8,1.0
3.77,3.95,3.76,3.91,-1.0
3.95,3.97,3.83,3.85,1.0
3.85,3.86,3.79,3.86,1.0
3.87,3.99,3.83,3.91,1.0
3.93,4.0,3.9,3.99,-1.0
3.99,4.04,3.93,3.94,1.0
3.92,3.96,3.88,3.95,1.0
3.93,4.01,3.93,3.97,-1.0
3.97,3.97,3.81,3.82,1.0
3.82,3.92,3.82,3.92,-1.0
3.91,3.94,3.87,3.89,1.0
3.89,4.07,3.86,4.07,-1.0
4.08,4.17,4.01,4.05,0.0
4.04,4.12,4.0,4.04,-1.0
4.13,4.13,4.0,4.06,1.0
4.06,4.12,4.01,4.08,-1.0
4.1,4.1,3.96,3.97,-1.0
3.97,4.03,3.9,3.96,1.0
3.99,4.03,3.95,4.01,1.0
4.02,4.11,4.02,4.07,-1.0
4.08,4.15,4.05,4.06,1.0
4.1,4.13,4.04,4.11,-1.0
4.11,4.11,4.04,4.08,-1.0
4.1,4.1,3.98,3.99,1.0
3.93,4.0,3.93,3.96,-1.0
3.96,3.98,3.88,3.92,1.0
3.95,4.01,3.9,3.97,1.0
4.0,4.07,3.98,4.04,1.0
4.04,4.08,4.02,4.06,-1.0
4.11,4.12,4.06,4.1,1.0
4.08,4.25,4.08,4.2,0.0
4.16,4.2,4.11,4.16,-1.0
4.19,4.2,4.1,4.12,1.0
4.15,4.24,4.1,4.18,-1.0
4.18,4.18,4.11,4.11,1.0
4.15,4.23,4.11,4.21,1.0
4.19,4.27,4.15,4.25,0.0
4.25,4.29,4.2,4.25,-1.0
4.27,4.32,4.17,4.17,1.0
4.17,4.4,4.13,4.3,0.0
4.4,4.43,4.28,4.4,-1.0
4.4,4.41,4.24,4.29,-1.0
4.27,4.32,4.18,4.22,-1.0
4.25,4.25,4.14,4.16,1.0
4.15,4.24,4.12,4.23,1.0
4.23,4.33,4.18,4.31,-1.0
4.38,4.39,4.28,4.3,-1.0
4.31,4.33,4.21,4.26,1.0
4.26,4.38,4.23,4.35,0.0
4.37,4.4,4.31,4.37,-1.0
4.37,4.37,4.2,4.24,-1.0
4.24,4.24,4.16,4.17,1.0
4.16,4.22,4.15,4.2,-1.0
4.19,4.21,4.01,4.08,-1.0
4.08,4.08,3.86,3.89,1.0
3.89,4.09,3.88,4.06,1.0
4.06,4.14,4.04,4.09,-1.0
4.07,4.1,3.95,4.0,0.0
4.0,4.04,3.96,4.0,-1.0
4.0,4.05,3.94,3.95,1.0
3.98,4.02,3.88,4.0,1.0
3.95,4.29,3.95,4.23,-1.0
4.22,4.25,4.13,4.18,-1.0
4.2,4.2,4.13,4.19,1.0
4.19,4.34,4.19,4.26,0.0
4.22,4.28,4.19,4.22,1.0
4.18,4.36,4.16,4.3,1.0
4.3,4.5,4.29,4.39,-1.0
4.39,4.41,4.3,4.33,1.0
4.37,4.51,4.33,4.44,1.0
4.43,4.55,4.38,4.51,-1.0
4.46,4.51,4.2,4.33,-1.0
4.36,4.39,4.24,4.25,-1.0
4.21,4.33,4.11,4.11,1.0
4.18,4.24,4.11,4.23,-1.0
4.22,4.23,4.12,4.18,1.0
4.18,4.22,4.13,4.2,1.0
4.2,4.39,4.18,4.38,-1.0
4.36,4.42,4.3,4.33,1.0
4.57,4.76,4.57,4.76,-1.0
4.91,4.99,4.72,4.86,1.0
4.8,5.3,4.75,5.11,-1.0
5.08,5.28,4.92,5.01,1.0
4.92,5.23,4.91,5.12,-1.0
5.13,5.28,5.05,5.08,-1.0
5.08,5.17,4.88,5.02,1.0
5.02,5.13,4.94,5.05,-1.0
5.05,5.05,4.7,4.71,-1.0
4.7,4.79,4.64,4.67,1.0
4.7,4.95,4.58,4.74,1.0
4.73,5.02,4.71,5.0,1.0
4.98,5.17,4.93,5.14,0.0
5.14,5.19,5.06,5.14,1.0
5.2,5.5,5.18,5.45,-1.0
5.48,5.65,5.33,5.34,-1.0
5.3,5.4,5.0,5.01,1.0
5.02,5.35,5.02,5.32,1.0
5.34,5.5,5.27,5.48,-1.0
5.48,5.74,5.33,5.37,1.0
5.36,5.47,5.18,5.46,1.0
5.51,5.68,5.45,5.64,1.0
5.71,5.8,5.64,5.8,1.0
5.8,6.3,5.61,6.11,1.0
6.05,6.12,5.89,6.06,-1.0
6.0,6.15,5.61,5.88,1.0
5.8,5.94,5.54,5.87,1.0
6.0,6.15,5.93,6.13,-1.0
6.13,6.25,5.93,5.97,-1.0
5.87,5.98,5.52,5.55,0.0
5.55,5.55,5.55,5.55,-1.0
5.67,5.83,5.6,5.64,1.0
6.0,6.2,6.0,6.2,1.0
6.16,6.68,6.02,6.4,1.0
6.4,6.47,6.28,6.47,1.0
6.5,6.8,6.48,6.54,1.0
6.51,6.72,6.32,6.56,1.0
6.52,6.72,6.42,6.65,0.0
6.68,6.73,6.55,6.68,1.0
6.7,7.12,6.69,6.86,1.0
6.88,6.98,6.76,6.9,1.0
6.9,7.11,6.9,7.02,1.0
7.1,7.45,7.03,7.45,-1.0
7.5,7.5,6.71,6.71,1.0
6.65,7.12,6.51,7.1,-1.0
7.01,7.01,6.53,6.68,1.0
6.6,6.94,6.6,6.77,1.0
6.76,7.16,6.64,7.15,-1.0
7.12,7.19,6.92,7.03,1.0
7.01,7.23,7.01,7.13,1.0
7.19,7.6,7.11,7.52,1.0
7.48,7.58,7.28,7.49,1.0
7.5,7.82,7.34,7.72,-1.0
7.65,7.8,7.56,7.59,-1.0
7.53,7.7,7.21,7.47,1.0
7.43,7.66,7.4,7.52,-1.0
7.52,7.65,7.21,7.31,1.0
7.02,7.57,7.01,7.42,1.0
7.5,7.65,7.44,7.52,1.0
7.58,7.95,7.51,7.87,-1.0
7.93,7.98,7.73,7.79,1.0
7.81,8.09,7.73,8.03,1.0
8.15,8.39,8.1,8.32,1.0
8.37,8.45,8.16,8.44,1.0
7.98,8.2,7.62,8.08,-1.0
8.09,8.24,7.65,7.69,1.0
7.6,7.78,7.5,7.71,1.0
7.72,7.86,7.61,7.83,1.0
7.89,7.94,7.8,7.9,-1.0
7.9,7.91,7.74,7.85,1.0
7.86,8.13,7.85,8.1,1.0
8.08,8.24,7.95,8.19,1.0
8.26,8.54,8.25,8.49,1.0
8.54,8.6,8.12,8.59,1.0
8.63,8.95,8.53,8.75,0.0
8.74,8.88,8.52,8.74,-1.0
8.74,8.75,8.4,8.48,1.0
8.46,8.68,8.41,8.68,1.0
8.68,9.1,8.63,9.06,1.0
9.11,9.2,8.87,9.13,-1.0
9.13,9.13,8.22,8.29,1.0
8.39,8.79,8.39,8.76,1.0
8.9,9.36,8.83,9.23,1.0
9.29,9.64,9.11,9.44,-1.0
9.22,9.33,8.9,9.09,0.0
9.09,9.09,9.09,9.09,-1.0
9.0,9.17,8.58,8.78,1.0
8.75,9.21,8.71,9.13,1.0
9.27,10.04,9.1,10.04,-1.0
10.3,10.43,9.5,10.09,1.0
10.07,10.41,9.78,10.15,1.0
10.05,10.97,9.82,10.79,1.0
10.51,11.76,10.41,11.17,-1.0
11.1,11.53,10.8,10.86,1.0
10.7,11.2,10.62,11.15,-1.0
12.2,12.2,11.19,11.35,-1.0
11.28,11.28,10.8,10.99,1.0
10.5,11.2,10.25,10.99,1.0
11.06,12.0,11.0,11.82,-1.0
12.3,12.85,12.12,12.29,-1.0
12.33,12.42,11.68,11.96,1.0
11.8,12.4,11.8,12.07,-1.0
12.2,12.38,11.9,12.12,-1.0
12.25,12.3,11.8,12.08,0.0
10.87,11.9,10.87,10.87,-1.0
10.29,10.64,9.78,9.93,0.0
9.93,9.93,9.93,9.93,0.0
8.94,9.2,8.94,8.94,1.0
8.05,8.6,8.05,8.57,-1.0
8.59,9.18,7.9,8.55,1.0
8.51,8.86,8.4,8.85,1.0
8.87,9.04,8.69,8.89,-1.0
8.89,8.99,8.65,8.75,1.0
8.78,9.63,8.76,9.63,1.0
9.82,10.19,9.43,9.89,-1.0
9.7,9.8,9.34,9.37,1.0
9.2,9.6,9.15,9.25,1.0
9.32,9.6,9.32,9.36,1.0
9.46,9.53,9.11,9.51,1.0
9.53,10.46,9.43,10.2,1.0
10.39,11.0,10.35,10.98,-1.0
10.68,10.68,9.88,9.88,-1.0
9.69,9.69,8.8,8.8,1.0
7.92,9.29,7.92,9.12,-1.0
9.0,9.2,8.4,8.98,-1.0
8.99,9.0,8.08,8.08,-1.0
7.6,7.8,7.27,7.34,1.0
7.37,7.68,6.85,7.48,-1.0
7.59,7.63,7.28,7.55,1.0
7.55,7.82,7.42,7.56,-1.0
7.5,7.5,7.03,7.27,1.0
7.5,8.0,7.5,7.92,1.0
7.79,8.11,7.61,8.0,-1.0
8.0,8.13,7.79,7.83,1.0
7.78,7.96,7.71,7.85,-1.0
7.83,7.97,7.78,7.81,0.0
7.81,7.81,7.81,7.81,-1.0
7.81,7.81,7.3,7.3,1.0
7.2,7.49,7.18,7.42,-1.0
7.38,7.5,7.2,7.35,1.0
7.39,7.65,7.22,7.47,1.0
7.4,7.8,7.4,7.7,1.0
7.61,8.16,7.6,8.15,-1.0
8.2,8.3,8.04,8.06,1.0
8.07,8.41,8.07,8.39,1.0
8.38,8.65,8.21,8.54,1.0
8.58,8.69,8.4,8.63,1.0
8.4,9.15,8.4,8.95,1.0
8.94,9.14,8.81,9.14,-1.0
9.2,9.27,8.4,8.42,1.0
8.62,9.26,8.61,9.26,-1.0
9.8,10.0,9.38,9.45,1.0
9.39,9.98,9.39,9.61,-1.0
9.63,9.67,9.26,9.37,-1.0
9.27,9.28,8.78,9.02,1.0
9.01,9.1,8.9,9.07,-1.0
9.05,9.08,8.55,8.83,1.0
8.84,9.0,8.62,8.91,1.0
8.8,9.49,8.8,9.41,-1.0
9.46,9.46,8.8,9.38,1.0
9.5,9.88,9.35,9.7,-1.0
9.6,9.82,9.35,9.38,1.0
9.6,9.75,9.5,9.68,1.0
9.7,9.95,9.7,9.77,1.0
9.52,9.9,9.52,9.78,1.0
9.81,9.98,9.72,9.98,-1.0
10.1,10.18,9.83,9.88,-1.0
9.94,10.06,9.53,9.65,1.0
9.67,9.8,9.52,9.73,1.0
9.6,10.7,9.56,10.42,1.0
10.45,10.66,10.17,10.52,1.0
10.46,10.83,10.46,10.54,1.0
10.7,10.98,10.58,10.75,1.0
10.78,11.19,10.61,10.99,-1.0
10.96,11.05,10.61,10.86,-1.0
11.06,11.06,10.75,10.85,-1.0
10.84,10.84,10.19,10.4,1.0
10.3,11.38,10.25,11.2,-1.0
11.2,11.33,10.08,10.13,1.0
10.03,10.4,9.8,10.25,1.0
10.43,10.99,10.28,10.87,1.0
10.97,11.86,10.71,11.68,0.0
11.7,11.99,11.57,11.7,1.0
11.73,12.17,11.52,11.82,-1.0
11.82,11.97,11.3,11.4,1.0
11.5,11.8,11.28,11.8,1.0
12.0,12.5,11.93,12.37,1.0
12.03,12.47,11.8,12.05,-1.0
11.98,12.0,11.58,11.78,1.0
12.0,12.96,11.99,12.43,-1.0
12.0,12.3,11.61,11.93,1.0
11.96,12.5,11.96,12.37,-1.0
12.57,12.67,12.2,12.27,1.0
12.08,12.36,12.06,12.19,-1.0
12.45,12.7,11.78,11.86,-1.0
11.86,11.98,11.49,11.54,-1.0
11.52,11.78,10.8,11.49,-1.0
11.5,11.72,11.21,11.4,1.0
11.41,11.88,11.3,11.81,1.0
11.84,12.5,11.58,12.19,-1.0
12.01,12.3,11.6,11.61,-1.0
11.75,11.95,11.52,11.67,1.0
11.8,12.35,11.76,12.07,1.0
12.06,12.18,11.56,12.09,-1.0
12.16,12.45,11.86,12.0,-1.0
11.76,11.78,10.8,10.8,-1.0
10.7,10.96,10.12,10.5,1.0
10.78,11.14,10.46,11.12,1.0
11.02,11.28,10.91,11.19,1.0
11.35,11.65,11.2,11.47,-1.0
11.63,11.8,11.12,11.14,1.0
11.0,11.97,10.78,11.95,1.0
11.95,12.83,11.8,12.41,-1.0
13.65,13.65,11.22,11.87,1.0
11.98,12.72,11.9,12.12,0.0
12.12,12.12,12.12,12.12,0.0
12.12,12.12,12.12,12.12,0.0
12.12,12.12,12.12,12.12,0.0
12.12,12.12,12.12,12.12,1.0
11.49,12.06,11.1,11.92,-1.0
11.75,11.76,11.18,11.26,1.0
11.12,11.59,11.11,11.43,1.0
11.35,11.86,11.35,11.74,1.0
11.69,12.91,11.69,12.62,1.0
12.0,12.77,11.68,12.14,-1.0
11.72,11.98,10.93,10.93,1.0
10.53,10.85,10.41,10.82,-1.0
11.0,11.15,10.52,10.56,-1.0
10.37,10.56,10.18,10.21,-1.0
10.26,10.42,10.01,10.16,1.0
10.26,10.7,10.26,10.59,-1.0
10.61,10.72,10.23,10.42,1.0
10.25,10.58,10.25,10.43,-1.0
10.46,10.59,10.39,10.45,1.0
10.48,10.75,10.4,10.63,-1.0
10.63,10.65,10.42,10.51,1.0
10.51,10.79,10.51,10.74,1.0
10.65,11.65,10.51,11.57,1.0
11.53,11.75,11.4,11.59,1.0
11.58,11.82,11.48,11.61,-1.0
11.59,12.16,11.3,11.44,1.0
11.44,12.06,11.35,11.95,-1.0
12.09,12.28,11.75,11.78,1.0
11.87,12.05,11.75,11.94,1.0
12.04,12.35,11.96,12.24,1.0
12.26,12.98,12.25,12.81,1.0
12.7,13.3,12.6,13.28,-1.0
13.56,14.1,13.31,13.43,1.0
13.5,14.0,13.13,13.81,-1.0
13.97,14.05,13.57,13.82,1.0
14.1,14.44,13.9,14.24,1.0
14.24,14.65,14.1,14.28,1.0
14.47,15.35,14.02,15.29,-1.0
15.19,15.6,14.9,15.09,-1.0
15.1,15.3,14.55,14.73,1.0
14.6,16.2,14.5,16.18,0.0
16.18,16.18,16.18,16.18,0.0
16.18,16.18,16.18,16.18,-1.0
17.08,17.8,16.37,16.51,1.0
16.56,17.19,16.31,16.95,1.0
16.88,17.65,16.61,17.5,-1.0
17.71,18.5,17.51,17.69,1.0
17.0,18.04,16.98,17.35,-1.0
17.35,17.69,15.69,16.33,1.0
16.12,16.58,15.85,16.23,-1.0
16.26,16.5,15.31,15.54,-1.0
14.9,15.09,13.99,13.99,1.0
14.1,15.1,14.08,14.85,1.0
14.88,15.88,14.75,15.69,1.0
15.6,16.48,15.45,16.11,-1.0
15.9,16.08,14.5,14.5,1.0
14.33,15.14,14.33,14.82,-1.0
15.0,15.2,14.1,14.79,-1.0
14.55,15.0,13.67,13.94,-1.0
13.84,14.05,12.6,12.88,1.0
13.2,14.17,13.2,14.17,1.0
14.2,15.28,14.18,14.84,1.0
14.78,15.5,14.1,14.94,1.0
14.88,15.39,14.8,15.03,1.0
14.9,15.84,14.8,15.8,1.0
15.85,16.98,15.85,16.58,1.0
16.5,16.79,16.32,16.59,-1.0
16.55,16.9,16.18,16.24,1.0
16.1,16.55,15.86,16.46,-1.0
16.31,16.7,15.81,16.07,-1.0
16.2,16.5,15.7,15.98,-1.0
16.38,16.7,15.68,16.18,-1.0
16.41,16.7,16.1,16.34,-1.0
16.49,16.6,15.69,16.06,1.0
16.0,17.35,15.95,17.22,1.0
17.1,17.89,16.95,17.56,1.0
17.52,18.2,17.12,17.76,-1.0
17.63,17.94,16.99,17.36,-1.0
17.54,17.7,17.11,17.2,1.0
17.24,17.47,16.91,17.28,-1.0
17.28,17.28,15.74,16.18,1.0
16.0,16.86,15.55,16.79,-1.0
17.3,17.75,17.0,17.17,1.0
16.8,17.33,16.35,16.88,1.0
17.0,17.85,16.75,17.63,-1.0
17.71,17.71,15.87,15.93,-1.0
15.53,15.88,14.34,14.68,1.0
14.82,15.8,14.82,15.5,1.0
15.38,16.65,14.61,16.33,1.0
16.35,17.1,16.05,16.61,-1.0
16.7,17.28,16.35,16.41,1.0
15.89,16.9,15.65,16.7,1.0
16.46,17.25,16.46,16.7,-1.0
16.45,16.5,15.75,15.96,-1.0
15.94,16.09,15.1,15.53,-1.0
15.0,15.74,13.98,14.0,-1.0
13.9,14.3,12.6,12.6,-1.0
12.62,12.85,11.45,11.81,1.0
11.6,12.7,11.21,12.55,1.0
12.3,13.75,12.1,13.69,1.0
13.7,14.68,13.51,14.41,-1.0
14.39,14.63,13.2,13.26,1.0
13.15,14.16,13.0,14.15,1.0
14.36,14.85,14.28,14.7,-1.0
14.2,14.6,13.4,13.65,1.0
13.5,14.68,13.5,14.66,1.0
14.66,15.18,14.51,14.75,-1.0
14.7,14.98,13.55,14.28,-1.0
14.0,14.5,13.25,13.31,-1.0
14.64,14.64,13.1,13.4,1.0
13.3,13.7,12.75,13.6,1.0
13.63,14.55,13.4,14.45,-1.0
15.9,15.9,14.72,15.56,1.0
15.4,16.3,14.6,15.41,1.0
15.0,15.65,14.87,15.15,-1.0
15.15,15.4,14.65,14.79,1.0
14.68,15.4,14.68,15.08,1.0
15.16,15.76,15.09,15.49,1.0
15.39,16.38,15.16,16.04,-1.0
15.8,16.18,15.1,15.14,1.0
15.12,15.84,14.81,15.8,1.0
15.8,16.6,15.68,16.45,1.0
16.3,16.97,16.05,16.56,1.0
16.05,17.4,16.05,17.23,-1.0
17.38,17.89,16.52,16.7,-1.0
16.65,17.1,16.19,16.21,-1.0
16.19,16.5,15.5,15.9,0.0
15.9,15.9,15.9,15.9,-1.0
16.48,17.08,15.2,15.37,1.0
15.0,16.0,14.01,15.89,-1.0
15.53,15.7,15.2,15.4,-1.0
15.29,15.45,14.01,14.39,-1.0
14.48,14.51,13.71,14.46,1.0
14.3,14.65,14.08,14.61,1.0
14.78,15.09,14.61,14.89,-1.0
14.9,15.24,14.31,14.37,-1.0
14.37,14.7,14.02,14.21,-1.0
14.19,14.19,13.75,13.85,1.0
13.88,14.08,13.75,13.96,-1.0
13.96,14.1,13.25,13.32,1.0
13.18,13.55,13.18,13.43,1.0
13.5,13.75,13.36,13.51,-1.0
13.11,13.15,12.16,12.23,1.0
12.1,12.54,11.61,12.13,-1.0
12.38,12.38,11.65,11.82,-1.0
11.86,12.13,11.71,11.79,-1.0
11.78,12.0,11.23,11.4,-1.0
11.4,11.55,10.26,10.26,1.0
10.17,11.1,9.31,10.95,-1.0
10.75,11.19,9.86,9.86,1.0
9.9,10.85,9.54,10.59,1.0
10.5,10.85,10.07,10.61,1.0
10.55,11.09,10.41,11.02,1.0
11.1,11.45,10.82,11.29,1.0
11.22,11.55,11.1,11.37,-1.0
10.8,10.88,10.23,10.23,-1.0
10.03,10.31,9.31,9.6,-1.0
9.75,9.79,8.8,8.97,1.0
9.0,9.32,8.9,9.16,1.0
9.12,9.79,8.9,9.63,-1.0
9.63,9.76,9.2,9.41,1.0
9.51,10.35,9.5,10.35,1.0
10.4,10.83,10.29,10.78,1.0
10.8,11.05,10.7,11.02,1.0
11.0,11.69,10.65,11.14,1.0
11.15,11.46,10.88,11.16,0.0
11.28,11.67,11.1,11.28,-1.0
7.42,7.62,7.15,7.16,-1.0
7.0,7.01,6.5,6.65,-1.0
6.8,6.97,6.55,6.55,1.0
6.62,7.21,6.56,7.06,1.0
7.15,7.77,7.15,7.77,-1.0
8.08,8.44,7.87,8.02,-1.0
8.0,8.18,7.71,7.86,1.0
7.86,8.4,7.77,8.38,1.0
8.11,8.35,8.08,8.13,0.0
8.14,8.25,8.0,8.14,-1.0
8.0,8.08,7.71,7.75,-1.0
7.95,7.96,7.71,7.75,-1.0
7.76,7.83,7.21,7.24,1.0
7.21,7.45,6.91,7.4,-1.0
7.3,7.56,7.12,7.24,-1.0
7.23,7.44,7.03,7.21,-1.0
7.26,7.33,7.07,7.15,1.0
7.04,7.36,7.04,7.3,-1.0
7.4,7.44,6.7,6.77,-1.0
6.8,7.0,6.09,6.2,1.0
6.2,6.35,6.01,6.3,1.0
6.28,6.45,6.11,6.35,1.0
6.35,6.63,6.26,6.56,-1.0
6.51,6.59,6.43,6.47,-1.0
6.55,6.55,6.02,6.03,1.0
5.98,6.24,5.9,6.23,1.0
6.23,6.85,6.06,6.79,-1.0
6.7,6.77,6.35,6.39,-1.0
6.28,6.48,6.08,6.25,-1.0
6.28,6.35,6.0,6.18,-1.0
6.15,6.17,5.9,6.0,1.0
5.97,6.12,5.68,6.0,-1.0
6.07,6.07,5.9,5.95,1.0
5.95,6.22,5.95,6.12,1.0
6.07,6.19,6.02,6.11,-1.0
6.16,6.17,6.0,6.1,1.0
6.02,6.12,5.99,6.05,1.0
6.0,6.21,6.0,6.13,1.0
6.01,6.09,5.92,6.02,-1.0
6.0,6.08,5.42,5.42,0.0
5.42,5.42,5.42,5.42,-1.0
5.42,5.65,5.27,5.38,-1.0
5.38,5.45,5.18,5.2,1.0
5.22,5.5,5.08,5.5,-1.0
5.59,5.62,5.31,5.53,1.0
5.5,5.68,5.35,5.56,-1.0
5.54,5.54,5.01,5.32,1.0
5.8,5.85,5.65,5.85,1.0
6.19,6.44,5.87,6.3,1.0
6.1,6.4,5.96,6.2,1.0
6.23,6.57,6.01,6.54,1.0
6.42,6.68,6.36,6.43,-1.0
6.42,6.47,6.06,6.17,-1.0
6.05,6.05,5.88,5.91,1.0
5.51,6.0,5.51,5.95,-1.0
5.78,5.93,5.62,5.74,-1.0
5.95,5.97,5.71,5.86,-1.0
5.52,5.78,5.27,5.27,1.0
5.05,5.18,4.77,5.14,-1.0
5.3,5.4,4.79,4.79,1.0
4.71,4.86,4.41,4.75,-1.0
4.52,4.57,4.28,4.29,1.0
4.33,4.39,4.06,4.35,1.0
4.25,4.52,4.13,4.44,1.0
4.42,4.7,4.4,4.54,-1.0
4.44,4.54,4.36,4.36,1.0
4.3,4.52,4.23,4.5,-1.0
4.52,4.55,4.38,4.45,-1.0
4.39,4.39,4.01,4.01,1.0
3.83,4.15,3.83,4.09,-1.0
4.18,4.18,3.83,3.88,1.0
4.0,4.06,3.8,4.04,1.0
4.1,4.43,4.06,4.37,1.0
4.4,4.54,4.2,4.45,-1.0
4.37,4.57,4.28,4.31,1.0
4.38,4.74,4.33,4.74,-1.0
4.62,4.89,4.54,4.57,1.0
4.42,4.7,4.39,4.59,1.0
4.74,5.05,4.73,5.05,1.0
5.16,5.56,5.11,5.28,1.0
5.18,5.75,5.1,5.69,1.0
5.56,6.05,5.48,5.76,1.0
5.71,6.29,5.7,6.08,1.0
6.06,6.68,5.95,6.6,-1.0
6.46,6.69,5.94,5.94,1.0
5.79,6.5,5.65,6.42,1.0
6.1,6.74,5.96,6.31,1.0
5.98,6.88,5.91,6.64,-1.0
6.68,7.3,6.21,6.26,-1.0
6.35,6.48,5.99,6.16,1.0
6.15,6.5,6.08,6.3,-1.0
6.78,6.92,6.42,6.68,1.0
6.51,6.96,6.43,6.86,1.0
6.9,7.29,6.58,7.27,1.0
7.0,7.35,6.91,7.19,1.0
7.2,7.36,7.01,7.27,-1.0
7.35,7.38,6.9,6.98,1.0
6.83,6.98,6.69,6.88,1.0
6.92,7.23,6.92,7.17,-1.0
7.21,7.49,6.9,7.06,1.0
7.08,7.56,7.0,7.49,-1.0
7.4,7.53,7.25,7.27,-1.0
7.19,7.29,6.54,6.62,1.0
6.85,6.99,6.62,6.89,1.0
6.75,7.16,6.75,7.14,1.0
7.16,7.47,7.15,7.22,1.0
7.27,7.5,7.2,7.33,1.0
7.3,7.59,7.24,7.51,1.0
7.53,7.78,7.5,7.7,-1.0
7.69,7.69,7.18,7.26,-1.0
7.16,7.25,6.9,7.05,-1.0
7.05,7.2,6.92,7.0,-1.0
7.07,7.12,6.75,6.9,0.0
6.9,6.9,6.9,6.9,1.0
7.01,7.38,7.01,7.19,1.0
7.22,7.42,7.1,7.3,1.0
7.46,8.03,7.4,8.03,1.0
8.0,8.36,7.81,8.32,-1.0
8.25,8.38,8.02,8.11,1.0
7.9,8.09,7.7,8.03,-1.0
8.18,8.18,7.91,8.11,1.0
8.16,8.4,7.98,8.29,-1.0
8.19,8.19,7.72,7.73,1.0
7.73,8.17,7.73,8.11,-1.0
8.08,8.5,7.79,7.81,1.0
7.76,8.07,7.7,7.87,-1.0
7.86,8.12,7.55,7.64,1.0
7.66,8.24,7.64,8.19,1.0
8.1,8.45,7.97,8.26,1.0
8.16,8.44,8.16,8.4,1.0
8.35,8.59,8.21,8.56,1.0
8.65,9.3,8.65,8.95,-1.0
8.98,9.06,8.77,8.94,1.0
8.91,8.95,8.7,8.93,-1.0
8.93,8.95,8.4,8.59,1.0
8.62,8.8,8.56,8.79,1.0
8.96,9.47,8.9,9.45,1.0
9.47,10.2,9.21,9.89,1.0
9.68,10.79,9.5,10.29,-1.0
10.6,10.6,9.7,10.55,1.0
10.39,11.02,10.39,10.9,1.0
10.9,11.35,10.66,11.05,-1.0
11.0,11.0,10.15,10.45,-1.0
10.3,10.85,10.1,10.22,1.0
10.25,11.2,10.25,11.18,1.0
11.22,12.16,11.16,11.52,1.0
11.5,12.16,10.9,11.82,1.0
11.78,12.1,11.48,11.82,-1.0
11.86,12.1,11.1,11.37,-1.0
11.36,11.48,10.23,10.25,1.0
9.76,10.72,9.76,10.49,1.0
10.36,11.54,10.21,11.54,1.0
11.54,12.15,11.3,11.69,1.0
11.5,12.27,11.5,12.14,-1.0
12.22,12.3,11.48,11.89,1.0
11.7,12.2,11.56,11.91,-1.0
11.85,11.97,10.72,10.74,1.0
10.52,11.0,10.52,10.98,-1.0
11.06,11.2,10.81,11.02,-1.0
11.0,11.2,10.37,10.71,-1.0
10.8,10.93,10.4,10.48,1.0
10.5,10.78,10.24,10.75,1.0
10.72,11.34,10.66,11.27,1.0
11.29,11.74,11.13,11.4,1.0
11.45,11.55,11.32,11.46,-1.0
11.3,11.5,10.81,11.1,1.0
11.01,11.53,10.87,11.33,1.0
11.55,11.97,11.4,11.62,-1.0
11.45,11.86,11.4,11.41,-1.0
11.5,11.51,10.55,10.99,-1.0
11.0,11.0,10.55,10.87,-1.0
10.87,11.05,10.7,10.8,1.0
10.56,11.09,10.56,11.08,1.0
11.13,11.55,11.13,11.42,1.0
11.45,11.75,11.4,11.59,-1.0
11.85,11.99,11.58,11.78,1.0
11.75,12.9,11.75,12.83,-1.0
12.6,12.85,12.15,12.18,1.0
12.18,13.06,12.1,13.03,1.0
13.1,13.89,13.1,13.51,-1.0
13.8,13.94,13.22,13.64,1.0
13.4,13.8,13.3,13.47,-1.0
13.48,13.8,13.16,13.46,-1.0
13.46,13.46,12.99,13.06,-1.0
13.0,13.33,12.5,12.71,1.0
12.6,13.14,12.5,13.13,-1.0
12.9,13.0,12.62,12.84,-1.0
12.98,13.49,11.8,12.36,0.0
12.36,12.36,12.36,12.36,1.0
12.98,13.6,12.98,13.6,-1.0
13.88,13.88,12.24,12.48,-1.0
12.35,12.5,11.89,12.25,1.0
12.25,12.68,12.0,12.51,1.0
13.0,13.44,12.71,13.27,1.0
13.45,13.6,13.2,13.56,1.0
13.6,14.27,13.34,13.93,1.0
13.81,14.08,13.8,14.03,-1.0
14.08,14.1,12.83,13.42,-1.0
13.38,13.48,12.72,13.16,-1.0
13.17,13.22,12.4,12.45,1.0
12.45,12.85,12.41,12.8,-1.0
12.8,12.8,12.53,12.59,1.0
12.6,12.8,12.56,12.68,1.0
12.6,12.96,12.59,12.69,-1.0
12.5,12.65,12.08,12.27,-1.0
12.41,12.48,12.09,12.25,1.0
12.26,12.6,12.09,12.47,-1.0
12.38,12.57,12.08,12.13,1.0
12.05,12.25,12.03,12.19,-1.0
11.9,11.9,11.6,11.74,1.0
11.64,12.1,11.62,11.97,-1.0
12.0,12.22,11.8,11.99,1.0
12.15,12.3,12.01,12.29,-1.0
12.34,12.34,12.17,12.24,1.0
12.31,12.52,12.25,12.32,1.0
12.33,12.44,12.0,12.36,-1.0
12.4,12.45,12.0,12.11,-1.0
12.11,12.13,11.7,11.77,-1.0
11.77,11.79,11.06,11.44,1.0
11.35,11.84,11.23,11.7,-1.0
11.6,11.64,11.37,11.41,-1.0
11.43,11.49,11.08,11.21,1.0
11.11,11.32,11.11,11.26,1.0
11.25,11.63,11.15,11.6,1.0
11.48,11.72,11.47,11.63,1.0
11.71,11.98,11.63,11.87,-1.0
11.83,11.98,11.61,11.78,1.0
11.85,12.28,11.65,12.24,1.0
12.03,12.97,11.99,12.63,1.0
12.49,12.95,12.41,12.68,-1.0
12.69,12.83,12.37,12.44,-1.0
12.42,12.62,12.26,12.29,-1.0
12.4,12.55,12.09,12.39,-1.0
12.43,12.48,12.1,12.19,1.0
12.1,12.28,12.08,12.21,-1.0
12.22,12.32,12.11,12.2,1.0
12.15,12.74,12.08,12.7,-1.0
12.76,12.84,12.31,12.36,1.0
12.35,12.5,12.32,12.38,1.0
12.36,12.72,12.28,12.58,1.0
12.71,13.11,12.65,13.09,-1.0
13.12,13.4,12.85,12.91,1.0
12.93,13.24,12.85,13.04,1.0
13.14,13.56,12.98,13.46,-1.0
13.48,13.81,13.29,13.44,-1.0
13.46,13.6,13.02,13.07,1.0
13.03,13.22,12.95,13.17,1.0
13.18,13.38,13.03,13.37,-1.0
13.35,13.36,12.8,12.85,1.0
12.84,13.35,12.8,13.15,0.0
13.15,13.38,12.87,13.15,1.0
13.15,13.6,12.99,13.57,1.0
13.86,14.19,13.76,13.87,1.0
13.78,13.95,13.51,13.94,-1.0
13.98,14.16,12.55,13.0,1.0
13.23,13.6,12.61,13.52,1.0
13.25,13.48,12.9,13.3,-1.0
13.2,13.2,12.93,13.06,1.0
13.0,13.78,13.0,13.77,-1.0
13.66,13.71,13.25,13.57,-1.0
13.37,13.44,12.9,13.02,-1.0
13.0,13.2,12.4,12.47,-1.0
12.6,12.74,12.13,12.36,1.0
12.41,12.5,12.24,12.45,-1.0
12.43,12.51,11.61,11.66,1.0
11.65,11.8,11.33,11.69,-1.0
11.65,11.74,11.15,11.17,-1.0
11.06,11.06,10.57,10.88,1.0
10.9,11.16,10.75,11.14,-1.0
11.09,11.11,10.03,10.12,1.0
10.18,10.57,10.07,10.5,1.0
10.55,11.44,10.42,11.32,1.0
11.23,11.5,11.03,11.42,1.0
11.3,11.41,10.78,11.39,0.0
11.39,11.39,11.39,11.39,-1.0
11.65,11.88,11.38,11.49,-1.0
11.41,11.49,10.76,10.78,-1.0
10.69,10.69,10.15,10.17,1.0
10.1,10.35,10.06,10.3,1.0
10.2,10.37,10.09,10.29,1.0
10.28,10.84,10.21,10.78,1.0
10.74,10.87,10.61,10.8,-1.0
10.8,11.06,10.67,10.76,1.0
10.86,11.13,10.66,11.05,1.0
11.04,11.08,10.83,11.06,1.0
11.0,11.43,10.91,11.26,1.0
11.16,11.31,11.0,11.22,0.0
11.22,11.22,11.22,11.22,-1.0
11.36,11.46,11.1,11.3,1.0
11.29,11.59,11.16,11.51,1.0
11.49,11.9,11.46,11.83,-1.0
11.83,11.89,11.31,11.44,-1.0
11.31,11.37,10.93,11.27,-1.0
11.19,11.38,10.95,10.96,-1.0
10.99,11.06,10.48,10.52,1.0
10.37,10.7,10.31,10.57,-1.0
10.6,10.7,10.5,10.52,1.0
10.59,10.68,10.42,10.6,-1.0
10.91,11.27,10.67,10.87,1.0
10.71,10.95,10.51,10.87,1.0
10.8,11.3,10.8,11.28,-1.0
11.26,11.26,11.0,11.05,1.0
11.03,11.26,11.01,11.2,-1.0
11.53,11.65,11.27,11.39,-1.0
11.45,11.49,11.12,11.25,-1.0
11.29,11.32,11.02,11.17,1.0
11.11,11.44,11.11,11.43,1.0
11.48,11.55,11.33,11.54,-1.0
11.58,11.85,11.54,11.56,1.0
11.45,11.62,11.39,11.59,1.0
11.53,11.76,11.53,11.64,1.0
11.64,11.79,11.49,11.71,-1.0
11.64,11.64,11.26,11.27,1.0
11.4,11.47,11.18,11.42,-1.0
11.2,11.27,11.08,11.12,-1.0
11.28,11.39,11.11,11.12,1.0
10.95,11.41,10.82,11.41,1.0
11.44,11.75,11.44,11.72,-1.0
11.75,11.79,11.57,11.61,1.0
11.65,12.58,11.61,12.36,1.0
12.42,13.45,12.42,13.03,1.0
13.25,13.56,13.01,13.47,-1.0
13.55,13.68,13.25,13.46,1.0
13.57,14.18,13.3,13.91,1.0
13.8,14.25,13.69,13.98,0.0
13.98,13.98,13.98,13.98,1.0
14.25,15.38,14.25,15.38,-1.0
15.78,15.86,15.1,15.72,1.0
15.55,16.7,15.25,16.31,1.0
16.05,17.52,16.05,17.49,1.0
17.48,18.52,16.72,18.18,1.0
17.97,18.68,17.7,18.02,-1.0
17.95,18.05,16.31,16.61,1.0
16.58,18.09,16.41,17.98,-1.0
17.91,17.91,16.3,16.4,1.0
16.07,16.66,15.58,16.16,1.0
16.21,17.36,16.16,17.29,1.0
17.31,18.98,17.15,18.57,1.0
18.58,18.9,18.32,18.72,1.0
19.0,20.5,18.51,19.99,-1.0
19.8,20.78,18.2,19.05,0.0
19.21,19.88,18.69,19.21,-1.0
19.12,19.13,18.37,18.71,1.0
18.39,19.16,18.28,18.85,1.0
18.73,19.05,18.3,18.89,1.0
18.97,19.38,18.7,19.04,1.0
19.0,19.9,18.34,19.42,1.0
19.35,20.1,19.17,19.72,1.0
19.47,21.4,19.47,20.8,-1.0
21.01,21.5,19.55,19.69,1.0
19.2,19.95,18.88,19.36,-1.0
19.01,19.5,17.97,18.74,1.0
18.81,19.1,18.07,18.93,1.0
18.62,18.95,18.4,18.8,1.0
18.85,20.68,18.8,20.33,1.0
20.33,21.21,20.11,20.73,1.0
20.73,21.79,20.7,21.3,1.0
21.3,21.8,21.0,21.7,-1.0
21.78,21.8,21.31,21.45,1.0
21.45,23.28,21.22,22.56,1.0
22.67,23.7,22.08,23.27,-1.0
23.09,23.8,22.65,22.92,1.0
22.8,24.01,22.61,23.52,-1.0
23.3,23.87,21.82,22.72,1.0
22.5,23.24,22.08,23.0,-1.0
22.9,23.2,22.38,22.87,1.0
22.55,24.88,22.55,23.99,1.0
23.52,23.99,22.71,23.69,1.0
23.5,23.89,23.03,23.7,1.0
23.58,24.22,23.5,23.82,1.0
23.68,24.88,23.42,24.38,1.0
24.26,25.2,23.98,24.52,-1.0
24.69,24.69,23.15,23.51,-1.0
23.39,23.4,22.33,23.15,-1.0
22.55,23.1,20.98,21.3,-1.0
21.32,21.88,21.09,21.23,-1.0
21.26,21.65,20.01,20.23,-1.0
20.25,20.65,19.8,20.24,1.0
20.16,21.7,20.15,21.35,1.0
21.35,22.59,21.01,22.32,-1.0
22.4,22.79,21.7,22.12,-1.0
22.45,22.7,21.12,21.55,-1.0
21.55,21.78,20.2,20.88,1.0
20.9,21.58,20.81,21.3,-1.0
20.88,22.25,19.4,19.68,-1.0
19.7,19.7,18.49,18.52,1.0
18.52,19.39,18.38,18.67,1.0
18.88,19.79,18.73,19.72,-1.0
19.88,19.92,19.15,19.45,1.0
19.0,19.9,19.0,19.87,1.0
19.88,21.32,19.65,20.85,1.0
20.79,21.62,20.2,21.52,1.0
21.37,21.95,20.86,21.77,1.0
21.88,22.88,21.52,22.06,-1.0
21.9,22.35,21.36,21.41,1.0
21.42,21.74,21.0,21.64,0.0
21.64,21.64,21.64,21.64,1.0
21.5,22.0,21.25,21.98,-1.0
22.0,22.63,21.48,21.64,-1.0
21.5,22.1,21.0,21.1,1.0
21.03,21.35,20.84,21.06,-1.0
21.0,21.35,20.07,20.37,-1.0
20.33,20.55,19.96,20.02,-1.0
20.01,20.19,19.29,19.48,1.0
19.6,20.54,19.6,19.79,-1.0
19.85,20.1,19.67,19.79,-1.0
19.81,20.03,19.48,19.73,1.0
19.72,20.25,19.71,20.04,-1.0
20.18,20.19,19.46,19.69,-1.0
19.98,20.0,19.46,19.81,-1.0
19.8,19.97,19.69,19.78,1.0
19.85,20.34,19.85,20.27,1.0
20.4,20.95,20.4,20.91,-1.0
20.95,20.98,20.23,20.65,1.0
20.64,20.8,20.31,20.65,1.0
20.67,21.2,20.67,21.18,-1.0
21.21,21.25,20.92,21.11,1.0
21.16,21.8,20.95,21.49,1.0
21.44,21.74,21.31,21.53,-1.0
21.67,21.78,21.21,21.44,-1.0
21.42,21.44,20.8,20.94,1.0
20.96,21.75,20.8,21.74,1.0
21.67,23.3,21.57,22.42,1.0
22.0,22.99,22.0,22.74,1.0
22.75,23.64,22.75,23.49,1.0
23.6,24.65,22.38,24.64,1.0
24.63,25.99,24.25,25.54,-1.0
25.85,26.03,24.07,24.33,1.0
24.0,24.73,23.21,24.53,-1.0
24.25,25.46,23.5,24.19,-1.0
24.35,25.04,22.63,23.33,1.0
23.41,24.29,23.41,23.65,1.0
23.75,25.73,23.0,25.69,1.0
25.1,26.2,24.8,25.5,-1.0
25.91,26.73,24.75,25.14,-1.0
25.18,25.18,23.0,24.32,1.0
23.51,24.5,23.48,23.72,-1.0
23.82,24.25,22.0,22.04,-1.0
22.06,22.06,20.22,21.15,1.0
20.48,21.8,20.48,21.46,1.0
21.15,22.6,21.05,22.59,-1.0
22.6,23.08,21.91,22.01,-1.0
21.31,22.1,21.2,21.27,-1.0
21.27,21.55,19.3,20.06,0.0
20.06,20.06,20.06,20.06,-1.0
18.45,19.05,18.05,18.44,1.0
18.32,19.45,17.21,19.38,1.0
19.35,20.52,18.79,20.23,-1.0
20.0,20.6,19.3,19.4,1.0
19.4,20.72,19.4,20.53,-1.0
20.58,21.12,20.21,20.31,1.0
20.25,21.33,20.0,20.47,1.0
20.49,22.09,19.9,21.62,1.0
22.01,22.8,21.71,22.26,-1.0
22.04,22.04,21.15,21.6,-1.0
21.38,21.5,20.5,21.18,1.0
20.9,22.1,20.78,21.74,-1.0
22.02,22.08,21.28,21.98,-1.0
21.74,22.6,21.51,21.52,-1.0
21.25,21.4,19.72,20.16,1.0
19.88,20.35,19.41,20.33,-1.0
20.5,20.9,19.88,19.97,1.0
19.65,19.9,19.19,19.77,1.0
19.12,19.48,18.98,19.21,1.0
19.2,19.79,19.1,19.57,1.0
19.88,20.19,19.65,20.16,1.0
19.95,20.65,19.87,20.33,-1.0
20.4,20.59,19.96,20.12,-1.0
20.24,20.49,19.56,19.6,-1.0
19.45,19.84,19.0,19.14,1.0
19.04,20.3,18.91,20.24,1.0
20.23,20.46,19.88,20.31,1.0
20.28,20.6,19.92,20.32,-1.0
20.32,20.38,19.8,19.83,-1.0
19.75,19.82,19.35,19.39,-1.0
19.51,19.78,19.04,19.28,-1.0
19.28,19.4,17.5,17.54,-1.0
17.51,17.51,16.22,16.74,-1.0
16.74,16.93,15.2,15.31,-1.0
15.3,15.48,14.4,14.97,-1.0
14.77,14.9,14.15,14.69,1.0
14.51,15.98,14.51,15.94,1.0
16.32,17.3,16.18,17.06,-1.0
17.09,17.25,16.41,16.72,1.0
16.66,18.07,16.66,18.03,-1.0
18.06,18.65,17.68,17.91,-1.0
17.68,17.68,16.8,17.17,1.0
17.17,17.59,17.07,17.26,-1.0
17.06,17.7,16.75,16.82,-1.0
16.7,16.87,16.02,16.69,1.0
16.37,17.34,16.3,17.23,1.0
17.49,18.0,17.41,17.9,1.0
17.98,18.52,17.9,18.16,1.0
18.05,18.38,17.86,18.27,-1.0
18.31,18.45,17.65,18.07,1.0
18.06,18.83,17.65,18.74,1.0
18.61,19.25,18.35,18.73,1.0
18.7,20.18,18.7,20.02,1.0
20.25,21.6,20.25,20.72,1.0
20.6,21.26,20.27,21.06,1.0
21.06,21.4,20.96,21.19,-1.0
21.21,21.33,20.32,20.4,1.0
20.28,20.7,19.69,20.62,1.0
20.42,20.96,20.39,20.87,1.0
20.87,21.35,20.31,21.3,1.0
21.4,22.35,21.0,22.31,-1.0
22.3,22.55,21.68,21.73,1.0
21.62,22.7,21.52,22.1,1.0
21.85,22.6,21.78,22.06,1.0
22.06,23.09,22.0,23.05,1.0
23.05,23.46,22.88,23.1,-1.0
23.16,23.51,22.8,23.04,-1.0
23.4,23.44,22.5,23.3,1.0
23.2,23.9,22.93,23.8,-1.0
23.8,23.99,23.26,23.65,0.0
23.65,23.65,23.65,23.65,0.0
23.65,23.65,23.65,23.65,0.0
23.65,23.65,23.65,23.65,0.0
23.65,23.65,23.65,23.65,0.0
23.65,23.65,23.65,23.65,0.0
23.65,23.65,23.65,23.65,0.0
21.64,21.64,21.64,21.64,-1.0
23.5,23.54,21.74,22.15,-1.0
22.31,22.97,22.0,22.25,-1.0
22.27,22.28,21.3,21.57,-1.0
21.36,21.49,20.69,21.03,1.0
20.8,21.76,20.8,21.62,-1.0
21.6,21.88,21.3,21.42,-1.0
21.54,21.72,20.35,20.53,1.0
20.54,21.17,20.5,20.72,1.0
20.67,21.58,20.67,21.46,-1.0
21.6,21.76,21.1,21.23,-1.0
21.26,21.36,20.4,20.5,-1.0
20.65,21.07,19.54,19.86,-1.0
19.87,20.06,18.62,19.24,-1.0
19.3,19.44,18.51,18.58,1.0
18.62,18.95,18.3,18.89,1.0
19.01,20.32,19.0,20.22,-1.0
20.22,20.47,19.82,20.0,-1.0
20.0,20.18,19.0,19.26,1.0
19.25,19.74,18.88,19.64,0.0
19.64,19.64,19.64,19.64,-1.0
20.5,20.78,20.08,20.48,-1.0
20.55,20.58,19.85,19.92,1.0
20.4,21.71,20.29,20.5,-1.0
20.67,20.9,19.53,19.61,-1.0
19.57,19.57,18.86,19.0,-1.0
18.82,19.25,17.7,17.87,1.0
18.0,18.8,18.0,18.57,1.0
18.0,18.72,17.85,18.27,1.0
18.5,18.86,18.18,18.65,1.0
18.79,19.2,18.46,19.14,1.0
19.2,19.65,18.9,19.5,-1.0
19.88,19.88,19.31,19.47,0.0
19.47,19.47,19.47,19.47,-1.0
19.3,19.3,18.46,18.7,1.0
18.7,18.98,18.5,18.77,1.0
18.76,19.29,18.2,19.2,-1.0
19.18,19.18,18.73,18.77,-1.0
18.66,18.85,18.39,18.63,1.0
18.63,18.97,18.52,18.81,1.0
18.99,19.98,18.82,19.95,-1.0
20.26,20.55,19.9,20.12,1.0
20.26,21.5,20.23,21.4,1.0
21.53,22.31,21.53,21.88,1.0
21.7,23.5,21.7,22.47,1.0
22.9,23.95,22.02,23.23,1.0
22.98,23.8,22.0,23.39,-1.0
23.15,23.38,21.18,21.98,-1.0
21.84,21.84,19.78,19.83,0.0
19.83,19.83,19.83,19.83,1.0
20.5,21.81,20.41,21.18,1.0
20.5,23.3,20.5,23.28,-1.0
23.19,23.6,22.32,22.99,1.0
22.9,23.94,22.62,23.22,1.0
23.5,25.2,23.34,24.55,1.0
24.3,25.1,24.1,24.69,-1.0
24.88,25.18,23.33,23.81,-1.0
23.83,24.41,21.89,23.34,1.0
23.34,24.15,22.52,23.85,-1.0
24.2,24.37,23.5,23.65,-1.0
23.58,24.24,23.05,23.41,-1.0
23.31,23.6,22.21,22.29,1.0
22.06,22.38,21.2,22.15,1.0
22.16,22.72,21.62,22.49,-1.0
22.18,22.25,21.19,21.45,1.0
21.06,22.5,21.06,22.07,1.0
22.37,22.9,22.05,22.79,1.0
22.8,23.97,22.4,23.33,-1.0
23.13,23.32,22.45,22.51,-1.0
22.4,22.72,22.27,22.36,1.0
22.35,23.36,22.35,22.7,-1.0
22.7,22.94,21.31,21.88,1.0
21.93,22.2,21.5,21.99,-1.0
22.05,22.12,21.5,21.57,-1.0
21.4,21.47,20.44,20.46,-1.0
20.39,20.39,19.66,20.0,-1.0
20.1,20.94,19.5,19.78,-1.0
19.7,19.7,19.01,19.21,1.0
19.44,19.72,19.05,19.54,-1.0
19.56,19.65,19.19,19.48,1.0
19.47,20.44,19.47,20.25,1.0
20.4,21.1,20.31,21.09,1.0
20.95,21.89,20.78,21.55,-1.0
21.5,21.59,21.09,21.4,-1.0
21.2,21.68,20.8,20.88,-1.0
20.88,20.95,19.79,19.85,-1.0
19.78,19.78,19.37,19.5,1.0
19.66,19.87,19.18,19.74,-1.0
19.91,20.06,19.5,19.8,-1.0
19.78,19.78,19.05,19.17,-1.0
19.12,19.2,18.38,18.47,-1.0
18.2,18.4,17.74,17.97,1.0
17.98,18.43,17.78,18.4,-1.0
18.38,18.38,16.7,16.8,1.0
16.7,17.07,16.56,16.9,-1.0
17.0,17.42,16.83,16.89,-1.0
17.04,17.04,16.0,16.26,1.0
16.3,16.78,16.26,16.57,1.0
16.47,17.13,16.3,16.99,1.0
17.06,17.44,17.05,17.3,1.0
17.48,17.98,17.48,17.91,-1.0
17.93,18.07,17.6,17.89,-1.0
17.8,17.94,17.41,17.69,1.0
17.67,18.25,17.2,18.13,1.0
18.12,18.78,17.9,18.61,1.0
18.81,19.85,18.78,19.67,-1.0
19.73,20.55,19.38,19.48,1.0
19.4,19.96,19.31,19.88,-1.0
19.89,19.96,19.36,19.7,1.0
19.62,19.94,19.2,19.7,1.0
19.49,19.74,19.36,19.72,-1.0
19.7,19.7,18.63,18.64,1.0
18.47,18.7,18.3,18.66,1.0
18.55,19.1,18.41,18.91,1.0
18.87,19.62,18.7,19.58,1.0
19.7,20.23,19.5,19.94,1.0
20.22,21.48,20.22,20.91,1.0
20.7,21.0,20.2,20.79,-1.0
20.8,21.5,20.54,20.69,1.0
20.7,21.36,20.58,21.19,1.0
21.41,22.8,21.41,22.17,-1.0
22.17,22.25,21.6,21.99,1.0
22.35,22.78,22.1,22.49,1.0
22.7,24.74,22.63,23.62,-1.0
23.38,24.52,22.8,22.86,1.0
22.81,24.2,22.72,23.74,-1.0
23.5,23.55,22.2,23.11,1.0
22.9,23.65,22.59,23.37,-1.0
23.0,23.86,22.7,22.97,-1.0
23.21,23.48,22.6,22.96,-1.0
23.0,23.18,22.28,22.58,1.0
22.65,23.5,22.4,23.46,1.0
23.5,24.3,23.33,23.75,1.0
23.78,24.5,23.59,24.47,-1.0
24.49,25.08,24.12,24.2,1.0
24.5,25.11,24.26,24.72,-1.0
24.54,25.1,23.86,24.06,1.0
24.01,24.66,23.4,24.24,0.0
24.24,24.24,24.24,24.24,1.0
23.43,23.99,23.37,23.9,1.0
23.71,25.16,23.61,25.1,1.0
25.22,26.27,24.98,26.11,-1.0
26.08,26.08,25.5,25.88,1.0
25.77,26.36,25.12,25.99,1.0
25.79,26.75,25.7,26.25,-1.0
26.23,26.23,25.39,25.91,-1.0
26.0,26.32,25.55,25.71,-1.0
25.59,25.68,24.9,25.18,-1.0
25.14,25.74,24.68,24.79,1.0
24.68,25.35,24.45,25.08,-1.0
25.03,25.83,24.93,24.99,1.0
25.4,26.28,25.4,25.98,1.0
25.98,26.65,25.93,26.04,-1.0
25.81,26.2,24.8,25.09,1.0
24.8,25.35,24.61,25.12,-1.0
25.15,25.97,24.93,25.12,-1.0
25.3,25.5,23.69,23.99,1.0
23.95,24.5,23.58,24.44,1.0
24.4,25.65,24.2,25.57,-1.0
25.4,26.68,25.0,25.28,1.0
24.9,26.06,24.7,25.55,1.0
25.3,25.88,24.71,25.51,1.0
25.51,26.51,25.51,25.86,-1.0
25.9,26.1,25.4,25.82,1.0
25.73,26.66,25.56,26.48,-1.0
26.3,26.3,25.7,25.8,-1.0
25.79,26.0,24.28,24.41,-1.0
24.66,24.68,23.5,23.88,1.0
23.87,24.4,23.27,24.06,1.0
24.0,24.55,23.9,24.3,-1.0
24.41,24.59,23.36,23.4,-1.0
23.45,23.6,22.5,22.6,-1.0
22.58,23.05,22.12,22.31,1.0
22.0,22.65,21.6,22.58,1.0
22.6,22.92,22.31,22.76,-1.0
22.75,23.09,21.0,21.99,-1.0
21.99,21.99,20.98,20.99,1.0
21.06,22.4,21.06,21.7,1.0
21.78,22.84,21.65,22.82,1.0
22.61,23.73,22.5,23.4,-1.0
23.01,23.8,22.8,22.96,1.0
23.15,24.1,23.0,23.8,-1.0
23.75,23.94,23.1,23.3,1.0
23.35,23.69,22.89,23.49,-1.0
23.45,23.59,22.7,22.76,-1.0
22.76,22.88,21.9,22.34,0.0
22.34,22.34,22.34,22.34,0.0
22.34,22.34,22.34,22.34,0.0
22.34,22.34,22.34,22.34,0.0
22.34,22.34,22.34,22.34,0.0
22.34,22.34,22.34,22.34,-1.0
22.9,23.29,20.5,21.0,1.0
20.9,22.45,20.9,21.7,-1.0
21.83,21.96,20.95,21.39,1.0
21.2,22.8,20.98,22.28,1.0
22.1,23.19,21.9,22.4,-1.0
22.51,22.98,21.95,22.23,-1.0
22.2,22.75,20.01,21.64,-1.0
21.0,21.05,20.56,20.65,1.0
20.4,21.2,20.4,20.82,-1.0
20.95,21.24,20.58,20.68,1.0
20.68,20.96,20.35,20.9,1.0
21.0,21.59,20.8,21.37,-1.0
21.0,21.0,19.31,20.8,-1.0
20.5,20.78,20.32,20.35,-1.0
20.31,20.5,19.98,20.15,1.0
20.18,20.5,20.18,20.39,-1.0
20.2,20.2,19.76,19.89,1.0
19.97,20.54,19.97,20.36,1.0
20.5,20.95,20.41,20.76,1.0
20.8,21.37,20.67,21.18,-1.0
21.32,21.48,20.81,20.9,-1.0
20.91,20.91,20.19,20.43,1.0
20.55,20.98,20.28,20.87,1.0
20.86,21.1,20.66,20.88,1.0
21.03,21.38,20.94,21.35,-1.0
21.34,21.34,20.0,20.22,-1.0
20.17,20.22,19.5,19.74,1.0
19.65,20.15,19.48,19.9,-1.0
19.67,19.68,19.01,19.31,1.0
19.15,19.48,19.1,19.22,0.0
19.2,19.41,19.05,19.2,-1.0
19.01,19.36,18.62,19.0,0.0
19.0,19.0,19.0,19.0,0.0
19.0,19.0,19.0,19.0,1.0
19.0,19.79,18.38,19.5,-1.0
19.13,19.35,17.9,18.39,1.0
17.8,18.98,16.88,18.32,1.0
18.68,19.2,18.67,18.84,1.0
18.3,18.9,18.17,18.86,-1.0
19.18,19.2,18.7,18.79,1.0
18.8,19.15,18.66,19.14,1.0
19.16,19.58,19.01,19.21,-1.0
19.05,19.25,18.56,18.63,-1.0
18.6,18.6,18.0,18.01,1.0
17.47,17.84,17.4,17.63,0.0
17.63,17.63,17.63,17.63,1.0
17.85,18.05,17.6,17.89,-1.0
17.96,18.1,17.7,17.87,1.0
17.9,18.3,17.74,18.28,1.0
18.1,18.44,18.06,18.36,-1.0
18.25,18.29,17.68,17.81,-1.0
17.89,18.04,17.61,17.63,1.0
17.7,18.01,17.26,17.81,-1.0
17.79,17.9,17.47,17.49,-1.0
17.51,17.57,16.99,17.09,-1.0
16.95,16.95,15.75,15.94,-1.0
15.8,15.84,15.32,15.55,1.0
15.66,15.91,15.46,15.89,-1.0
16.07,16.07,15.3,15.38,-1.0
15.39,15.5,14.96,15.11,1.0
14.79,15.5,14.65,15.28,-1.0
15.25,15.25,14.75,15.19,-1.0
15.26,15.49,15.11,15.21,-1.0
15.25,15.37,15.08,15.13,-1.0
15.14,15.14,14.51,14.7,1.0
14.62,14.95,14.62,14.84,1.0
14.82,15.85,14.73,15.7,-1.0
15.44,15.55,14.98,15.0,1.0
14.56,15.23,14.5,15.08,-1.0
15.05,15.4,14.93,15.0,1.0
15.18,15.34,14.95,15.21,-1.0
15.29,15.51,14.8,14.91,-1.0
14.7,15.0,14.4,14.5,-1.0
14.55,14.74,13.7,14.0,-1.0
14.13,14.15,13.73,13.81,-1.0
14.33,14.5,13.8,13.96,1.0
14.0,14.7,13.75,14.68,1.0
14.66,15.42,14.56,15.23,1.0
15.25,15.67,15.08,15.52,-1.0
15.52,15.88,15.2,15.35,-1.0
15.2,15.2,14.7,14.7,-1.0
14.85,14.92,14.07,14.64,-1.0
14.52,14.52,13.9,14.08,-1.0
14.08,14.28,13.7,13.98,1.0
14.0,14.39,13.61,14.32,1.0
14.4,14.76,14.09,14.75,1.0
14.69,15.47,14.54,14.96,1.0
15.03,15.3,14.93,15.04,1.0
15.29,15.52,15.17,15.37,-1.0
15.65,15.76,15.27,15.43,-1.0
15.29,15.4,15.1,15.26,1.0
15.05,15.3,14.84,15.25,1.0
15.37,15.65,15.3,15.47,-1.0
15.65,15.65,15.29,15.46,-1.0
15.45,15.48,15.01,15.11,-1.0
15.2,15.28,14.64,14.72,1.0
14.76,15.05,14.7,15.05,-1.0
14.88,14.91,14.65,14.66,1.0
14.61,15.09,14.6,15.05,1.0
15.03,15.11,14.8,15.09,1.0
15.0,15.26,14.92,15.15,-1.0
15.15,15.23,14.4,14.63,-1.0
14.55,14.65,14.17,14.38,-1.0
14.2,14.3,13.78,14.0,0.0
13.87,14.02,13.67,13.87,1.0
13.78,14.0,13.6,13.87,-1.0
13.88,13.95,13.49,13.61,1.0
13.48,13.64,13.16,13.62,1.0
13.42,13.82,13.42,13.5,-1.0
13.69,13.75,13.29,13.53,0.0
13.53,13.53,13.53,13.53,-1.0
13.62,13.86,12.65,13.02,1.0
13.39,13.93,13.18,13.74,1.0
13.6,13.89,13.49,13.8,-1.0
13.85,14.0,13.51,13.7,-1.0
13.71,13.76,13.46,13.64,1.0
13.63,13.8,13.4,13.79,1.0
13.82,14.01,13.64,13.9,-1.0
14.3,14.3,13.43,13.7,-1.0
13.56,13.69,12.97,12.99,-1.0
12.77,12.8,12.0,12.01,-1.0
12.01,12.08,11.41,11.62,-1.0
11.5,11.5,10.68,11.14,0.0
11.14,11.14,11.14,11.14,1.0
11.2,11.33,10.93,11.27,1.0
11.27,12.3,11.27,11.78,-1.0
11.91,11.94,11.52,11.57,1.0
11.43,11.69,10.87,11.6,1.0
11.59,12.49,11.38,12.05,-1.0
11.96,12.29,11.8,11.81,-1.0
11.74,11.8,11.46,11.51,1.0
11.38,11.77,11.23,11.7,-1.0
11.7,11.86,11.5,11.58,1.0
11.7,11.94,11.69,11.85,-1.0
11.98,12.08,11.2,11.27,-1.0
11.15,11.2,10.61,10.73,1.0
10.5,10.95,10.5,10.85,1.0
10.99,11.37,10.66,11.36,1.0
11.42,12.19,11.42,12.18,1.0
12.19,12.43,11.98,12.25,1.0
12.12,12.78,12.08,12.48,-1.0
12.53,12.65,11.86,12.0,-1.0
11.75,12.16,11.64,11.65,1.0
11.72,12.66,11.72,12.63,-1.0
12.7,13.25,12.51,12.67,1.0
12.67,12.87,12.45,12.81,1.0
12.8,13.22,12.56,12.89,-1.0
12.9,12.94,12.42,12.43,-1.0
12.43,12.51,12.17,12.37,-1.0
12.3,12.45,11.98,12.02,1.0
12.13,12.27,12.0,12.27,-1.0
12.27,12.27,12.02,12.23,1.0
12.27,12.58,12.23,12.43,-1.0
12.26,12.39,12.0,12.11,1.0
12.08,12.52,12.07,12.52,1.0
12.55,12.8,12.49,12.58,1.0
12.55,12.95,12.5,12.65,1.0
12.48,12.68,12.38,12.66,1.0
12.68,13.15,12.53,13.06,1.0
12.95,13.2,12.75,13.11,-1.0
13.09,13.25,12.8,12.95,-1.0
12.95,13.07,12.73,12.85,1.0
13.06,13.24,12.92,13.09,1.0
13.24,13.65,13.19,13.59,1.0
13.61,13.98,13.49,13.74,-1.0
13.76,13.86,13.57,13.67,1.0
13.64,14.44,13.5,14.15,-1.0
14.21,14.5,13.99,14.0,1.0
13.92,14.15,13.81,14.06,-1.0
14.06,14.06,13.57,13.58,1.0
13.58,13.83,13.53,13.6,1.0
13.65,13.96,13.65,13.94,-1.0
14.04,14.24,13.84,13.88,-1.0
13.8,13.83,13.41,13.48,1.0
13.36,14.15,13.22,13.86,1.0
13.96,14.19,13.95,14.16,-1.0
14.18,14.25,14.1,14.14,1.0
14.01,14.31,13.93,14.26,1.0
14.27,14.6,14.15,14.59,-1.0
14.8,14.81,13.76,13.99,-1.0
14.02,14.08,13.25,13.66,1.0
13.72,14.11,13.6,14.05,-1.0
14.3,14.3,13.79,14.17,-1.0
14.26,14.26,13.55,13.6,-1.0
13.61,13.77,13.32,13.58,1.0
13.58,13.86,13.5,13.62,-1.0
13.55,13.65,13.13,13.17,-1.0
13.19,13.35,12.98,13.1,-1.0
13.49,13.49,12.99,13.13,-1.0
13.09,13.09,12.42,12.45,-1.0
12.4,12.4,11.9,11.98,1.0
11.96,12.27,11.6,12.24,0.0
12.24,12.24,12.24,12.24,1.0
12.6,12.99,12.49,12.74,-1.0
12.79,13.15,12.5,12.68,1.0
12.7,12.97,12.3,12.94,1.0
12.68,13.05,12.55,12.92,1.0
12.88,13.14,12.74,13.04,1.0
13.24,13.45,13.07,13.33,1.0
13.35,13.59,13.06,13.48,-1.0
13.6,13.6,12.8,12.81,1.0
12.74,13.13,12.52,13.06,1.0
13.06,13.28,12.97,13.16,1.0
13.05,13.31,12.99,13.3,1.0
13.29,13.94,13.23,13.7,1.0
13.53,14.1,13.38,14.07,-1.0
14.1,14.25,13.85,14.08,-1.0
14.16,14.2,13.7,13.71,-1.0
13.5,13.5,13.23,13.36,1.0
13.55,13.85,13.47,13.67,-1.0
13.67,13.7,13.36,13.45,-1.0
13.4,13.49,13.21,13.3,1.0
13.25,13.4,13.22,13.33,-1.0
13.41,13.48,13.23,13.34,-1.0
13.25,13.25,12.89,12.9,-1.0
12.89,13.11,12.7,12.78,1.0
12.78,12.95,12.7,12.79,-1.0
12.96,13.06,12.76,12.79,1.0
12.68,12.85,12.49,12.8,-1.0
12.7,12.78,12.4,12.4,1.0
12.49,12.76,12.38,12.73,-1.0
12.68,12.7,12.5,12.67,1.0
12.68,13.26,12.66,13.19,1.0
13.27,13.84,13.27,13.45,1.0
13.4,13.89,13.3,13.84,-1.0
13.93,14.1,13.39,13.56,1.0
13.49,13.98,13.45,13.72,1.0
13.81,15.07,13.7,14.9,-1.0
14.9,15.12,14.56,14.83,1.0
14.83,15.38,14.68,15.21,-1.0
14.89,15.15,14.47,14.56,-1.0
15.0,15.19,14.28,14.58,-1.0
14.2,14.46,13.92,14.03,1.0
14.0,14.26,13.82,14.14,-1.0
14.16,14.28,13.65,13.88,-1.0
14.02,14.05,13.7,13.86,-1.0
14.02,14.34,13.77,13.8,-1.0
13.72,13.89,13.08,13.41,1.0
13.26,13.45,13.16,13.28,1.0
13.38,13.67,13.18,13.61,-1.0
13.52,13.56,12.98,12.99,-1.0
13.03,13.13,12.7,12.92,1.0
13.05,13.46,13.0,13.3,1.0
13.2,13.51,13.1,13.29,-1.0
13.36,13.44,13.17,13.26,-1.0
13.25,13.29,13.06,13.13,-1.0
13.08,13.08,12.15,12.21,-1.0
12.2,12.2,11.6,12.0,1.0
11.9,12.08,11.86,11.96,-1.0
12.09,12.14,11.72,11.75,1.0
11.68,11.92,11.5,11.83,-1.0
12.1,12.23,11.93,12.05,1.0
12.06,12.32,11.96,12.25,-1.0
12.24,12.35,12.05,12.11,-1.0
12.11,12.15,11.57,11.64,1.0
11.75,11.95,11.39,11.94,-1.0
11.78,11.78,11.34,11.39,-1.0
11.38,11.38,10.48,10.67,1.0
10.57,11.29,10.5,10.98,1.0
10.88,11.19,10.65,11.01,1.0
11.0,11.32,10.88,11.12,-1.0
11.1,11.15,10.67,10.69,1.0
10.58,10.88,10.58,10.85,1.0
10.8,10.9,10.62,10.84,1.0
10.85,11.31,10.8,11.11,1.0
11.05,11.23,11.0,11.16,-1.0
11.1,11.1,10.7,10.87,1.0
10.81,11.03,10.79,10.93,-1.0
10.82,10.94,10.64,10.78,-1.0
10.79,10.93,10.65,10.7,-1.0
10.79,10.8,10.57,10.6,0.0
10.58,10.84,10.55,10.58,-1.0
10.59,10.64,10.17,10.19,1.0
10.1,10.84,10.1,10.49,-1.0
10.51,10.6,10.31,10.41,1.0
10.5,10.67,10.37,10.61,1.0
10.59,10.95,10.5,10.87,-1.0
10.94,10.94,10.77,10.84,0.0
10.84,10.97,10.78,10.84,1.0
10.8,10.93,10.75,10.87,-1.0
10.88,10.92,10.68,10.87,-1.0
10.78,10.82,10.35,10.37,1.0
10.3,10.48,10.2,10.47,-1.0
10.47,10.5,10.27,10.39,-1.0
10.38,10.43,10.25,10.29,-1.0
10.3,10.35,10.16,10.24,-1.0
10.18,10.28,10.1,10.16,1.0
10.24,10.36,10.17,10.29,-1.0
10.29,10.33,10.08,10.12,1.0
10.06,10.24,10.05,10.21,-1.0
10.2,10.21,9.82,9.85,-1.0
9.81,9.83,9.26,9.41,1.0
9.37,9.6,9.31,9.51,-1.0
9.56,9.6,9.31,9.31,-1.0
9.31,9.37,9.02,9.12,-1.0
9.24,9.25,9.09,9.14,1.0
9.13,9.52,9.13,9.48,1.0
9.55,9.88,9.48,9.57,1.0
9.42,9.54,9.36,9.46,-1.0
9.64,9.77,9.49,9.6,1.0
9.99,10.56,9.99,10.56,-1.0
10.98,11.39,10.78,10.83,-1.0
10.59,10.6,10.35,10.46,1.0
10.62,11.05,10.45,10.95,-1.0
10.9,10.9,10.41,10.44,1.0
10.6,10.99,10.47,10.67,-1.0
10.6,10.79,10.31,10.35,-1.0
10.05,10.05,9.66,9.72,1.0
9.76,9.91,9.69,9.9,-1.0
9.95,9.95,9.44,9.46,-1.0
9.5,9.7,9.4,9.46,1.0
9.42,9.91,9.29,9.75,-1.0
9.7,9.97,9.65,9.69,-1.0
9.61,9.7,9.42,9.52,1.0
9.49,9.94,9.48,9.83,1.0
9.75,10.21,9.7,10.2,0.0
10.1,10.39,9.99,10.1,1.0
10.12,10.5,10.12,10.43,-1.0
10.26,10.26,9.99,10.19,-1.0
10.1,10.33,10.0,10.03,-1.0
10.0,10.22,9.68,9.95,-1.0
9.96,9.98,9.73,9.84,-1.0
9.85,9.97,9.73,9.8,-1.0
9.86,9.9,9.68,9.8,1.0
9.82,10.03,9.75,9.99,1.0
10.0,10.19,9.98,10.05,1.0
9.98,10.18,9.85,10.12,-1.0
10.12,10.18,9.85,9.89,1.0
9.85,10.09,9.8,9.88,-1.0
9.81,10.01,9.68,9.7,-1.0
9.7,9.7,9.27,9.28,-1.0
9.22,9.3,9.11,9.18,1.0
9.18,9.33,9.16,9.19,1.0
9.17,9.25,9.1,9.23,1.0
9.22,9.58,9.18,9.43,1.0
9.46,9.55,9.4,9.51,1.0
9.52,9.63,9.46,9.6,-1.0
9.57,9.63,9.25,9.45,-1.0
9.47,9.51,9.29,9.36,-1.0
9.3,9.3,9.04,9.06,-1.0
9.06,9.14,9.0,9.01,-1.0
8.99,9.09,8.74,8.86,-1.0
8.88,8.9,8.43,8.54,1.0
8.51,8.6,8.35,8.55,-1.0
8.45,8.69,8.35,8.39,-1.0
8.36,8.39,8.24,8.33,1.0
8.33,8.44,8.22,8.42,-1.0
8.5,8.53,8.37,8.38,1.0
8.31,8.5,8.3,8.5,-1.0
8.5,8.56,8.4,8.48,1.0
8.48,8.59,8.42,8.53,-1.0
8.56,8.56,8.32,8.33,-1.0
8.28,8.35,7.71,7.76,-1.0
7.72,7.78,7.58,7.6,-1.0
7.6,7.72,7.53,7.58,1.0
7.67,7.93,7.67,7.85,0.0
7.78,8.01,7.75,7.78,1.0
7.8,8.28,7.71,8.27,1.0
8.18,9.1,8.12,8.98,1.0
8.87,9.09,8.83,8.95,1.0
8.93,9.5,8.84,9.2,-1.0
9.18,9.26,9.01,9.05,-1.0
8.88,9.02,8.72,8.78,1.0
8.82,9.1,8.82,8.93,1.0
8.82,9.08,8.69,8.86,1.0
8.78,9.5,8.77,9.37,1.0
9.43,10.15,9.31,9.99,0.0
9.99,9.99,9.99,9.99,0.0
9.99,9.99,9.99,9.99,1.0
9.84,10.5,9.7,10.15,-1.0
10.13,10.16,9.59,9.72,1.0
9.53,9.8,9.47,9.69,1.0
9.55,10.24,9.43,9.97,-1.0
9.9,10.02,9.73,9.86,-1.0
9.81,9.94,9.45,9.49,1.0
9.49,9.64,9.36,9.59,1.0
9.58,10.08,9.52,9.89,-1.0
10.0,10.08,9.65,9.83,1.0
9.83,10.3,9.74,10.06,-1.0
10.15,10.15,9.86,10.04,1.0
10.02,10.13,9.89,10.05,1.0
10.01,10.22,9.91,10.1,-1.0
10.09,10.1,9.65,9.69,1.0
9.55,9.97,9.48,9.94,1.0
9.92,10.22,9.88,10.15,-1.0
10.09,10.13,9.83,9.98,-1.0
9.95,9.98,9.76,9.77,1.0
9.8,9.99,9.72,9.98,1.0
9.98,10.19,9.97,10.13,-1.0
10.1,10.38,10.01,10.03,-1.0
9.85,9.87,9.6,9.71,1.0
9.72,10.68,9.61,10.68,-1.0
10.44,10.72,10.13,10.29,1.0
10.24,11.01,10.24,10.84,1.0
10.8,11.19,10.7,10.88,1.0
10.81,11.08,10.66,10.91,-1.0
10.93,10.98,10.5,10.56,1.0
10.56,10.92,10.51,10.81,-1.0
10.89,11.4,10.78,10.82,1.0
10.73,10.93,10.61,10.87,1.0
10.87,10.94,10.73,10.88,-1.0
10.85,10.9,10.56,10.7,1.0
10.67,11.13,10.64,11.05,1.0
11.06,11.58,11.03,11.2,-1.0
11.2,11.23,10.56,10.7,1.0
10.65,10.92,10.59,10.86,-1.0
10.71,10.71,10.02,10.32,-1.0
10.3,10.3,9.95,9.98,1.0
10.0,10.15,9.9,10.07,-1.0
10.0,10.05,9.78,9.8,1.0
9.8,9.94,9.68,9.86,1.0
9.88,10.3,9.85,10.19,-1.0
10.2,10.25,9.97,10.18,-1.0
9.5,9.91,9.16,9.24,1.0
9.21,9.33,9.08,9.31,1.0
9.22,9.38,9.19,9.36,1.0
9.34,9.48,9.24,9.37,-1.0
9.37,9.46,9.3,9.32,-1.0
9.27,9.33,9.08,9.21,-1.0
9.22,9.41,8.98,9.1,-1.0
9.13,9.13,8.79,8.83,-1.0
8.9,8.96,8.75,8.87,-1.0
8.88,9.06,8.7,8.86,-1.0
8.85,9.04,8.79,8.8,1.0
8.84,9.09,8.82,9.08,1.0
9.09,9.41,9.07,9.34,-1.0
9.39,9.39,9.28,9.32,0.0
9.37,9.47,9.29,9.37,1.0
9.35,9.46,9.3,9.38,-1.0
9.37,9.43,9.12,9.26,1.0
9.2,9.43,9.19,9.42,-1.0
9.4,9.4,8.95,8.97,1.0
9.02,9.12,8.94,9.03,1.0
9.0,9.15,8.9,9.02,1.0
9.0,9.27,8.92,9.16,-1.0
9.2,9.25,9.03,9.15,1.0
9.08,9.16,8.89,9.15,1.0
9.2,9.61,9.16,9.59,1.0
9.6,10.15,9.59,10.07,1.0
9.98,10.24,9.7,10.11,-1.0
9.98,10.09,9.85,9.91,1.0
9.95,10.12,9.7,10.02,1.0
9.8,10.3,9.75,9.91,-1.0
9.81,9.88,9.47,9.64,1.0
9.53,9.73,9.48,9.68,1.0
9.68,10.08,9.62,10.05,-1.0
10.28,10.38,9.88,9.9,-1.0
9.9,9.9,9.4,9.45,1.0
9.44,9.59,9.28,9.59,-1.0
9.55,9.6,9.27,9.29,-1.0
9.32,9.43,9.11,9.15,1.0
8.99,9.2,8.9,9.12,-1.0
9.15,9.33,9.07,9.09,1.0
9.09,9.27,9.08,9.23,1.0
9.2,9.38,9.16,9.37,-1.0
9.4,9.45,9.29,9.3,1.0
9.3,9.43,9.09,9.4,-1.0
9.4,9.4,9.17,9.28,-1.0
9.3,9.33,9.05,9.12,-1.0
9.13,9.17,8.99,9.03,1.0
8.98,9.09,8.89,9.07,1.0
9.04,9.26,8.97,9.25,1.0
9.27,9.38,9.2,9.36,1.0
9.39,9.44,9.25,9.4,1.0
9.39,9.67,9.37,9.62,1.0
9.58,9.98,9.56,9.71,-1.0
9.66,9.78,9.51,9.52,1.0
9.51,9.69,9.44,9.68,1.0
9.66,10.04,9.61,10.04,-1.0
10.07,10.12,9.83,10.01,1.0
10.01,10.16,9.89,10.04,-1.0
9.98,10.15,9.92,9.94,-1.0
9.94,10.04,9.79,9.83,1.0
9.83,10.02,9.76,9.85,-1.0
4.89,5.07,4.7,4.77,-1.0
4.69,4.78,4.58,4.65,-1.0
4.65,4.65,4.44,4.45,-1.0
4.48,4.55,4.35,4.39,-1.0
4.37,4.37,4.04,4.09,1.0
4.15,4.22,4.1,4.18,-1.0
4.19,4.21,4.08,4.1,1.0
4.09,4.16,4.07,4.15,1.0
4.11,4.17,4.05,4.17,-1.0
4.14,4.15,4.05,4.06,1.0
4.0,4.03,3.86,4.01,-1.0
3.98,4.01,3.66,3.71,-1.0
3.68,3.71,3.34,3.61,1.0
3.62,3.71,3.55,3.65,-1.0
3.7,3.89,3.65,3.69,1.0
3.7,3.83,3.6,3.8,1.0
3.78,3.85,3.73,3.85,1.0
3.85,3.88,3.76,3.87,-1.0
3.83,3.85,3.72,3.76,1.0
3.72,3.82,3.68,3.8,1.0
3.8,3.87,3.78,3.86,-1.0
3.83,3.83,3.72,3.73,1.0
3.74,3.8,3.71,3.75,1.0
3.78,3.8,3.67,3.79,1.0
3.8,4.05,3.7,3.97,1.0
3.9,4.03,3.88,3.91,1.0
3.82,3.9,3.8,3.85,-1.0
3.85,3.85,3.7,3.8,1.0
3.8,3.89,3.75,3.84,-1.0
3.83,3.83,3.73,3.76,-1.0
3.76,3.78,3.62,3.62,-1.0
3.65,3.65,3.5,3.61,1.0
3.57,3.67,3.57,3.65,-1.0
3.65,3.65,3.52,3.56,1.0
3.58,3.66,3.57,3.6,0.0
3.58,3.63,3.52,3.58,-1.0
3.54,3.55,3.42,3.43,1.0
3.41,3.48,3.35,3.43,-1.0
3.46,3.48,3.38,3.42,1.0
3.43,3.47,3.43,3.47,0.0
3.48,3.51,3.45,3.48,1.0
3.48,3.5,3.43,3.5,1.0
3.48,3.61,3.45,3.56,1.0
3.56,3.64,3.53,3.58,-1.0
3.58,3.59,3.53,3.55,1.0
3.55,3.63,3.51,3.6,1.0
3.6,3.7,3.59,3.69,1.0
3.72,4.06,3.72,4.06,-1.0
4.05,4.12,3.96,4.03,1.0
3.98,4.17,3.95,4.02,-1.0
4.0,4.1,3.9,3.93,1.0
3.9,4.02,3.87,3.98,-1.0
4.0,4.05,3.9,3.96,1.0
3.93,3.98,3.89,3.98,1.0
3.94,4.04,3.93,3.99,-1.0
4.0,4.03,3.84,3.93,1.0
3.9,4.0,3.84,3.96,-1.0
3.98,3.98,3.88,3.93,-1.0
3.92,3.95,3.84,3.89,1.0
3.93,3.95,3.87,3.94,1.0
3.95,4.2,3.94,4.15,-1.0
4.18,4.21,4.06,4.09,1.0
4.09,4.13,4.04,4.12,1.0
4.15,4.53,4.11,4.53,-1.0
4.7,4.9,4.45,4.49,1.0
4.36,4.47,4.21,4.37,-1.0
4.4,4.46,4.31,4.34,1.0
4.28,4.59,4.28,4.47,1.0
4.38,4.74,4.38,4.62,-1.0
4.56,4.62,4.45,4.53,1.0
4.53,4.68,4.47,4.57,-1.0
4.57,4.67,4.4,4.44,1.0
4.41,4.8,4.41,4.57,1.0
4.57,4.65,4.49,4.62,1.0
4.62,4.8,4.6,4.68,-1.0
4.68,4.68,4.52,4.65,-1.0
4.66,4.67,4.45,4.47,-1.0
4.47,4.49,4.18,4.19,1.0
4.2,4.25,4.11,4.21,-1.0
4.2,4.25,4.18,4.19,1.0
4.17,4.28,4.14,4.25,1.0
4.25,4.32,4.21,4.28,-1.0
4.25,4.28,4.19,4.2,1.0
4.21,4.31,4.2,4.22,-1.0
4.23,4.24,4.17,4.21,-1.0
4.21,4.21,4.14,4.18,1.0
4.18,4.32,4.14,4.23,-1.0
4.23,4.27,4.16,4.18,-1.0
4.18,4.21,4.13,4.15,1.0
4.14,4.2,4.12,4.18,1.0
4.18,4.21,4.15,4.19,-1.0
4.2,4.22,4.09,4.1,-1.0
4.08,4.12,4.01,4.02,-1.0
4.01,4.01,3.79,3.83,-1.0
3.84,3.86,3.74,3.77,-1.0
3.77,3.83,3.53,3.68,1.0
3.67,3.82,3.62,3.8,1.0
3.8,3.93,3.8,3.83,-1.0
3.81,3.83,3.75,3.77,1.0
3.76,3.84,3.76,3.82,-1.0
3.82,3.85,3.75,3.8,1.0
3.82,3.99,3.76,3.87,-1.0
3.81,3.89,3.77,3.8,-1.0
3.8,3.81,3.72,3.73,1.0
3.73,3.77,3.69,3.75,-1.0
3.75,3.77,3.71,3.74,-1.0
3.74,3.74,3.65,3.65,0.0
3.69,3.72,3.63,3.69,1.0
3.69,3.82,3.68,3.77,1.0
3.85,3.92,3.81,3.87,1.0
4.08,4.26,4.07,4.26,-1.0
4.38,4.39,4.16,4.28,1.0
4.2,4.36,4.15,4.32,-1.0
4.31,4.33,4.16,4.19,-1.0
4.15,4.23,4.12,4.13,1.0
4.14,4.22,4.13,4.19,1.0
4.18,4.21,4.13,4.2,1.0
4.21,4.33,4.16,4.25,-1.0
4.25,4.25,4.18,4.2,-1.0
4.12,4.19,3.97,3.98,1.0
3.98,4.15,3.96,4.13,0.0
4.14,4.23,4.11,4.14,1.0
4.12,4.2,4.1,4.19,-1.0
4.19,4.2,4.13,4.17,-1.0
4.2,4.23,4.15,4.17,-1.0
4.17,4.19,4.12,4.13,-1.0
4.14,4.14,4.0,4.03,1.0
4.01,4.05,4.0,4.03,-1.0
4.03,4.03,3.96,3.99,-1.0
4.05,4.06,3.95,3.96,-1.0
3.96,3.99,3.88,3.93,1.0
3.93,3.99,3.91,3.96,-1.0
3.99,4.01,3.89,3.9,-1.0
3.9,3.93,3.82,3.83,-1.0
3.86,3.87,3.76,3.79,-1.0
3.81,3.84,3.71,3.76,1.0
3.75,3.81,3.71,3.8,-1.0
3.8,3.8,3.72,3.74,1.0
3.73,3.81,3.71,3.76,-1.0
3.78,3.82,3.76,3.76,1.0
3.76,3.86,3.76,3.84,-1.0
3.86,3.86,3.8,3.81,-1.0
3.8,3.8,3.69,3.71,-1.0
3.71,3.72,3.61,3.62,1.0
3.61,3.66,3.59,3.63,-1.0
3.62,3.66,3.55,3.57,-1.0
3.58,3.6,3.5,3.5,-1.0
3.5,3.52,3.43,3.45,-1.0
3.49,3.49,3.39,3.42,1.0
3.42,3.51,3.4,3.51,1.0
3.53,3.58,3.51,3.56,1.0
3.56,3.6,3.53,3.58,1.0
3.55,3.62,3.53,3.62,-1.0
3.67,3.67,3.55,3.57,1.0
3.55,3.71,3.55,3.7,1.0
3.72,3.79,3.68,3.75,-1.0
3.75,3.78,3.73,3.74,1.0
3.74,3.8,3.72,3.76,0.0
3.74,3.77,3.71,3.74,-1.0
3.74,3.76,3.71,3.71,1.0
3.72,3.77,3.72,3.76,-1.0
3.76,3.76,3.71,3.73,1.0
3.73,3.79,3.68,3.77,1.0
3.78,3.86,3.77,3.86,1.0
3.84,3.89,3.83,3.87,1.0
3.88,4.15,3.88,4.01,-1.0
4.2,4.25,4.02,4.06,-1.0
4.01,4.05,3.91,3.99,-1.0
3.99,4.02,3.95,3.98,-1.0
3.99,4.0,3.92,3.93,1.0
3.93,3.99,3.91,3.98,-1.0
3.99,4.0,3.9,3.91,-1.0
3.89,3.92,3.8,3.81,-1.0
3.8,3.8,3.73,3.75,-1.0
3.76,3.78,3.6,3.63,1.0
3.58,3.71,3.58,3.69,-1.0
3.69,3.73,3.63,3.67,1.0
3.66,3.72,3.62,3.71,1.0
3.74,3.77,3.68,3.76,-1.0
3.76,3.76,3.71,3.72,1.0
3.72,3.78,3.71,3.74,1.0
3.74,3.83,3.74,3.8,-1.0
3.79,3.83,3.73,3.74,-1.0
3.71,3.74,3.61,3.62,1.0
3.61,3.69,3.6,3.63,1.0
3.63,3.66,3.62,3.66,1.0
3.66,3.71,3.63,3.7,-1.0
3.71,3.71,3.64,3.67,1.0
3.7,3.77,3.7,3.75,1.0
3.74,3.77,3.73,3.75,1.0
3.75,3.81,3.71,3.8,-1.0
3.77,3.82,3.72,3.73,1.0
3.71,3.88,3.71,3.84,1.0
3.84,3.9,3.81,3.89,-1.0
3.89,3.95,3.84,3.85,-1.0
3.85,3.88,3.83,3.83,1.0
3.83,3.88,3.82,3.85,-1.0
3.87,3.92,3.85,3.86,1.0
3.86,4.14,3.85,4.03,1.0
3.96,4.06,3.96,4.01,1.0
3.98,4.11,3.98,4.04,-1.0
4.04,4.1,3.92,3.93,-1.0
3.92,3.95,3.88,3.9,1.0
3.9,4.03,3.87,4.0,1.0
3.98,4.04,3.98,4.01,1.0
4.01,4.09,4.0,4.06,-1.0
4.04,4.07,3.98,3.99,1.0
3.97,4.39,3.97,4.39,-1.0
4.4,4.54,4.22,4.27,1.0
4.2,4.7,4.14,4.7,-1.0
4.8,4.8,4.57,4.58,1.0
4.53,4.7,4.51,4.59,-1.0
4.6,4.75,4.52,4.57,1.0
4.47,4.54,4.27,4.53,-1.0
4.46,4.52,4.32,4.39,-1.0
4.35,4.45,4.29,4.32,-1.0
4.36,4.38,4.09,4.11,1.0
4.1,4.23,4.0,4.17,1.0
4.17,4.59,4.13,4.59,0.0
4.54,4.68,4.43,4.54,1.0
4.52,4.65,4.47,4.53,1.0
4.55,4.98,4.5,4.98,-1.0
5.0,5.08,4.86,4.97,-1.0
5.01,5.38,4.77,4.81,1.0
4.76,5.29,4.69,5.29,1.0
5.2,5.64,5.15,5.43,1.0
5.36,5.69,5.3,5.61,-1.0
5.51,5.62,5.4,5.43,1.0
5.39,5.68,5.24,5.45,-1.0
5.35,5.41,5.0,5.24,-1.0
5.2,5.2,4.92,5.02,1.0
5.08,5.2,4.97,5.12,1.0
5.08,5.38,5.04,5.27,-1.0
5.23,5.32,4.97,5.02,1.0
5.05,5.27,4.96,5.1,1.0
5.18,5.5,5.11,5.43,1.0
5.5,5.97,5.37,5.93,1.0
5.75,6.04,5.64,5.77,1.0
5.76,6.06,5.68,5.81,-1.0
5.78,6.1,5.35,5.57,-1.0
5.58,5.74,5.37,5.53,-1.0
5.53,5.53,5.36,5.47,1.0
5.4,5.7,5.4,5.63,-1.0
5.6,5.64,5.43,5.5,-1.0
5.47,5.59,5.2,5.28,1.0
5.28,5.46,5.18,5.39,-1.0
5.42,5.43,5.26,5.38,1.0
5.35,5.79,5.22,5.58,-1.0
5.53,5.61,5.43,5.49,-1.0
5.48,5.51,5.38,5.44,-1.0
5.45,5.45,5.3,5.3,-1.0
5.3,5.4,5.22,5.26,-1.0
5.25,5.25,4.72,4.79,1.0
4.77,4.88,4.69,4.86,-1.0
4.9,4.92,4.78,4.81,1.0
4.81,4.92,4.68,4.85,-1.0
4.85,4.9,4.72,4.81,1.0
4.79,4.89,4.75,4.81,-1.0
4.85,4.86,4.75,4.77,-1.0
4.75,4.78,4.65,4.71,1.0
4.71,4.77,4.67,4.77,1.0
4.82,5.07,4.79,4.97,1.0
4.91,5.02,4.87,4.94,-1.0
4.94,4.99,4.85,4.88,-1.0
4.86,4.87,4.76,4.78,1.0
4.76,4.79,4.67,4.78,-1.0
4.77,4.82,4.53,4.59,-1.0
4.58,4.66,4.52,4.55,1.0
4.4,4.58,4.32,4.5,1.0
4.46,4.55,4.42,4.53,-1.0
4.51,4.54,4.46,4.5,1.0
4.5,4.95,4.49,4.95,1.0
5.0,5.25,4.81,5.11,1.0
5.09,5.5,4.98,5.17,1.0
5.1,5.17,5.0,5.13,1.0
5.08,5.29,5.02,5.2,-1.0
5.23,5.39,5.05,5.19,-1.0
5.17,5.2,5.05,5.12,1.0
5.12,5.29,5.06,5.28,1.0
5.28,5.43,5.2,5.36,-1.0
5.3,5.37,5.21,5.27,1.0
5.24,5.42,5.18,5.25,1.0
5.2,5.29,5.15,5.24,-1.0
5.23,5.25,5.08,5.11,1.0
5.08,5.2,5.07,5.19,1.0
5.2,5.65,5.13,5.5,-1.0
5.45,5.47,5.35,5.44,-1.0
5.44,5.57,5.34,5.42,1.0
5.43,5.54,5.34,5.51,1.0
5.5,5.57,5.48,5.51,-1.0
5.52,5.52,5.38,5.44,-1.0
5.43,5.47,5.34,5.37,1.0
5.36,5.48,5.27,5.37,1.0
5.32,5.4,5.3,5.34,1.0
5.34,5.42,5.33,5.38,1.0
5.39,5.52,5.37,5.49,1.0
5.49,5.58,5.45,5.51,-1.0
5.53,5.54,5.31,5.34,1.0
5.34,5.53,5.3,5.5,-1.0
5.53,5.53,5.34,5.35,-1.0
5.33,5.35,5.11,5.11,1.0
5.1,5.18,5.07,5.12,1.0
5.11,5.19,5.07,5.14,1.0
5.14,5.3,5.1,5.25,1.0
5.24,5.34,5.17,5.31,1.0
5.3,5.38,5.26,5.35,-1.0
5.37,5.4,5.3,5.34,1.0
5.34,5.47,5.31,5.41,1.0
5.41,5.47,5.36,5.44,-1.0
5.49,5.52,5.42,5.47,1.0
5.43,5.49,5.4,5.45,1.0
5.47,5.71,5.45,5.66,1.0
5.56,5.62,5.45,5.6,-1.0
5.62,5.68,5.55,5.56,-1.0
5.58,5.59,5.26,5.3,1.0
5.3,5.37,5.22,5.34,0.0
5.33,5.39,5.28,5.33,1.0
5.33,5.61,5.26,5.46,1.0
5.42,5.59,5.31,5.56,1.0
5.67,5.88,5.61,5.76,1.0
5.66,5.81,5.59,5.75,1.0
5.75,5.94,5.69,5.77,1.0
5.72,5.96,5.72,5.86,-1.0
5.91,5.99,5.78,5.86,-1.0
5.81,5.88,5.73,5.75,1.0
5.79,5.85,5.71,5.81,1.0
5.82,6.26,5.81,6.15,1.0
6.05,6.36,6.01,6.2,1.0
6.17,6.4,6.11,6.23,-1.0
6.24,6.3,6.0,6.07,1.0
6.09,6.19,5.97,6.11,-1.0
6.06,6.19,5.93,5.96,-1.0
5.96,5.96,5.69,5.8,1.0
5.8,5.87,5.75,5.85,-1.0
5.82,5.84,5.68,5.69,-1.0
5.69,5.82,5.6,5.65,-1.0
5.68,5.78,5.64,5.67,-1.0
5.68,5.74,5.59,5.64,1.0
5.64,5.75,5.51,5.74,1.0
5.73,5.86,5.72,5.83,1.0
5.83,6.2,5.81,6.08,1.0
6.12,6.47,6.12,6.31,1.0
6.21,6.39,6.15,6.3,1.0
6.33,6.79,6.29,6.65,-1.0
6.67,6.75,6.36,6.37,1.0
6.34,6.51,6.26,6.46,1.0
6.4,6.64,6.19,6.59,-1.0
6.6,6.65,6.26,6.32,1.0
6.51,6.95,6.38,6.82,-1.0
6.7,6.84,6.38,6.57,0.0
6.55,6.57,6.29,6.55,-1.0
6.52,6.66,6.34,6.36,-1.0
6.3,6.3,6.18,6.25,1.0
6.26,6.33,6.19,6.3,-1.0
6.37,6.47,6.3,6.35,1.0
6.33,6.39,6.25,6.35,1.0
6.33,6.45,6.26,6.4,-1.0
6.37,6.41,6.28,6.33,1.0
6.41,6.56,6.36,6.46,1.0
6.46,6.62,6.39,6.59,1.0
6.58,6.74,6.52,6.63,-1.0
6.67,6.69,6.39,6.47,-1.0
6.49,6.49,6.29,6.33,1.0
6.33,6.46,6.33,6.35,1.0
6.36,6.39,6.31,6.37,1.0
6.36,6.48,6.28,6.45,1.0
6.4,6.47,6.36,6.46,-1.0
6.45,6.45,6.02,6.09,1.0
6.1,6.48,6.08,6.42,-1.0
6.56,6.9,6.25,6.29,1.0
6.19,6.57,6.14,6.51,1.0
6.51,6.76,6.41,6.65,1.0
6.68,6.78,6.55,6.78,1.0
6.8,6.93,6.7,6.86,-1.0
6.83,6.89,6.6,6.66,-1.0
6.66,6.8,6.45,6.59,1.0
6.6,6.7,6.51,6.68,1.0
6.61,6.69,6.49,6.65,-1.0
6.66,6.95,6.46,6.58,-1.0
6.63,6.74,6.28,6.31,-1.0
6.32,6.41,6.11,6.28,1.0
6.27,6.49,6.26,6.44,1.0
6.4,6.7,6.38,6.65,1.0
6.66,7.15,6.54,6.87,1.0
6.86,7.2,6.59,6.92,-1.0
7.0,7.17,6.81,6.89,1.0
6.89,7.09,6.8,6.9,-1.0
6.81,6.87,6.65,6.72,0.0
6.85,7.06,6.74,6.85,-1.0
6.77,6.85,6.55,6.59,-1.0
6.59,6.7,6.51,6.55,1.0
6.47,6.66,6.34,6.65,-1.0
6.72,6.94,6.63,6.68,-1.0
6.6,6.67,6.49,6.55,1.0
6.53,6.71,6.47,6.69,1.0
6.68,6.78,6.62,6.71,-1.0
6.36,6.46,6.04,6.04,1.0
6.15,6.29,6.04,6.23,1.0
6.2,6.35,6.13,6.31,1.0
6.26,6.41,6.26,6.34,-1.0
6.27,6.35,6.2,6.23,1.0
6.23,6.38,6.22,6.36,-1.0
6.36,6.38,6.22,6.33,1.0
6.28,6.47,6.24,6.4,-1.0
6.28,6.39,6.25,6.27,-1.0
6.3,6.34,6.18,6.19,1.0
6.1,6.25,6.07,6.18,1.0
6.2,6.25,6.14,6.21,-1.0
6.19,6.23,6.06,6.07,-1.0
6.15,6.18,5.91,5.93,-1.0
5.95,5.97,5.66,5.71,1.0
5.73,5.84,5.72,5.79,1.0
5.8,5.88,5.73,5.85,-1.0
5.93,5.93,5.81,5.85,-1.0
5.88,5.88,5.75,5.85,1.0
5.85,5.95,5.83,5.91,1.0
5.92,5.99,5.88,5.97,1.0
5.97,6.05,5.96,6.01,1.0
6.01,6.09,6.0,6.05,1.0
6.04,6.21,6.01,6.21,-1.0
6.24,6.24,6.15,6.21,1.0
6.23,6.31,6.2,6.28,-1.0
6.27,6.27,6.12,6.13,1.0
6.15,6.19,6.1,6.17,-1.0
6.17,6.18,6.03,6.1,1.0
6.07,6.22,6.05,6.18,1.0
6.12,6.24,6.06,6.22,1.0
6.23,6.29,6.21,6.25,1.0
6.25,6.35,6.19,6.33,-1.0
6.31,6.35,6.25,6.28,1.0
6.28,6.32,6.23,6.3,1.0
6.32,6.54,6.31,6.48,1.0
6.48,6.87,6.45,6.68,1.0
6.68,6.85,6.61,6.77,1.0
6.79,6.93,6.72,6.9,1.0
6.92,7.21,6.83,7.1,1.0
7.05,7.27,7.05,7.21,1.0
7.18,7.59,7.08,7.52,-1.0
7.48,7.6,7.27,7.41,-1.0
7.3,7.53,7.2,7.28,1.0
7.31,7.48,7.24,7.35,1.0
7.7,8.09,7.7,8.09,1.0
8.6,8.9,8.45,8.9,1.0
8.8,9.77,8.33,9.33,1.0
9.2,9.8,9.02,9.39,-1.0
9.2,9.33,9.05,9.16,1.0
9.16,9.4,9.06,9.23,-1.0
9.16,9.18,8.88,8.98,1.0
8.91,9.09,8.51,9.0,1.0
8.93,9.06,8.79,9.04,1.0
9.18,9.35,9.01,9.19,1.0
9.2,9.76,9.0,9.54,-1.0
9.5,9.5,8.87,8.92,1.0
8.6,8.95,8.45,8.82,1.0
8.86,9.36,8.83,9.26,1.0
9.81,10.19,9.8,10.19,1.0
10.19,10.65,9.8,10.3,1.0
10.21,10.88,10.08,10.65,-1.0
10.45,10.72,10.2,10.31,1.0
10.0,10.2,9.82,10.06,-1.0
10.1,10.23,9.9,10.08,-1.0
10.03,10.03,9.52,9.58,1.0
9.52,9.7,9.3,9.67,-1.0
9.64,9.89,9.5,9.63,1.0
9.69,9.87,9.61,9.84,-1.0
9.84,9.95,9.11,9.26,-1.0
9.26,9.45,8.6,8.79,-1.0
8.79,8.98,8.28,8.35,1.0
8.5,8.68,8.36,8.65,1.0
8.78,9.15,8.63,9.1,-1.0
9.1,9.24,8.93,9.05,1.0
9.0,9.31,8.87,9.14,-1.0
9.15,9.18,8.87,8.92,1.0
8.9,9.23,8.81,9.05,1.0
8.88,9.05,8.87,8.92,1.0
8.98,9.36,8.8,9.29,1.0
9.23,9.63,9.15,9.44,1.0
9.35,9.84,9.27,9.74,1.0
9.87,9.94,9.65,9.91,1.0
9.91,10.9,9.91,10.47,1.0
10.4,10.78,10.26,10.56,1.0
10.54,10.87,10.13,10.63,-1.0
10.72,11.1,9.82,9.9,0.0
9.7,10.08,9.1,9.7,1.0
9.71,10.1,9.61,10.08,1.0
10.08,10.84,9.92,10.52,1.0
10.5,10.87,10.18,10.61,-1.0
10.5,10.73,9.69,10.44,1.0
10.65,11.48,10.43,11.48,1.0
11.3,11.87,10.9,11.5,-1.0
11.5,11.51,11.06,11.22,1.0
11.18,11.68,10.87,11.32,1.0
11.52,11.95,11.35,11.62,1.0
11.63,12.03,11.18,11.79,-1.0
12.14,12.37,11.69,11.85,-1.0
11.46,12.01,11.18,11.24,1.0
11.16,11.5,10.68,11.44,-1.0
11.44,11.64,10.84,10.89,-1.0
10.5,10.71,9.8,9.8,1.0
9.8,9.99,8.88,9.81,1.0
10.0,10.14,9.66,10.07,1.0
10.1,10.42,9.92,10.16,-1.0
9.98,10.77,9.16,9.55,-1.0
9.85,10.1,8.6,9.4,1.0
9.3,9.88,8.5,9.82,-1.0
9.8,10.1,8.84,8.85,-1.0
8.94,8.99,7.97,7.97,-1.0
7.45,7.77,7.14,7.14,-1.0
7.67,7.75,6.43,6.43,-1.0
6.08,6.08,5.79,5.79,0.0
5.21,5.65,5.21,5.21,1.0
4.76,5.73,4.76,5.73,1.0
5.97,6.3,5.81,6.3,1.0
6.7,6.93,6.5,6.93,-1.0
6.98,7.47,6.7,6.84,-1.0
6.56,6.78,6.16,6.16,1.0
6.16,6.55,5.58,6.26,1.0
6.3,6.79,6.27,6.68,1.0
6.53,6.87,6.46,6.7,1.0
6.56,7.0,6.48,6.8,1.0
6.8,7.3,6.56,7.12,1.0
7.03,7.4,6.88,7.26,-1.0
7.16,7.39,6.88,6.98,-1.0
6.71,6.96,6.28,6.28,1.0
6.0,6.36,5.65,6.02,1.0
6.21,6.4,5.89,6.38,-1.0
6.35,6.6,6.02,6.09,1.0
6.0,6.28,6.0,6.15,1.0
6.16,6.77,6.02,6.77,1.0
6.83,7.28,6.51,7.2,1.0
7.1,7.79,7.0,7.34,1.0
7.1,7.46,7.0,7.27,-1.0
7.35,7.58,7.19,7.33,1.0
7.33,7.75,7.22,7.64,1.0
7.34,7.62,7.34,7.45,-1.0
7.36,7.38,7.12,7.22,1.0
7.14,7.4,7.11,7.39,1.0
7.44,7.85,7.36,7.54,1.0
7.5,8.09,7.46,7.99,-1.0
8.1,8.26,7.19,7.19,1.0
6.75,7.91,6.75,7.91,-1.0
7.95,8.34,7.58,7.66,-1.0
7.3,7.5,6.89,6.9,-1.0
6.39,6.63,6.21,6.21,0.0
5.59,5.77,5.59,5.59,-1.0
5.42,5.71,5.03,5.03,1.0
5.15,5.38,4.65,5.26,1.0
5.31,5.79,5.25,5.79,-1.0
5.72,5.82,5.53,5.62,-1.0
5.56,5.56,5.06,5.06,-1.0
4.75,5.18,4.6,4.66,1.0
4.69,4.98,4.66,4.74,1.0
4.76,5.1,4.69,5.07,1.0
5.17,5.55,5.12,5.32,1.0
5.26,5.71,5.16,5.48,1.0
5.4,5.88,5.31,5.79,-1.0
5.86,6.08,5.21,5.21,1.0
5.0,5.44,4.88,5.07,1.0
5.16,5.58,5.04,5.58,-1.0
5.56,6.0,5.41,5.52,1.0
5.54,5.68,5.42,5.59,1.0
5.43,6.03,5.39,5.87,1.0
5.81,6.05,5.7,5.99,1.0
5.88,6.17,5.79,6.04,-1.0
6.02,6.07,5.86,5.92,-1.0
5.86,5.92,5.36,5.46,-1.0
5.48,5.48,5.11,5.44,1.0
5.28,5.55,5.21,5.35,-1.0
5.39,5.43,5.22,5.26,-1.0
5.43,5.53,5.32,5.42,1.0
5.42,5.53,5.37,5.47,1.0
5.51,5.91,5.46,5.8,1.0
5.74,5.86,5.66,5.8,0.0
5.76,5.93,5.7,5.76,1.0
5.7,5.89,5.7,5.88,1.0
5.91,6.09,5.77,6.04,-1.0
6.02,6.05,5.74,5.82,1.0
5.82,5.99,5.79,5.91,-1.0
5.92,5.94,5.32,5.33,1.0
5.4,5.58,5.32,5.55,1.0
5.55,5.69,5.5,5.68,-1.0
5.78,5.88,5.66,5.73,-1.0
5.68,5.69,5.41,5.64,1.0
5.6,5.96,5.55,5.73,-1.0
5.83,5.94,5.75,5.8,-1.0
5.86,5.86,5.62,5.69,1.0
5.58,5.95,5.49,5.82,-1.0
5.89,5.95,5.65,5.74,1.0
5.71,6.0,5.71,5.97,1.0
5.97,6.23,5.92,6.01,1.0
6.01,6.12,5.94,6.08,1.0
6.02,6.28,5.94,6.16,1.0
6.14,6.28,6.08,6.2,1.0
6.25,6.36,6.18,6.29,-1.0
6.29,6.31,6.03,6.09,-1.0
6.03,6.09,5.9,5.91,1.0
5.8,5.98,5.77,5.97,-1.0
6.01,6.19,5.95,5.96,-1.0
5.98,6.05,5.81,5.95,1.0
5.98,6.01,5.88,5.99,1.0
5.99,6.1,5.98,6.09,-1.0
6.1,6.15,5.93,5.99,-1.0
6.0,6.01,5.82,5.96,1.0
5.92,6.06,5.91,6.02,1.0
6.02,6.1,5.98,6.04,-1.0
6.03,6.17,5.47,5.63,-1.0
5.6,5.69,5.21,5.47,1.0
5.51,5.68,5.4,5.56,1.0
5.57,5.82,5.51,5.71,1.0
5.71,5.77,5.62,5.76,-1.0
5.71,5.74,5.58,5.65,1.0
5.63,5.71,5.62,5.68,-1.0
5.63,5.64,5.42,5.47,1.0
5.43,5.48,5.39,5.46,-1.0
5.48,5.57,5.35,5.4,-1.0
5.41,5.42,5.25,5.38,1.0
5.35,5.64,5.28,5.55,-1.0
5.55,5.61,5.5,5.52,1.0
5.54,5.59,5.51,5.55,1.0
5.56,5.96,5.56,5.88,1.0
5.81,5.96,5.81,5.92,1.0
5.94,6.25,5.93,6.17,-1.0
6.16,6.33,6.05,6.09,-1.0
6.11,6.14,5.92,5.92,-1.0
5.94,5.97,5.8,5.88,1.0
5.83,5.99,5.83,5.94,-1.0
5.94,6.0,5.63,5.71,1.0
5.68,5.75,5.65,5.74,1.0
5.75,6.11,5.72,6.01,-1.0
6.0,6.0,5.83,5.84,-1.0
5.88,5.88,5.27,5.29,1.0
4.87,5.35,4.87,5.17,1.0
5.17,5.69,5.17,5.69,-1.0
5.68,5.76,5.17,5.18,1.0
5.39,5.68,5.18,5.54,1.0
5.45,5.76,5.43,5.64,1.0
5.6,6.2,5.53,6.2,0.0
6.12,6.42,5.95,6.12,1.0
5.85,6.73,5.84,6.73,1.0
6.5,6.77,6.31,6.53,1.0
6.34,6.78,6.19,6.53,1.0
6.51,6.75,6.4,6.6,-1.0
6.45,6.55,5.94,5.94,-1.0
5.63,5.8,5.4,5.55,-1.0
5.6,5.77,5.41,5.44,1.0
5.52,5.67,5.44,5.54,-1.0
5.49,5.49,4.99,4.99,-1.0
4.87,4.95,4.49,4.54,-1.0
4.53,4.53,4.09,4.09,1.0
4.01,4.21,3.86,4.09,-1.0
4.1,4.13,3.88,3.9,1.0
3.92,4.02,3.9,4.0,1.0
3.96,4.14,3.94,4.05,1.0
4.07,4.16,4.03,4.1,-1.0
4.16,4.16,4.01,4.01,1.0
3.85,4.05,3.78,3.99,1.0
4.01,4.23,3.99,4.19,1.0
4.25,4.38,4.22,4.31,1.0
4.28,4.74,4.27,4.73,1.0
4.65,4.87,4.63,4.78,1.0
4.83,5.13,4.8,5.03,1.0
5.06,5.26,5.02,5.11,1.0
5.07,5.13,4.92,5.1,-1.0
5.09,5.15,4.84,4.88,1.0
4.89,5.1,4.87,4.98,-1.0
4.98,4.98,4.56,4.7,1.0
4.7,4.95,4.7,4.9,1.0
4.9,5.24,4.87,5.12,1.0
5.1,5.63,5.05,5.63,1.0
5.58,5.64,5.48,5.61,1.0
5.6,6.15,5.59,5.94,-1.0
5.88,5.88,5.4,5.79,1.0
5.65,6.05,5.49,5.92,1.0
5.81,6.51,5.7,6.39,-1.0
6.2,6.36,5.96,6.06,-1.0
5.96,6.15,5.81,5.88,-1.0
5.76,5.81,5.31,5.34,-1.0
5.2,5.25,4.95,5.05,1.0
5.07,5.18,4.98,5.13,1.0
5.12,5.3,5.09,5.23,1.0
5.27,5.47,5.18,5.38,-1.0
5.33,5.34,5.17,5.21,1.0
5.19,5.44,5.16,5.34,-1.0
5.25,5.27,5.06,5.08,1.0
5.01,5.14,5.01,5.1,-1.0
5.11,5.19,5.0,5.05,1.0
5.08,5.25,5.01,5.19,1.0
5.26,5.3,5.15,5.27,-1.0
5.28,5.28,5.15,5.17,-1.0
5.15,5.2,5.01,5.1,1.0
5.1,5.15,5.06,5.14,-1.0
5.14,5.22,5.1,5.13,-1.0
5.16,5.17,5.01,5.02,-1.0
4.99,5.0,4.77,4.84,1.0
4.88,5.06,4.88,5.04,1.0
5.02,5.2,5.02,5.15,-1.0
5.2,5.21,5.1,5.14,-1.0
5.15,5.17,5.05,5.11,-1.0
5.1,5.11,5.01,5.06,1.0
5.04,5.1,5.01,5.07,-1.0
5.07,5.09,4.98,5.03,-1.0
5.04,5.05,4.58,4.68,-1.0
4.68,4.75,4.59,4.61,1.0
