OPEN,HIGH,LOW,CLOSE,UPDOWN
7.2,9.8,6.2,6.32,-1.0
6.0,6.4,5.55,5.74,-1.0
5.8,5.89,5.5,5.55,-1.0
5.6,5.6,5.08,5.14,1.0
5.15,5.42,5.15,5.28,-1.0
5.28,5.32,5.05,5.11,1.0
5.05,5.35,5.03,5.14,-1.0
5.28,5.28,5.05,5.08,-1.0
5.05,5.13,4.72,4.77,1.0
4.7,4.9,4.5,4.9,-1.0
4.9,4.9,4.6,4.68,-1.0
4.6,4.6,4.2,4.3,-1.0
4.1,4.15,3.55,3.75,1.0
3.75,4.23,3.65,4.23,-1.0
4.25,4.29,3.75,3.88,-1.0
3.99,3.99,3.71,3.75,1.0
3.79,3.91,3.79,3.9,1.0
3.94,3.99,3.82,3.95,-1.0
4.05,4.26,3.9,3.97,-1.0
4.0,4.12,3.81,3.92,1.0
3.9,3.99,3.84,3.98,-1.0
4.0,4.06,3.91,3.96,1.0
3.89,3.95,3.75,3.95,-1.0
3.88,3.89,3.68,3.71,-1.0
3.7,3.79,3.6,3.66,1.0
3.66,3.72,3.65,3.71,-1.0
3.78,3.8,3.61,3.61,1.0
3.5,3.6,3.5,3.51,1.0
3.5,3.73,3.49,3.59,-1.0
3.68,3.71,3.55,3.56,0.0
3.62,3.66,3.53,3.62,-1.0
3.68,3.68,3.56,3.57,1.0
3.53,3.58,3.53,3.58,-1.0
3.62,3.62,3.53,3.56,-1.0
3.6,3.6,3.47,3.47,1.0
3.5,3.63,3.5,3.61,1.0
3.65,3.82,3.64,3.78,-1.0
3.8,3.83,3.66,3.68,-1.0
3.65,3.66,3.5,3.63,-1.0
3.55,3.6,3.48,3.48,1.0
3.45,3.54,3.45,3.51,-1.0
3.52,3.54,3.45,3.48,-1.0
3.51,3.55,3.45,3.49,-1.0
3.48,3.53,3.4,3.45,-1.0
3.49,3.49,3.4,3.45,-1.0
3.44,3.45,3.39,3.41,1.0
3.4,3.47,3.38,3.44,-1.0
3.45,3.46,3.39,3.42,-1.0
3.42,3.42,3.05,3.29,-1.0
3.08,3.16,2.91,3.01,-1.0
3.03,3.07,2.87,2.91,-1.0
2.95,2.95,2.79,2.81,0.0
2.85,2.9,2.71,2.85,1.0
2.88,3.02,2.82,3.01,-1.0
2.98,3.07,2.78,2.79,-1.0
2.78,2.85,2.7,2.77,0.0
2.8,2.84,2.78,2.8,0.0
2.81,2.83,2.75,2.81,-1.0
2.85,2.85,2.74,2.78,-1.0
2.78,2.78,2.63,2.71,1.0
2.63,2.78,2.62,2.74,-1.0
2.78,2.78,2.66,2.75,-1.0
2.77,2.79,2.65,2.76,-1.0
2.75,2.75,2.65,2.7,-1.0
2.7,2.7,2.61,2.65,1.0
2.68,2.71,2.63,2.71,-1.0
2.75,2.75,2.63,2.68,1.0
2.66,2.68,2.62,2.68,1.0
2.67,2.74,2.65,2.71,-1.0
2.7,2.71,2.61,2.67,1.0
2.67,2.7,2.62,2.68,0.0
2.69,2.69,2.65,2.69,-1.0
2.68,2.69,2.63,2.67,-1.0
2.66,2.67,2.58,2.58,1.0
2.56,2.57,2.5,2.57,1.0
2.53,2.6,2.52,2.58,-1.0
2.58,2.58,2.51,2.56,-1.0
2.55,2.55,2.47,2.52,-1.0
2.54,2.54,2.28,2.4,1.0
2.37,2.45,2.29,2.45,1.0
2.45,2.49,2.36,2.49,0.0
2.45,2.49,2.34,2.45,-1.0
2.43,2.43,2.22,2.22,-1.0
2.22,2.26,2.06,2.18,1.0
2.32,3.0,2.32,2.8,-1.0
3.0,3.11,2.61,2.7,1.0
2.68,3.3,2.66,3.28,1.0
3.42,3.8,3.11,3.5,1.0
3.7,4.75,3.68,4.7,1.0
5.02,5.62,4.8,5.05,-1.0
5.18,5.18,4.0,4.19,1.0
4.19,5.32,4.03,5.15,-1.0
5.38,5.4,4.51,4.72,1.0
4.6,5.08,4.55,4.82,-1.0
4.65,4.75,4.45,4.55,1.0
4.46,5.0,4.45,4.77,-1.0
4.88,4.88,4.68,4.87,1.0
4.93,5.18,4.85,5.03,-1.0
4.98,5.09,4.55,4.7,-1.0
4.53,4.6,4.4,4.5,1.0
4.48,4.8,4.33,4.8,-1.0
4.84,4.84,4.5,4.59,-1.0
5.0,5.0,4.65,4.8,1.0
4.85,5.02,4.72,4.88,0.0
4.98,5.37,4.9,4.98,1.0
5.13,5.3,5.06,5.17,-1.0
5.3,5.35,5.07,5.25,1.0
5.39,5.8,5.39,5.41,1.0
5.45,5.58,5.26,5.55,1.0
5.8,6.1,5.56,6.03,-1.0
6.21,6.28,5.77,5.88,-1.0
5.8,6.15,5.3,5.68,-1.0
5.71,5.78,5.43,5.68,-1.0
5.6,5.67,5.1,5.18,1.0
5.5,5.8,5.38,5.66,1.0
5.8,6.05,5.7,5.99,1.0
6.12,6.53,5.73,6.15,1.0
6.25,6.48,6.14,6.48,1.0
6.71,6.98,6.52,6.98,-1.0
7.08,7.08,6.25,6.45,-1.0
6.45,6.55,6.01,6.28,1.0
6.28,6.45,6.15,6.45,-1.0
6.42,6.44,5.85,5.85,-1.0
5.95,6.08,5.51,5.6,1.0
5.5,5.81,5.45,5.72,-1.0
5.73,5.82,5.5,5.56,1.0
5.7,5.9,5.58,5.84,-1.0
5.88,5.95,5.01,5.27,-1.0
5.01,5.43,4.7,5.0,-1.0
4.8,4.89,4.02,4.25,-1.0
4.4,4.43,3.91,4.0,1.0
3.71,4.6,3.08,4.46,1.0
4.0,4.3,3.99,4.15,1.0
4.17,4.42,4.08,4.34,-1.0
4.36,4.43,4.25,4.32,-1.0
4.3,4.3,3.65,3.8,1.0
3.5,3.93,3.36,3.87,-1.0
3.56,3.72,3.46,3.53,1.0
3.5,3.68,3.5,3.65,1.0
3.68,3.99,3.63,3.94,1.0
4.0,4.3,4.0,4.28,-1.0
4.3,4.35,3.98,4.0,1.0
4.2,4.7,4.1,4.7,-1.0
4.68,4.68,4.22,4.39,-1.0
4.2,4.25,3.95,4.05,1.0
4.0,4.15,3.95,4.1,-1.0
4.1,4.28,3.95,3.98,1.0
3.5,3.92,3.5,3.79,-1.0
3.96,3.96,3.82,3.92,1.0
3.82,3.95,3.8,3.9,1.0
3.9,4.16,3.9,4.13,-1.0
4.15,4.15,3.8,3.84,1.0
3.75,3.89,3.72,3.85,-1.0
4.01,4.2,3.91,3.95,1.0
3.9,4.03,3.88,4.01,-1.0
4.05,4.14,3.85,3.9,-1.0
4.03,4.03,3.88,3.99,-1.0
4.05,4.05,3.95,4.03,-1.0
3.97,3.99,3.83,3.88,1.0
3.88,3.92,3.84,3.9,-1.0
3.89,3.89,3.82,3.84,1.0
3.79,3.82,3.7,3.8,-1.0
3.8,3.85,3.77,3.78,0.0
3.8,3.83,3.71,3.8,-1.0
3.8,3.8,3.65,3.72,1.0
3.67,3.74,3.66,3.72,1.0
3.74,4.0,3.74,3.81,1.0
3.74,3.78,3.7,3.75,1.0
3.52,3.73,3.52,3.73,0.0
3.73,3.76,3.7,3.73,0.0
3.73,3.74,3.69,3.73,-1.0
3.76,3.76,3.72,3.73,-1.0
3.73,3.73,3.6,3.64,-1.0
3.6,3.62,3.54,3.56,-1.0
3.56,3.58,3.51,3.54,-1.0
3.58,3.58,3.47,3.52,0.0
3.5,3.55,3.46,3.5,-1.0
3.45,3.46,3.35,3.36,0.0
3.45,3.51,3.33,3.45,-1.0
3.42,3.42,3.35,3.36,1.0
3.36,3.68,3.36,3.6,1.0
3.6,3.75,3.5,3.64,-1.0
3.68,3.69,3.4,3.4,-1.0
3.5,3.56,3.43,3.46,-1.0
3.52,3.55,3.41,3.42,-1.0
3.42,3.47,3.32,3.36,1.0
3.3,3.45,3.3,3.35,1.0
3.35,3.42,3.35,3.38,0.0
3.4,3.54,3.38,3.4,-1.0
3.4,3.47,3.29,3.33,-1.0
3.33,3.33,3.21,3.25,1.0
3.24,3.3,3.2,3.25,1.0
3.19,3.25,3.1,3.22,1.0
3.2,3.33,3.2,3.31,-1.0
3.36,3.45,3.3,3.31,1.0
3.21,3.32,3.21,3.28,-1.0
3.25,3.29,3.18,3.2,-1.0
3.1,3.15,3.06,3.08,-1.0
3.08,3.11,3.04,3.07,-1.0
3.06,3.09,3.04,3.05,1.0
3.04,3.35,3.01,3.1,0.0
3.05,3.08,3.0,3.05,1.0
3.06,3.18,3.02,3.1,0.0
3.1,3.15,3.05,3.1,0.0
3.01,3.08,3.01,3.01,1.0
2.98,3.04,2.92,2.99,-1.0
2.95,2.95,2.9,2.92,-1.0
2.9,2.95,2.85,2.86,0.0
2.9,2.93,2.84,2.9,0.0
2.88,2.9,2.86,2.88,1.0
2.85,2.92,2.85,2.91,-1.0
2.88,2.88,2.78,2.79,0.0
2.79,2.82,2.75,2.79,1.0
2.8,2.85,2.76,2.81,1.0
2.82,2.88,2.81,2.87,-1.0
2.87,2.94,2.82,2.83,1.0
2.75,2.85,2.69,2.82,1.0
2.84,2.9,2.79,2.9,1.0
2.76,2.88,2.76,2.82,-1.0
2.8,2.82,2.77,2.79,-1.0
2.78,2.79,2.76,2.76,1.0
2.76,2.81,2.76,2.78,1.0
2.75,2.8,2.75,2.8,1.0
2.8,3.08,2.79,3.04,-1.0
2.97,3.07,2.89,2.92,-1.0
2.93,2.97,2.81,2.81,-1.0
2.91,2.98,2.82,2.82,-1.0
2.8,2.86,2.72,2.78,-1.0
2.83,2.86,2.75,2.8,1.0
2.8,2.84,2.78,2.81,1.0
2.81,2.89,2.81,2.84,1.0
2.94,3.08,2.88,3.07,1.0
3.07,3.34,3.05,3.28,-1.0
3.25,3.28,3.12,3.13,-1.0
3.1,3.16,3.03,3.07,-1.0
3.05,3.05,2.97,2.99,-1.0
3.03,3.03,2.95,2.96,-1.0
3.0,3.03,2.95,2.95,-1.0
2.96,3.02,2.86,2.87,-1.0
2.9,2.9,2.8,2.87,1.0
2.86,2.94,2.8,2.92,-1.0
2.95,2.98,2.85,2.88,1.0
2.84,2.9,2.84,2.9,1.0
2.89,3.04,2.89,3.04,-1.0
3.07,3.1,3.01,3.01,1.0
3.01,3.06,2.99,3.05,1.0
3.08,3.12,3.06,3.1,-1.0
3.07,3.09,3.06,3.06,1.0
3.05,3.08,3.0,3.07,-1.0
3.09,3.1,3.0,3.01,1.0
3.02,3.08,3.0,3.08,0.0
3.08,3.1,3.04,3.08,1.0
3.08,3.17,3.08,3.11,-1.0
3.13,3.15,3.05,3.06,1.0
3.02,3.13,3.02,3.08,1.0
3.1,3.21,3.08,3.19,-1.0
3.22,3.28,3.12,3.14,-1.0
3.1,3.13,2.96,2.99,1.0
2.96,3.01,2.95,2.97,-1.0
2.98,3.0,2.91,2.93,0.0
2.92,2.96,2.88,2.92,-1.0
2.92,2.97,2.9,2.9,0.0
2.9,2.95,2.9,2.9,0.0
2.9,2.94,2.89,2.9,0.0
2.95,2.99,2.91,2.95,-1.0
3.0,3.02,2.9,2.94,-1.0
2.94,2.95,2.85,2.87,1.0
2.55,2.64,2.52,2.57,-1.0
2.58,2.68,2.49,2.49,-1.0
2.41,2.46,1.52,2.31,-1.0
2.4,2.45,2.35,2.39,1.0
2.4,2.45,2.4,2.43,-1.0
2.5,2.5,2.43,2.43,-1.0
2.45,2.45,2.35,2.38,1.0
2.38,2.46,2.36,2.4,-1.0
2.45,2.45,2.36,2.38,-1.0
2.43,2.44,2.36,2.4,-1.0
2.43,2.43,2.36,2.37,-1.0
2.4,2.4,2.37,2.37,-1.0
2.43,2.48,2.38,2.42,0.0
2.41,2.42,2.38,2.41,1.0
2.38,2.41,2.38,2.39,-1.0
2.48,2.48,2.39,2.41,1.0
3.08,3.3,2.8,3.1,1.0
3.1,3.64,3.1,3.63,1.0
4.01,4.5,4.0,4.36,-1.0
3.8,4.0,3.2,3.21,1.0
3.3,3.57,3.16,3.35,-1.0
3.25,3.38,3.0,3.0,1.0
3.05,3.45,2.88,3.25,-1.0
3.2,3.2,3.05,3.12,0.0
3.1,3.18,3.06,3.1,1.0
3.0,3.05,2.98,3.01,-1.0
3.1,3.1,3.02,3.05,1.0
3.08,3.12,3.06,3.09,-1.0
3.08,3.08,2.95,2.96,1.0
2.88,2.93,2.82,2.91,1.0
2.9,3.15,2.88,3.05,-1.0
3.05,3.15,3.01,3.01,1.0
2.97,3.12,2.97,3.07,1.0
3.08,3.23,3.0,3.18,-1.0
3.15,3.21,3.05,3.09,-1.0
3.08,3.08,3.0,3.01,-1.0
3.01,3.01,2.71,2.8,1.0
2.75,2.85,2.7,2.82,1.0
2.75,2.79,2.71,2.77,-1.0
2.82,2.82,2.75,2.77,1.0
2.75,2.9,2.74,2.85,-1.0
2.85,2.85,2.78,2.8,1.0
2.81,2.83,2.8,2.82,0.0
2.85,2.86,2.8,2.85,-1.0
2.85,2.9,2.81,2.83,1.0
2.8,2.83,2.8,2.82,-1.0
2.85,2.85,2.8,2.81,-1.0
2.8,2.8,2.71,2.72,-1.0
2.64,2.69,2.61,2.61,1.0
2.65,2.68,2.61,2.68,1.0
2.7,2.76,2.66,2.73,-1.0
2.72,2.78,2.68,2.71,1.0
2.72,2.9,2.71,2.87,1.0
2.87,2.96,2.85,2.93,-1.0
2.99,2.99,2.75,2.8,1.0
2.78,2.84,2.77,2.8,1.0
2.83,2.85,2.8,2.85,-1.0
2.85,2.88,2.8,2.8,1.0
2.76,3.05,2.76,2.98,1.0
2.98,3.2,2.92,3.16,0.0
3.2,3.51,3.17,3.2,-1.0
3.15,3.18,3.02,3.11,0.0
3.11,3.18,3.05,3.11,1.0
3.15,3.44,3.13,3.35,-1.0
3.36,3.36,3.15,3.2,-1.0
3.2,3.23,3.04,3.05,1.0
3.04,3.11,3.02,3.11,0.0
3.12,3.17,3.1,3.12,1.0
3.1,3.29,3.1,3.19,1.0
3.19,3.28,3.11,3.25,-1.0
3.28,3.29,3.1,3.12,1.0
3.09,3.14,3.07,3.14,-1.0
3.18,3.2,3.13,3.16,1.0
3.15,3.18,3.1,3.18,-1.0
3.2,3.25,3.13,3.16,1.0
3.14,3.26,3.12,3.25,1.0
3.27,3.87,3.27,3.83,-1.0
3.83,3.83,3.55,3.75,1.0
3.85,4.28,3.78,4.0,1.0
3.82,3.98,3.66,3.84,1.0
3.8,4.05,3.8,4.03,1.0
4.1,4.23,3.93,4.13,-1.0
4.18,4.18,3.82,3.93,-1.0
3.86,3.9,3.6,3.61,-1.0
3.6,3.68,3.41,3.53,-1.0
3.54,3.62,3.36,3.36,1.0
3.37,3.53,3.24,3.45,1.0
3.4,3.48,3.36,3.41,-1.0
3.39,3.41,3.35,3.38,-1.0
3.42,3.51,3.36,3.4,-1.0
3.41,3.43,3.35,3.35,1.0
3.34,3.45,3.28,3.44,1.0
3.46,3.64,3.46,3.6,1.0
3.62,3.67,3.53,3.66,-1.0
3.66,3.66,3.53,3.55,1.0
3.55,3.76,3.53,3.72,-1.0
3.78,3.98,3.65,3.7,-1.0
3.69,3.75,3.59,3.6,1.0
3.7,3.78,3.64,3.77,1.0
3.81,3.96,3.72,3.82,-1.0
3.85,3.9,3.72,3.82,-1.0
3.83,3.85,3.72,3.74,-1.0
3.7,3.76,3.65,3.69,1.0
3.65,3.72,3.61,3.7,-1.0
3.73,3.73,3.53,3.54,-1.0
3.49,3.52,3.43,3.47,1.0
3.49,3.55,3.48,3.52,-1.0
3.53,3.53,3.46,3.48,-1.0
3.45,3.47,3.38,3.41,1.0
3.41,3.52,3.4,3.52,-1.0
3.48,3.49,3.36,3.39,1.0
3.36,3.47,3.33,3.45,1.0
3.45,3.54,3.43,3.54,-1.0
3.56,3.57,3.5,3.55,1.0
3.55,3.58,3.5,3.58,-1.0
3.5,3.57,3.45,3.47,-1.0
3.45,3.45,3.36,3.38,-1.0
3.43,3.45,3.35,3.39,1.0
3.38,3.58,3.35,3.57,1.0
3.62,3.87,3.61,3.65,-1.0
3.63,3.63,3.4,3.52,1.0
3.51,3.61,3.43,3.54,-1.0
3.54,3.56,3.5,3.53,1.0
3.56,3.7,3.56,3.69,-1.0
3.75,3.78,3.6,3.61,1.0
3.59,3.76,3.54,3.74,1.0
3.65,3.73,3.5,3.68,1.0
3.21,3.8,3.21,3.8,1.0
3.85,4.02,3.75,3.97,-1.0
3.95,3.95,3.72,3.74,1.0
3.64,3.93,3.64,3.81,1.0
3.9,3.97,3.84,3.91,-1.0
3.94,3.95,3.82,3.85,1.0
3.85,3.91,3.75,3.87,1.0
3.89,3.9,3.85,3.9,-1.0
3.9,3.9,3.84,3.86,1.0
3.9,4.08,3.87,4.07,-1.0
4.08,4.08,4.0,4.03,-1.0
4.0,4.0,3.86,3.88,1.0
3.86,3.91,3.8,3.87,-1.0
3.86,3.88,3.81,3.85,-1.0
3.8,3.8,3.59,3.64,-1.0
3.6,3.65,3.56,3.59,1.0
3.59,3.68,3.51,3.68,-1.0
3.65,3.66,3.56,3.57,0.0
3.54,3.6,3.49,3.54,1.0
3.5,3.56,3.45,3.53,1.0
3.55,3.6,3.53,3.57,-1.0
3.56,3.58,3.43,3.45,-1.0
3.45,3.46,3.38,3.38,1.0
3.38,3.41,3.35,3.39,-1.0
3.35,3.38,3.24,3.24,1.0
3.21,3.4,3.21,3.35,-1.0
3.36,3.38,3.27,3.27,1.0
3.23,3.4,3.2,3.29,-1.0
3.22,3.28,3.03,3.2,1.0
3.17,3.25,3.16,3.24,1.0
3.24,3.28,3.24,3.27,-1.0
3.25,3.25,3.19,3.2,1.0
3.2,3.24,3.17,3.22,1.0
3.23,3.33,3.23,3.26,-1.0
3.28,3.31,3.16,3.17,1.0
3.15,3.25,3.05,3.21,-1.0
3.2,3.2,3.09,3.12,1.0
3.08,3.17,3.08,3.11,1.0
3.05,3.1,3.05,3.06,-1.0
3.05,3.05,2.98,3.0,0.0
2.99,3.03,2.98,2.99,1.0
2.98,3.08,2.98,3.06,-1.0
3.08,3.1,3.03,3.06,-1.0
3.04,3.08,2.98,3.03,-1.0
3.0,3.0,2.94,2.95,-1.0
2.9,2.94,2.86,2.87,-1.0
2.87,2.89,2.78,2.86,-1.0
2.84,2.85,2.77,2.78,1.0
2.71,2.79,2.71,2.73,-1.0
2.68,2.68,2.6,2.62,1.0
2.6,2.65,2.56,2.64,1.0
2.62,2.78,2.61,2.76,-1.0
2.78,2.8,2.62,2.62,1.0
2.58,2.69,2.54,2.67,1.0
2.68,2.88,2.68,2.86,1.0
2.8,2.92,2.73,2.9,1.0
2.9,3.0,2.88,2.92,-1.0
2.9,2.91,2.77,2.86,1.0
2.81,2.89,2.8,2.87,-1.0
2.9,2.93,2.82,2.84,-1.0
2.83,2.83,2.7,2.75,-1.0
2.71,2.72,2.6,2.63,1.0
2.6,2.71,2.58,2.71,-1.0
2.7,2.7,2.65,2.67,1.0
2.68,2.71,2.67,2.7,1.0
2.7,2.74,2.7,2.73,0.0
2.73,2.91,2.72,2.73,1.0
2.69,2.8,2.65,2.76,1.0
2.78,2.85,2.78,2.83,-1.0
2.88,2.88,2.8,2.87,1.0
2.83,2.94,2.83,2.92,-1.0
2.9,2.9,2.83,2.88,-1.0
2.85,2.86,2.79,2.83,-1.0
2.83,2.85,2.75,2.75,1.0
2.72,2.76,2.7,2.73,1.0
2.72,2.79,2.71,2.78,-1.0
2.78,2.79,2.73,2.75,1.0
2.72,2.78,2.72,2.77,1.0
2.75,2.78,2.74,2.77,1.0
2.75,2.8,2.75,2.8,-1.0
2.8,2.83,2.78,2.78,1.0
2.8,2.83,2.78,2.82,1.0
2.83,2.9,2.82,2.88,1.0
3.02,3.22,2.96,3.16,1.0
3.16,3.35,3.09,3.21,-1.0
3.1,3.2,2.98,3.01,1.0
3.0,3.08,3.0,3.07,1.0
3.07,3.11,3.03,3.08,1.0
3.1,3.15,3.08,3.12,-1.0
3.1,3.11,3.01,3.08,1.0
3.05,3.1,3.03,3.06,-1.0
3.05,3.09,3.04,3.04,1.0
3.02,3.07,3.02,3.06,1.0
3.04,3.12,3.04,3.1,1.0
3.1,3.16,3.09,3.12,1.0
3.12,3.15,3.11,3.14,1.0
3.15,3.2,3.14,3.16,-1.0
3.16,3.17,3.12,3.15,-1.0
3.2,3.2,3.14,3.17,-1.0
3.17,3.18,3.09,3.11,1.0
3.09,3.15,3.06,3.14,-1.0
3.13,3.13,3.03,3.04,1.0
3.0,3.04,2.97,3.02,-1.0
3.05,3.15,3.03,3.03,-1.0
3.03,3.04,2.98,2.99,1.0
2.99,3.02,2.98,3.0,0.0
3.0,3.04,2.99,3.0,1.0
3.0,3.08,3.0,3.07,-1.0
3.09,3.09,3.03,3.05,-1.0
3.05,3.05,3.02,3.02,1.0
3.02,3.04,3.02,3.03,-1.0
3.03,3.04,3.0,3.02,1.0
3.03,3.06,3.02,3.04,-1.0
3.03,3.04,3.0,3.02,1.0
3.02,3.06,3.01,3.06,-1.0
3.08,3.09,3.04,3.07,1.0
3.05,3.13,3.04,3.11,1.0
3.12,3.19,3.11,3.15,-1.0
3.2,3.21,3.12,3.13,1.0
3.11,3.19,3.1,3.19,1.0
3.23,3.52,3.23,3.5,1.0
3.2,3.4,3.2,3.3,1.0
3.3,3.6,3.25,3.49,1.0
3.49,3.78,3.43,3.71,-1.0
3.75,3.98,3.51,3.52,-1.0
3.83,3.87,3.34,3.44,-1.0
3.42,3.47,3.28,3.31,1.0
3.25,3.49,3.25,3.43,-1.0
3.5,3.52,3.31,3.35,-1.0
3.34,3.4,3.28,3.33,-1.0
3.31,3.38,3.25,3.26,1.0
3.26,3.31,3.2,3.3,1.0
3.3,3.45,3.28,3.35,-1.0
3.36,3.45,3.32,3.35,1.0
3.35,3.43,3.35,3.43,-1.0
3.46,3.53,3.4,3.44,1.0
3.45,3.64,3.38,3.62,-1.0
3.68,3.69,3.45,3.58,-1.0
3.53,3.55,3.22,3.27,1.0
3.25,3.34,3.22,3.31,-1.0
3.33,3.36,3.17,3.18,1.0
3.14,3.2,3.1,3.19,-1.0
3.2,3.3,3.14,3.18,1.0
3.2,3.27,3.19,3.25,1.0
3.24,3.28,3.22,3.25,-1.0
3.15,3.23,3.07,3.07,1.0
3.09,3.19,3.09,3.15,-1.0
3.12,3.14,3.07,3.09,-1.0
3.12,3.15,3.06,3.09,1.0
3.11,3.28,3.07,3.26,1.0
3.23,3.35,3.23,3.3,1.0
3.4,3.48,3.31,3.42,1.0
3.5,3.68,3.5,3.68,-1.0
3.7,3.7,3.41,3.5,-1.0
3.57,3.58,3.35,3.41,1.0
3.39,3.45,3.32,3.41,-1.0
3.54,3.63,3.45,3.5,-1.0
3.65,3.8,3.55,3.57,1.0
3.56,3.68,3.54,3.66,-1.0
3.68,3.7,3.51,3.53,0.0
3.52,3.61,3.47,3.52,-1.0
3.59,3.6,3.51,3.53,-1.0
3.5,3.53,3.43,3.45,1.0
3.33,3.42,3.3,3.36,1.0
3.36,3.51,3.36,3.5,-1.0
3.58,3.58,3.41,3.42,0.0
3.42,3.42,3.42,3.42,-1.0
3.26,3.3,3.09,3.18,1.0
3.16,3.25,3.16,3.2,-1.0
3.2,3.2,3.14,3.15,0.0
3.15,3.23,3.1,3.15,1.0
3.12,3.25,3.05,3.16,-1.0
3.15,3.16,3.08,3.1,-1.0
3.1,3.1,3.04,3.07,1.0
3.08,3.19,3.07,3.15,-1.0
3.17,3.18,3.08,3.08,1.0
3.08,3.1,3.05,3.1,1.0
3.1,3.15,3.06,3.13,1.0
3.15,3.34,3.1,3.31,-1.0
3.35,3.48,3.28,3.3,1.0
3.29,3.33,3.25,3.32,1.0
3.35,3.57,3.34,3.54,1.0
3.64,3.78,3.57,3.77,-1.0
3.77,3.77,3.52,3.59,-1.0
3.58,3.67,3.52,3.57,-1.0
3.59,3.69,3.48,3.53,-1.0
3.5,3.56,3.36,3.4,1.0
3.39,3.49,3.36,3.48,-1.0
3.5,3.58,3.38,3.42,1.0
3.4,3.51,3.38,3.43,-1.0
3.45,3.48,3.35,3.43,1.0
3.46,3.63,3.4,3.5,0.0
3.55,3.59,3.48,3.55,-1.0
3.58,3.59,3.5,3.52,1.0
3.52,3.6,3.5,3.56,-1.0
3.55,3.62,3.48,3.51,1.0
3.51,3.68,3.5,3.61,1.0
3.65,3.73,3.61,3.69,-1.0
3.7,3.7,3.55,3.58,-1.0
3.6,3.63,3.53,3.54,-1.0
3.54,3.57,3.47,3.48,-1.0
3.45,3.46,3.35,3.4,-1.0
3.4,3.41,3.33,3.33,-1.0
3.33,3.34,3.22,3.23,1.0
3.23,3.33,3.23,3.29,-1.0
3.31,3.35,3.25,3.26,-1.0
3.35,3.35,3.15,3.22,-1.0
3.22,3.24,3.08,3.12,1.0
3.1,3.16,3.06,3.16,1.0
3.15,3.28,3.15,3.2,1.0
3.12,3.22,3.06,3.19,1.0
3.19,3.4,3.18,3.32,1.0
3.32,3.35,3.25,3.33,-1.0
3.35,3.46,3.3,3.32,1.0
3.32,3.41,3.26,3.35,1.0
3.4,3.61,3.38,3.45,-1.0
3.4,3.45,3.28,3.31,-1.0
3.29,3.29,3.22,3.24,-1.0
3.2,3.25,3.15,3.15,1.0
3.19,3.24,3.14,3.22,-1.0
3.23,3.44,3.15,3.16,1.0
3.16,3.25,3.13,3.23,-1.0
3.23,3.24,3.17,3.2,-1.0
3.2,3.2,3.17,3.18,-1.0
3.19,3.21,3.13,3.14,1.0
3.12,3.15,3.1,3.14,1.0
3.14,3.27,3.14,3.26,1.0
3.29,3.39,3.23,3.38,-1.0
3.4,3.4,3.26,3.28,-1.0
3.3,3.39,3.2,3.2,1.0
3.21,3.4,3.21,3.28,1.0
3.3,3.34,3.28,3.31,-1.0
3.37,3.49,3.33,3.34,1.0
3.34,3.37,3.3,3.37,1.0
3.37,3.48,3.35,3.45,1.0
3.5,3.72,3.5,3.68,-1.0
3.68,3.68,3.45,3.51,1.0
3.56,3.9,3.52,3.78,1.0
3.85,4.2,3.85,4.13,-1.0
4.28,4.49,4.08,4.18,-1.0
4.17,4.18,3.81,4.1,-1.0
4.18,4.25,3.9,3.99,1.0
3.99,4.14,3.95,4.08,-1.0
4.18,4.31,4.04,4.1,1.0
4.17,4.69,4.15,4.5,1.0
4.39,4.67,4.26,4.6,-1.0
4.8,4.83,4.58,4.73,-1.0
4.73,4.76,4.52,4.56,1.0
4.5,4.75,4.5,4.62,1.0
4.5,4.72,4.42,4.68,1.0
4.7,4.95,4.66,4.72,-1.0
4.7,4.74,4.25,4.3,1.0
4.35,4.98,4.2,4.95,-1.0
4.7,4.87,4.3,4.55,1.0
4.5,4.7,4.42,4.63,1.0
4.63,4.98,4.6,4.86,-1.0
4.98,4.98,4.57,4.89,0.0
4.88,4.95,4.73,4.88,-1.0
4.83,4.88,4.62,4.77,-1.0
4.8,4.86,4.67,4.79,1.0
4.82,4.98,4.6,4.83,1.0
4.88,5.47,4.85,5.38,1.0
5.39,5.6,5.26,5.48,1.0
5.35,5.54,5.24,5.38,1.0
5.42,6.18,5.32,6.18,1.0
6.13,6.48,6.0,6.2,-1.0
6.15,6.19,5.9,6.11,-1.0
6.1,6.18,5.11,5.32,1.0
5.2,5.34,5.03,5.27,1.0
5.3,5.55,5.2,5.54,-1.0
5.6,5.65,5.25,5.32,1.0
5.26,5.41,5.1,5.39,1.0
5.38,5.63,5.27,5.55,1.0
5.78,5.99,5.51,5.93,1.0
6.11,6.68,6.03,6.65,-1.0
6.8,6.9,6.1,6.18,1.0
6.11,6.59,6.11,6.59,-1.0
6.85,6.87,6.55,6.78,-1.0
6.7,6.75,6.47,6.6,-1.0
6.65,6.79,6.5,6.6,-1.0
6.6,6.6,6.2,6.33,-1.0
6.3,6.4,6.14,6.24,-1.0
6.2,6.24,5.58,5.8,0.0
5.7,6.15,5.65,5.7,0.0
5.13,5.13,5.13,5.13,0.0
4.62,4.62,4.62,4.62,1.0
4.16,4.84,4.16,4.76,-1.0
4.62,4.65,4.28,4.28,-1.0
3.9,4.08,3.85,3.85,1.0
3.9,4.08,3.88,4.0,-1.0
4.02,4.08,3.68,3.75,1.0
3.7,4.0,3.58,3.93,1.0
3.99,4.25,3.83,4.17,-1.0
4.17,4.17,3.95,4.11,1.0
4.13,4.16,4.03,4.14,-1.0
4.15,4.15,3.98,3.98,-1.0
4.0,4.05,3.93,3.99,-1.0
4.14,4.14,3.85,3.88,-1.0
3.82,3.89,3.75,3.79,1.0
3.74,4.06,3.71,4.05,-1.0
4.0,4.04,3.92,3.97,1.0
3.96,4.11,3.95,4.02,1.0
4.01,4.06,3.96,4.05,1.0
4.06,4.14,4.05,4.12,-1.0
4.16,4.17,3.89,3.95,1.0
3.9,4.02,3.9,3.93,0.0
3.95,4.0,3.89,3.95,-1.0
3.96,3.98,3.9,3.95,1.0
3.95,4.0,3.93,4.0,-1.0
4.05,4.05,3.95,3.97,0.0
3.98,3.98,3.9,3.98,1.0
3.98,4.02,3.94,3.99,1.0
4.0,4.06,3.96,4.06,-1.0
4.08,4.09,4.0,4.05,-1.0
4.05,4.05,3.97,3.98,1.0
3.99,4.13,3.99,4.09,1.0
4.09,4.25,3.99,4.19,1.0
4.18,4.26,4.18,4.2,1.0
4.25,4.52,4.2,4.47,-1.0
4.45,4.47,4.02,4.02,1.0
4.1,4.37,4.1,4.33,1.0
3.9,4.64,3.9,4.5,1.0
4.5,4.95,4.45,4.95,-1.0
5.12,5.26,4.95,5.05,-1.0
5.01,5.12,4.96,5.0,1.0
5.01,5.05,4.9,5.04,-1.0
5.0,5.02,4.9,4.92,1.0
4.89,5.1,4.8,5.07,1.0
5.07,5.1,5.0,5.09,1.0
5.08,5.15,4.98,5.09,-1.0
5.08,5.28,5.04,5.06,1.0
5.0,5.36,4.98,5.35,-1.0
5.3,5.34,5.1,5.17,-1.0
5.2,5.25,5.08,5.13,-1.0
5.14,5.14,5.02,5.07,1.0
5.06,5.22,5.01,5.16,-1.0
5.16,5.24,5.07,5.1,-1.0
5.1,5.15,4.91,5.05,1.0
5.1,5.19,5.07,5.11,-1.0
5.14,5.17,4.98,5.02,-1.0
5.03,5.08,4.98,5.02,-1.0
5.02,5.08,4.8,4.81,1.0
4.81,5.04,4.81,5.04,-1.0
5.16,5.21,5.04,5.15,-1.0
5.18,5.29,5.06,5.11,1.0
5.1,5.23,5.09,5.17,1.0
5.2,5.36,5.14,5.31,-1.0
5.35,5.45,5.01,5.16,1.0
5.2,5.55,5.18,5.54,-1.0
5.65,5.67,5.4,5.49,-1.0
5.5,5.54,5.34,5.39,1.0
5.4,5.49,5.27,5.43,-1.0
5.49,5.5,5.33,5.37,1.0
5.35,5.48,5.2,5.45,-1.0
5.47,5.47,5.2,5.24,1.0
5.3,5.64,5.26,5.5,1.0
5.51,5.78,5.41,5.64,0.0
5.65,5.75,5.5,5.65,1.0
5.85,6.22,5.85,6.22,-1.0
6.28,6.28,5.95,6.14,-1.0
6.18,6.21,5.96,6.02,1.0
6.02,6.2,5.98,6.17,1.0
6.2,6.45,6.11,6.28,1.0
6.49,6.69,6.45,6.56,-1.0
6.56,6.59,6.41,6.44,-1.0
6.45,6.55,6.2,6.3,-1.0
6.2,6.26,5.92,6.15,-1.0
6.15,6.28,5.95,6.08,-1.0
5.98,6.0,5.47,5.5,1.0
5.5,6.05,5.45,6.05,-1.0
6.0,6.1,5.8,5.98,1.0
6.0,6.15,5.88,6.05,-1.0
6.1,6.2,5.96,6.02,0.0
6.02,6.18,5.95,6.02,-1.0
6.03,6.08,5.5,5.55,1.0
5.68,5.9,5.58,5.85,1.0
5.8,6.3,5.75,6.21,-1.0
6.21,6.21,5.68,5.86,-1.0
5.65,5.85,5.4,5.41,1.0
5.4,5.68,5.4,5.59,1.0
5.04,5.68,5.03,5.1,1.0
5.2,5.45,5.19,5.3,-1.0
5.36,5.44,5.27,5.35,-1.0
5.39,5.39,5.08,5.12,0.0
4.61,4.95,4.61,4.61,-1.0
4.65,4.78,4.45,4.58,-1.0
4.68,4.75,4.45,4.65,1.0
4.69,4.74,4.58,4.71,0.0
4.7,4.7,4.58,4.7,-1.0
4.68,4.83,4.6,4.63,1.0
4.6,4.78,4.6,4.74,1.0
4.8,4.94,4.74,4.9,-1.0
4.95,4.96,4.73,4.84,0.0
4.84,4.89,4.76,4.84,-1.0
4.83,4.95,4.75,4.78,-1.0
4.5,4.55,4.32,4.41,-1.0
4.45,4.5,4.28,4.4,-1.0
4.44,4.47,4.23,4.26,-1.0
4.29,4.3,4.05,4.21,-1.0
4.28,4.28,4.18,4.19,1.0
4.07,4.34,3.98,4.28,1.0
4.32,4.48,4.3,4.39,-1.0
4.4,4.42,4.29,4.29,-1.0
4.32,4.33,4.22,4.24,-1.0
4.24,4.38,4.2,4.21,1.0
4.24,4.38,4.24,4.36,-1.0
4.42,4.43,4.17,4.22,1.0
4.21,4.28,4.2,4.27,-1.0
4.28,4.29,4.19,4.22,-1.0
4.22,4.25,4.1,4.11,0.0
4.11,4.11,4.11,4.11,-1.0
3.98,3.98,3.7,3.78,-1.0
3.78,3.78,3.51,3.52,1.0
3.5,3.78,3.45,3.7,-1.0
3.69,3.7,3.45,3.48,1.0
3.5,3.67,3.46,3.63,-1.0
3.66,3.68,3.58,3.6,-1.0
3.67,3.7,3.58,3.6,1.0
3.68,3.76,3.55,3.73,1.0
3.73,3.87,3.66,3.8,1.0
3.8,3.85,3.73,3.82,1.0
3.91,4.1,3.88,3.93,-1.0
3.88,3.93,3.78,3.87,1.0
3.88,3.96,3.81,3.95,-1.0
3.97,3.97,3.75,3.82,1.0
3.82,3.87,3.68,3.83,1.0
3.85,3.96,3.84,3.87,-1.0
3.87,3.92,3.78,3.8,1.0
3.78,3.88,3.72,3.85,1.0
3.8,4.03,3.78,3.98,1.0
3.98,4.13,3.98,4.07,1.0
4.1,4.17,4.02,4.16,1.0
4.16,4.25,4.05,4.22,0.0
4.25,4.28,4.19,4.25,-1.0
4.23,4.25,4.12,4.21,-1.0
4.2,4.23,4.06,4.1,-1.0
4.08,4.1,3.95,3.97,1.0
3.92,4.2,3.92,4.17,1.0
4.22,4.51,4.16,4.37,-1.0
4.37,4.45,4.3,4.36,-1.0
4.34,4.45,4.18,4.2,-1.0
4.15,4.27,4.01,4.04,1.0
4.04,4.3,4.04,4.29,-1.0
4.3,4.3,4.08,4.13,-1.0
4.13,4.13,4.03,4.12,-1.0
4.15,4.17,4.04,4.07,1.0
4.09,4.15,4.06,4.14,0.0
4.2,4.26,4.08,4.2,1.0
4.18,4.26,4.14,4.21,1.0
4.03,4.15,3.88,4.04,1.0
4.03,4.2,4.01,4.19,1.0
4.2,4.41,4.18,4.41,1.0
4.4,4.71,4.38,4.64,-1.0
4.61,4.75,4.55,4.59,-1.0
4.65,4.65,4.44,4.59,-1.0
4.57,4.57,4.4,4.45,1.0
4.4,4.56,4.4,4.5,-1.0
4.5,4.53,4.35,4.43,1.0
4.4,4.51,4.36,4.5,1.0
4.5,4.75,4.5,4.69,-1.0
4.72,4.73,4.45,4.48,1.0
4.48,4.89,4.48,4.85,-1.0
4.88,5.08,4.59,4.72,-1.0
4.65,4.82,4.48,4.5,-1.0
4.5,4.57,4.36,4.39,1.0
4.41,4.55,4.41,4.45,-1.0
4.46,4.48,4.21,4.24,-1.0
4.3,4.31,4.12,4.2,1.0
4.2,4.38,4.18,4.34,-1.0
4.35,4.36,3.91,3.95,-1.0
3.92,4.02,3.61,3.71,1.0
3.9,4.01,3.82,4.0,-1.0
4.1,4.14,4.0,4.08,1.0
4.0,4.12,3.95,4.06,-1.0
4.06,4.08,3.8,3.89,1.0
3.89,3.97,3.89,3.93,1.0
3.94,4.0,3.9,3.96,1.0
3.96,3.97,3.9,3.97,1.0
4.01,4.1,4.01,4.08,-1.0
4.1,4.13,3.99,4.0,1.0
4.01,4.07,4.0,4.04,-1.0
4.05,4.05,4.0,4.01,0.0
4.01,4.02,3.96,4.01,1.0
4.02,4.1,3.98,4.04,-1.0
4.08,4.09,4.0,4.06,-1.0
4.06,4.08,3.95,4.02,1.0
3.99,4.12,3.98,4.05,1.0
4.05,4.13,4.04,4.08,-1.0
4.13,4.18,3.96,3.97,-1.0
4.01,4.04,3.95,3.98,-1.0
4.0,4.02,3.89,3.95,1.0
3.95,4.1,3.86,4.07,-1.0
4.07,4.1,3.88,3.9,1.0
3.85,3.95,3.8,3.9,-1.0
3.92,3.95,3.81,3.83,1.0
3.8,3.9,3.8,3.9,-1.0
3.96,3.96,3.86,3.88,1.0
3.88,3.94,3.84,3.89,-1.0
3.86,3.89,3.75,3.82,-1.0
3.81,3.89,3.78,3.79,1.0
3.79,3.85,3.78,3.84,-1.0
3.84,3.9,3.8,3.82,1.0
3.8,3.89,3.78,3.84,-1.0
3.88,3.88,3.79,3.8,-1.0
3.8,3.8,3.72,3.77,1.0
3.8,3.99,3.78,3.88,-1.0
3.89,3.98,3.8,3.87,-1.0
3.82,3.85,3.78,3.78,-1.0
3.77,3.8,3.75,3.76,-1.0
3.75,3.84,3.74,3.74,-1.0
3.74,3.79,3.7,3.72,-1.0
3.7,3.7,3.58,3.59,-1.0
3.57,3.6,3.48,3.55,1.0
3.56,3.66,3.55,3.65,-1.0
3.66,3.66,3.5,3.51,1.0
3.51,3.57,3.5,3.56,0.0
3.55,3.56,3.49,3.55,1.0
3.54,3.62,3.54,3.6,-1.0
3.6,3.6,3.5,3.51,1.0
3.5,3.55,3.49,3.53,1.0
3.52,3.55,3.49,3.53,-1.0
3.55,3.56,3.45,3.46,0.0
3.46,3.48,3.43,3.46,1.0
3.48,3.55,3.48,3.51,-1.0
3.52,3.52,3.44,3.51,-1.0
3.5,3.5,3.41,3.46,0.0
3.44,3.44,3.41,3.44,1.0
3.44,3.46,3.41,3.45,1.0
3.45,3.54,3.42,3.46,1.0
3.45,3.58,3.45,3.53,-1.0
3.56,3.56,3.44,3.49,-1.0
3.5,3.5,3.38,3.4,0.0
3.4,3.42,3.35,3.4,-1.0
3.41,3.46,3.38,3.38,-1.0
3.39,3.39,3.34,3.37,1.0
3.37,3.44,3.36,3.43,0.0
3.45,3.5,3.41,3.45,-1.0
3.45,3.52,3.4,3.43,-1.0
3.48,3.48,3.38,3.41,1.0
3.41,3.48,3.39,3.44,1.0
3.45,3.57,3.42,3.57,1.0
3.56,3.63,3.51,3.61,-1.0
3.61,3.65,3.55,3.57,-1.0
3.57,3.65,3.51,3.54,-1.0
3.6,3.63,3.46,3.49,-1.0
3.45,3.45,3.14,3.26,1.0
3.3,3.48,3.28,3.47,-1.0
3.55,3.55,3.41,3.5,-1.0
3.5,3.52,3.4,3.4,1.0
3.4,3.48,3.37,3.48,1.0
3.5,3.62,3.48,3.6,-1.0
3.62,3.63,3.47,3.5,-1.0
3.52,3.52,3.4,3.42,1.0
3.42,3.52,3.4,3.52,1.0
3.61,3.69,3.55,3.68,1.0
3.68,3.81,3.56,3.73,1.0
3.69,3.86,3.68,3.8,-1.0
3.82,3.87,3.71,3.73,-1.0
3.75,3.75,3.64,3.65,-1.0
3.62,3.7,3.57,3.58,1.0
3.58,3.65,3.57,3.64,-1.0
3.64,3.65,3.56,3.61,-1.0
3.62,3.62,3.56,3.59,-1.0
3.6,3.6,3.55,3.57,-1.0
3.55,3.55,3.42,3.48,1.0
3.48,3.56,3.48,3.52,1.0
3.52,3.59,3.52,3.56,-1.0
3.57,3.61,3.5,3.53,-1.0
3.55,3.55,3.47,3.5,1.0
3.4,3.56,3.4,3.5,1.0
3.52,3.6,3.5,3.59,1.0
3.6,3.7,3.54,3.62,-1.0
3.64,3.66,3.56,3.59,-1.0
3.6,3.6,3.5,3.54,1.0
3.5,3.6,3.5,3.53,-1.0
3.56,3.56,3.48,3.51,-1.0
3.5,3.55,3.44,3.47,-1.0
3.47,3.47,3.38,3.41,1.0
3.39,3.43,3.38,3.4,-1.0
3.42,3.44,3.39,3.41,0.0
3.46,3.48,3.42,3.46,-1.0
3.44,3.46,3.4,3.42,-1.0
3.46,3.46,3.4,3.42,1.0
3.42,3.46,3.4,3.46,1.0
3.46,3.57,3.45,3.5,-1.0
3.5,3.5,3.4,3.46,-1.0
3.51,3.54,3.42,3.43,1.0
3.43,3.54,3.41,3.49,1.0
3.48,3.57,3.44,3.54,1.0
3.57,3.68,3.56,3.64,-1.0
3.64,3.65,3.56,3.58,-1.0
3.57,3.6,3.51,3.56,1.0
3.56,3.76,3.5,3.66,1.0
3.64,3.68,3.6,3.67,1.0
3.72,3.95,3.7,3.95,-1.0
3.95,3.98,3.83,3.85,1.0
3.83,3.9,3.8,3.89,1.0
3.89,4.12,3.85,3.92,-1.0
3.92,3.98,3.82,3.85,1.0
3.85,4.08,3.75,4.0,1.0
4.0,4.15,3.9,4.05,-1.0
4.06,4.1,4.0,4.05,-1.0
4.27,4.32,4.03,4.12,-1.0
4.09,4.12,3.95,3.98,1.0
3.95,4.08,3.9,3.97,1.0
3.96,4.04,3.95,3.99,1.0
4.01,4.26,4.01,4.25,-1.0
4.28,4.3,4.13,4.14,-1.0
4.14,4.19,3.98,4.0,-1.0
4.25,4.25,3.95,3.97,0.0
3.95,4.02,3.92,3.95,-1.0
4.0,4.0,3.89,3.93,1.0
3.93,4.0,3.92,3.97,-1.0
3.97,4.0,3.87,3.89,1.0
3.86,3.93,3.82,3.9,-1.0
3.9,3.94,3.85,3.89,0.0
3.89,4.03,3.86,3.89,1.0
3.89,4.0,3.8,3.97,0.0
4.0,4.02,3.9,4.0,1.0
4.05,4.28,4.0,4.22,1.0
4.2,4.46,4.15,4.4,-1.0
4.39,4.39,4.21,4.25,1.0
4.25,4.39,4.17,4.26,1.0
4.3,4.54,4.26,4.5,-1.0
4.5,4.5,4.28,4.32,1.0
4.28,4.43,4.22,4.31,1.0
4.29,4.47,4.28,4.36,-1.0
4.4,4.53,4.3,4.35,1.0
4.35,4.68,4.35,4.65,1.0
4.65,4.87,4.6,4.75,0.0
4.75,4.75,4.75,4.75,-1.0
4.82,4.97,4.7,4.73,1.0
4.73,4.85,4.66,4.76,1.0
4.76,4.95,4.76,4.92,-1.0
4.94,4.99,4.7,4.81,1.0
4.8,4.92,4.73,4.84,1.0
4.85,5.05,4.81,4.91,1.0
4.88,5.04,4.85,4.9,-1.0
4.9,4.95,4.58,4.58,-1.0
4.55,4.6,4.32,4.35,1.0
4.34,4.54,4.3,4.46,1.0
4.66,4.91,4.5,4.85,1.0
5.0,5.32,4.9,5.13,1.0
5.13,5.25,5.01,5.19,-1.0
5.2,5.21,4.91,5.08,-1.0
5.11,5.16,4.95,4.96,1.0
4.95,5.1,4.91,5.0,-1.0
5.05,5.05,4.91,4.95,-1.0
4.95,5.05,4.9,4.91,-1.0
4.9,4.9,4.71,4.87,1.0
4.9,4.96,4.82,4.95,1.0
4.98,5.2,4.95,5.04,0.0
4.99,5.13,4.92,4.99,-1.0
4.99,5.13,4.94,4.98,1.0
5.0,5.1,4.86,5.09,-1.0
5.2,5.22,4.98,5.0,1.0
4.98,5.08,4.89,5.03,1.0
5.08,5.4,5.01,5.32,-1.0
5.4,5.55,5.15,5.25,1.0
5.26,5.39,5.17,5.3,0.0
5.3,5.35,5.24,5.3,1.0
5.3,5.51,5.3,5.5,-1.0
5.5,5.58,5.4,5.48,1.0
5.51,5.74,5.48,5.69,-1.0
5.7,5.77,5.58,5.63,0.0
5.63,5.63,5.63,5.63,-1.0
5.63,5.78,5.18,5.21,-1.0
5.21,5.39,4.99,4.99,1.0
4.95,5.16,4.78,5.13,-1.0
5.11,5.25,4.92,5.01,-1.0
4.55,4.65,4.41,4.46,-1.0
4.5,4.5,4.34,4.41,1.0
4.4,4.62,4.36,4.54,-1.0
4.5,4.52,4.39,4.43,1.0
4.41,4.66,4.41,4.63,1.0
4.48,4.79,4.48,4.7,-1.0
4.52,4.66,4.42,4.47,-1.0
4.47,4.53,4.4,4.43,1.0
4.43,4.47,4.35,4.44,-1.0
4.45,4.46,4.35,4.37,-1.0
4.37,4.42,4.25,4.32,-1.0
4.3,4.37,4.22,4.22,-1.0
4.2,4.2,4.04,4.07,-1.0
4.13,4.23,4.05,4.1,-1.0
4.1,4.1,3.86,3.86,-1.0
3.85,3.85,3.6,3.71,1.0
3.76,3.82,3.68,3.82,-1.0
3.82,3.82,3.61,3.62,-1.0
3.54,3.54,3.26,3.26,-1.0
3.38,3.44,3.11,3.21,1.0
3.28,3.44,3.22,3.42,1.0
3.42,3.47,3.32,3.45,1.0
3.45,3.56,3.35,3.56,1.0
3.53,3.62,3.45,3.55,1.0
3.55,3.8,3.5,3.79,-1.0
3.8,3.96,3.7,3.73,1.0
3.68,3.87,3.61,3.81,-1.0
3.76,3.81,3.58,3.6,1.0
3.58,3.77,3.36,3.76,1.0
3.71,4.12,3.62,3.93,-1.0
3.9,3.93,3.75,3.79,1.0
3.76,3.85,3.73,3.77,1.0
3.79,3.83,3.75,3.8,-1.0
3.82,3.87,3.71,3.8,-1.0
3.8,3.86,3.73,3.74,1.0
3.7,3.78,3.7,3.78,1.0
3.79,3.84,3.74,3.82,-1.0
3.82,3.84,3.74,3.78,1.0
3.78,3.86,3.66,3.85,-1.0
3.83,3.94,3.75,3.81,0.0
3.81,3.87,3.76,3.81,1.0
3.81,3.95,3.79,3.82,-1.0
3.8,3.84,3.74,3.76,1.0
3.7,3.8,3.7,3.79,1.0
3.8,3.95,3.78,3.84,1.0
3.85,4.09,3.85,3.96,-1.0
3.99,3.99,3.73,3.76,1.0
3.71,3.88,3.68,3.88,1.0
3.9,4.18,3.85,4.04,-1.0
4.06,4.1,3.91,3.93,-1.0
3.98,4.02,3.91,3.93,-1.0
3.95,3.98,3.81,3.83,-1.0
3.8,3.85,3.75,3.77,1.0
3.76,3.82,3.75,3.78,-1.0
3.84,3.84,3.75,3.79,-1.0
3.8,3.81,3.73,3.74,1.0
3.74,3.78,3.67,3.78,-1.0
3.82,3.82,3.7,3.72,-1.0
3.72,3.75,3.65,3.68,-1.0
3.7,3.74,3.66,3.69,-1.0
3.7,3.71,3.66,3.66,-1.0
3.69,3.69,3.59,3.6,1.0
3.6,3.67,3.59,3.61,-1.0
3.61,3.61,3.47,3.5,1.0
3.49,3.55,3.45,3.5,1.0
3.5,3.55,3.5,3.52,-1.0
3.52,3.52,3.36,3.46,-1.0
3.43,3.43,3.38,3.41,1.0
3.4,3.5,3.4,3.44,-1.0
3.47,3.47,3.4,3.42,-1.0
3.42,3.42,3.38,3.39,-1.0
3.39,3.4,3.3,3.35,1.0
3.35,3.48,3.31,3.46,-1.0
3.46,3.47,3.4,3.45,-1.0
3.45,3.47,3.4,3.44,1.0
3.46,3.54,3.45,3.52,1.0
3.52,3.59,3.5,3.54,-1.0
3.56,3.56,3.48,3.51,-1.0
3.51,3.53,3.41,3.44,1.0
3.44,3.5,3.42,3.46,-1.0
3.46,3.49,3.43,3.44,-1.0
3.43,3.44,3.38,3.42,1.0
3.43,3.48,3.41,3.45,1.0
3.45,3.66,3.44,3.6,-1.0
3.6,3.6,3.54,3.55,-1.0
3.55,3.6,3.5,3.5,0.0
3.5,3.52,3.46,3.5,1.0
3.5,3.57,3.5,3.51,-1.0
3.51,3.53,3.44,3.45,-1.0
3.46,3.46,3.39,3.4,-1.0
3.4,3.43,3.38,3.39,1.0
3.4,3.43,3.36,3.42,0.0
3.44,3.46,3.4,3.44,1.0
3.45,3.59,3.43,3.51,1.0
3.51,3.6,3.5,3.55,1.0
3.58,3.75,3.51,3.68,1.0
3.69,3.75,3.66,3.7,1.0
3.69,3.81,3.67,3.76,0.0
3.76,3.85,3.73,3.76,-1.0
3.76,3.76,3.6,3.6,1.0
3.58,3.84,3.57,3.82,-1.0
3.82,3.88,3.77,3.78,1.0
3.75,3.86,3.68,3.84,-1.0
3.83,3.97,3.8,3.82,-1.0
3.77,3.89,3.72,3.73,1.0
3.66,3.94,3.66,3.91,1.0
3.95,4.05,3.88,4.01,-1.0
4.05,4.05,3.9,3.97,-1.0
3.96,3.98,3.86,3.93,1.0
3.94,4.02,3.9,3.98,-1.0
4.0,4.0,3.9,3.91,-1.0
3.91,3.93,3.81,3.81,-1.0
3.78,3.78,3.69,3.75,1.0
3.78,3.91,3.78,3.9,-1.0
3.9,3.9,3.74,3.83,-1.0
3.83,3.83,3.68,3.79,1.0
3.78,3.85,3.76,3.81,1.0
3.76,3.96,3.76,3.88,1.0
3.68,3.85,3.67,3.72,1.0
3.72,3.83,3.59,3.75,-1.0
3.75,3.8,3.67,3.7,-1.0
3.68,3.68,3.6,3.62,1.0
3.6,3.74,3.56,3.65,-1.0
3.63,3.71,3.58,3.6,-1.0
3.6,3.61,3.45,3.49,-1.0
3.46,3.48,3.36,3.43,1.0
3.44,3.51,3.42,3.5,-1.0
3.52,3.54,3.43,3.44,1.0
3.48,3.5,3.44,3.5,1.0
3.5,3.75,3.49,3.66,-1.0
3.68,3.77,3.6,3.63,-1.0
3.62,3.62,3.54,3.57,1.0
3.55,3.62,3.5,3.6,-1.0
3.62,3.65,3.5,3.53,-1.0
3.5,3.52,3.46,3.48,1.0
3.44,3.47,3.4,3.45,1.0
3.44,3.51,3.41,3.51,-1.0
3.51,3.51,3.41,3.42,0.0
3.42,3.47,3.4,3.42,-1.0
3.4,3.43,3.37,3.37,-1.0
3.35,3.37,3.31,3.32,1.0
3.35,3.41,3.35,3.4,1.0
3.41,3.47,3.38,3.45,1.0
3.45,3.55,3.42,3.49,1.0
3.5,3.54,3.48,3.51,-1.0
3.52,3.53,3.43,3.49,-1.0
3.5,3.53,3.46,3.49,1.0
3.5,3.59,3.44,3.58,-1.0
3.58,3.6,3.48,3.49,0.0
3.49,3.52,3.45,3.49,1.0
3.5,3.58,3.48,3.53,1.0
3.53,3.58,3.47,3.56,0.0
3.57,3.64,3.53,3.57,0.0
3.57,3.6,3.51,3.57,1.0
3.58,3.77,3.57,3.65,-1.0
3.62,3.68,3.53,3.55,1.0
3.55,3.61,3.52,3.6,-1.0
3.63,3.65,3.56,3.59,-1.0
3.58,3.6,3.52,3.57,-1.0
3.56,3.58,3.52,3.52,0.0
3.54,3.59,3.5,3.54,0.0
3.53,3.55,3.51,3.53,1.0
3.54,3.64,3.51,3.6,-1.0
3.63,3.63,3.52,3.54,0.0
3.54,3.56,3.5,3.54,1.0
3.51,3.59,3.5,3.58,1.0
3.56,3.7,3.55,3.65,0.0
3.68,3.7,3.61,3.68,1.0
3.69,3.85,3.64,3.8,1.0
3.8,4.18,3.75,4.08,0.0
4.06,4.12,3.92,4.06,1.0
4.06,4.44,3.96,4.26,-1.0
4.25,4.41,4.2,4.2,-1.0
4.15,4.2,3.96,4.0,-1.0
3.99,4.06,3.89,3.91,-1.0
3.91,4.01,3.78,3.85,1.0
3.84,3.96,3.8,3.86,0.0
3.85,3.94,3.8,3.85,1.0
3.85,4.15,3.83,4.11,-1.0
4.12,4.15,3.82,3.87,1.0
3.7,3.9,3.48,3.81,0.0
3.82,3.93,3.79,3.82,-1.0
3.82,3.88,3.69,3.69,-1.0
3.67,3.78,3.6,3.63,-1.0
3.63,3.72,3.5,3.51,1.0
3.55,3.69,3.52,3.68,-1.0
3.68,3.7,3.61,3.66,-1.0
3.66,3.75,3.6,3.63,1.0
3.68,3.8,3.63,3.74,-1.0
3.74,3.75,3.66,3.72,-1.0
3.7,3.78,3.67,3.68,-1.0
3.63,3.63,3.45,3.47,1.0
3.48,3.6,3.48,3.6,-1.0
3.62,3.68,3.55,3.59,-1.0
3.6,3.66,3.53,3.56,-1.0
3.55,3.55,3.45,3.47,1.0
3.4,3.5,3.38,3.43,-1.0
3.41,3.47,3.4,3.4,1.0
3.4,3.54,3.39,3.53,1.0
3.54,3.65,3.49,3.61,-1.0
3.62,3.66,3.53,3.57,1.0
3.57,3.93,3.45,3.78,-1.0
3.8,3.85,3.6,3.62,1.0
3.6,3.83,3.56,3.73,1.0
3.7,3.81,3.68,3.78,0.0
3.83,3.97,3.8,3.83,-1.0
3.88,3.9,3.68,3.8,-1.0
3.8,3.86,3.73,3.79,-1.0
3.82,3.85,3.72,3.73,-1.0
3.71,3.74,3.64,3.65,0.0
3.65,3.69,3.61,3.65,1.0
3.68,3.8,3.58,3.76,1.0
3.78,3.9,3.69,3.79,1.0
3.79,3.9,3.73,3.87,-1.0
3.95,4.14,3.88,3.92,-1.0
3.95,3.95,3.8,3.83,1.0
3.9,4.21,3.9,4.21,-1.0
4.25,4.42,3.9,3.99,1.0
4.0,4.2,3.95,4.17,-1.0
4.2,4.3,4.05,4.17,1.0
4.19,4.4,4.08,4.3,1.0
4.32,4.36,4.26,4.35,-1.0
4.35,4.38,4.18,4.3,0.0
4.3,4.3,4.3,4.3,1.0
4.4,4.6,4.35,4.5,-1.0
4.55,4.58,4.1,4.12,1.0
4.11,4.35,4.11,4.34,1.0
4.38,4.77,4.2,4.77,-1.0
4.79,4.95,4.55,4.58,-1.0
4.55,4.57,4.12,4.12,1.0
4.14,4.35,4.14,4.34,-1.0
4.35,4.44,4.22,4.25,-1.0
4.2,4.25,3.98,4.03,1.0
4.0,4.24,4.0,4.23,1.0
4.25,4.32,4.18,4.3,-1.0
4.3,4.32,4.18,4.24,-1.0
4.22,4.24,4.08,4.15,-1.0
4.11,4.12,4.03,4.07,1.0
4.05,4.24,4.04,4.17,-1.0
4.17,4.23,4.08,4.12,1.0
4.12,4.25,4.08,4.14,-1.0
4.13,4.14,3.98,3.99,1.0
4.01,4.15,3.92,4.14,-1.0
4.18,4.19,4.09,4.16,-1.0
4.15,4.15,3.98,3.99,1.0
4.0,4.1,3.99,4.05,1.0
4.05,4.14,4.05,4.09,-1.0
4.1,4.11,4.04,4.06,1.0
4.06,4.11,4.06,4.09,1.0
4.11,4.18,4.1,4.14,-1.0
4.15,4.18,4.05,4.1,-1.0
4.12,4.18,4.05,4.11,1.0
4.13,4.29,4.13,4.22,1.0
4.22,4.33,4.2,4.28,0.0
4.28,4.35,4.21,4.28,1.0
4.28,4.48,4.1,4.41,-1.0
4.48,4.69,4.43,4.47,-1.0
4.45,4.46,4.29,4.32,1.0
4.3,4.38,4.27,4.34,-1.0
4.35,4.38,4.28,4.32,1.0
4.38,4.48,4.33,4.41,1.0
4.45,4.62,4.45,4.58,-1.0
4.65,4.65,4.52,4.55,-1.0
4.55,4.55,4.42,4.49,0.0
4.4,4.5,4.3,4.4,-1.0
4.4,4.42,4.3,4.32,1.0
4.3,4.4,4.25,4.39,-1.0
4.4,4.42,4.3,4.32,1.0
4.32,4.42,4.3,4.34,1.0
4.35,4.4,4.35,4.39,1.0
4.42,4.57,4.42,4.51,-1.0
4.55,4.55,4.36,4.39,1.0
4.39,4.45,4.34,4.44,-1.0
4.44,4.55,4.4,4.43,1.0
4.38,4.43,4.28,4.4,-1.0
4.4,4.43,4.25,4.25,-1.0
4.25,4.25,4.13,4.15,1.0
4.14,4.2,4.14,4.16,1.0
4.17,4.28,4.11,4.2,1.0
4.25,4.42,4.25,4.39,-1.0
4.42,4.47,4.36,4.37,-1.0
4.4,4.44,4.32,4.37,-1.0
4.37,4.42,4.34,4.36,0.0
4.4,4.53,4.39,4.4,-1.0
4.4,4.44,4.33,4.33,1.0
4.32,4.4,4.3,4.33,1.0
4.35,4.44,4.33,4.41,1.0
4.41,4.52,4.4,4.44,-1.0
4.44,4.45,4.35,4.38,-1.0
4.36,4.4,4.28,4.3,-1.0
4.35,4.39,4.32,4.33,-1.0
4.36,4.38,4.23,4.24,-1.0
4.24,4.25,4.19,4.22,-1.0
4.23,4.28,4.18,4.2,-1.0
4.2,4.25,4.16,4.18,-1.0
4.18,4.18,4.03,4.06,1.0
3.99,4.09,3.99,4.02,1.0
4.0,4.08,4.0,4.06,-1.0
4.1,4.1,3.99,4.0,1.0
4.0,4.09,3.96,4.01,1.0
4.03,4.1,4.03,4.07,-1.0
4.1,4.1,3.98,4.08,1.0
4.0,4.09,3.97,4.09,1.0
4.08,4.15,4.03,4.12,-1.0
4.13,4.13,4.02,4.03,1.0
4.0,4.12,4.0,4.06,-1.0
4.06,4.06,3.99,3.99,1.0
3.97,4.02,3.95,3.99,1.0
4.04,4.3,4.03,4.18,-1.0
4.17,4.17,4.06,4.11,-1.0
4.1,4.13,4.0,4.05,-1.0
4.06,4.06,3.99,4.01,1.0
4.0,4.08,4.0,4.03,-1.0
4.03,4.06,3.99,4.0,-1.0
4.0,4.0,3.9,3.93,0.0
3.91,3.97,3.9,3.91,0.0
3.9,3.94,3.87,3.9,-1.0
3.91,3.97,3.88,3.88,-1.0
3.85,3.87,3.75,3.79,-1.0
3.86,3.99,3.78,3.83,-1.0
3.9,3.9,3.81,3.85,-1.0
3.86,3.88,3.75,3.78,-1.0
3.82,3.82,3.69,3.71,1.0
3.7,3.79,3.63,3.77,1.0
3.78,3.84,3.7,3.8,0.0
3.8,3.88,3.76,3.8,-1.0
3.83,3.83,3.74,3.74,1.0
3.74,3.8,3.71,3.75,1.0
3.75,3.82,3.73,3.78,-1.0
3.8,3.82,3.74,3.75,1.0
3.74,3.78,3.74,3.77,-1.0
3.81,3.85,3.76,3.79,-1.0
3.78,3.78,3.74,3.75,1.0
3.75,3.81,3.75,3.8,-1.0
3.83,3.83,3.74,3.75,1.0
3.74,3.77,3.69,3.75,1.0
3.77,3.85,3.75,3.8,1.0
3.78,3.85,3.78,3.8,1.0
3.8,3.84,3.72,3.82,-1.0
3.82,3.82,3.74,3.75,1.0
3.73,3.8,3.72,3.76,-1.0
3.76,3.8,3.69,3.73,1.0
3.74,3.82,3.7,3.81,1.0
3.82,3.85,3.78,3.83,-1.0
3.84,3.85,3.71,3.74,-1.0
3.72,3.74,3.69,3.71,-1.0
3.7,3.73,3.55,3.6,-1.0
3.6,3.63,3.53,3.55,1.0
3.55,3.62,3.48,3.6,-1.0
3.6,3.66,3.52,3.53,-1.0
3.5,3.55,3.48,3.48,-1.0
3.51,3.57,3.38,3.48,0.0
3.48,3.52,3.41,3.48,1.0
3.49,3.53,3.46,3.5,1.0
3.52,3.75,3.48,3.68,-1.0
3.66,3.73,3.59,3.6,1.0
3.59,3.7,3.56,3.69,1.0
3.7,3.9,3.7,3.88,1.0
3.75,3.96,3.68,3.93,-1.0
3.98,3.98,3.75,3.75,-1.0
3.71,3.8,3.6,3.63,-1.0
3.63,3.71,3.6,3.62,1.0
3.62,3.65,3.53,3.65,-1.0
3.61,3.62,3.5,3.56,-1.0
3.57,3.6,3.5,3.52,1.0
3.52,3.56,3.5,3.54,-1.0
3.53,3.53,3.45,3.51,-1.0
3.55,3.67,3.51,3.53,-1.0
3.53,3.55,3.42,3.45,1.0
3.44,3.56,3.4,3.49,-1.0
3.5,3.55,3.45,3.46,-1.0
3.46,3.52,3.4,3.45,1.0
3.45,3.49,3.39,3.49,1.0
3.5,3.84,3.5,3.84,-1.0
3.9,3.93,3.68,3.82,1.0
3.81,3.98,3.7,3.9,-1.0
3.95,4.03,3.8,3.85,1.0
3.85,4.06,3.83,3.88,1.0
3.88,4.07,3.88,4.02,-1.0
4.05,4.1,3.71,3.71,1.0
3.75,3.95,3.7,3.92,1.0
3.93,3.98,3.85,3.97,1.0
3.97,4.06,3.9,3.98,1.0
3.98,4.12,3.96,4.04,-1.0
4.05,4.06,3.88,3.95,-1.0
3.93,3.95,3.87,3.88,-1.0
3.88,3.9,3.77,3.83,1.0
3.82,3.88,3.8,3.84,1.0
3.84,4.22,3.81,4.22,1.0
4.2,4.64,4.15,4.39,1.0
4.38,4.65,4.18,4.49,-1.0
4.46,4.6,4.27,4.41,1.0
4.41,4.85,4.38,4.84,1.0
4.87,5.32,4.74,5.32,1.0
5.17,5.85,4.9,5.85,-1.0
5.78,6.09,5.27,5.36,-1.0
5.28,5.51,4.86,4.91,1.0
4.88,5.17,4.77,4.97,1.0
4.9,5.46,4.87,5.35,-1.0
5.35,5.4,5.02,5.1,-1.0
5.08,5.09,4.74,4.87,1.0
4.85,5.14,4.81,4.95,-1.0
4.96,5.1,4.8,4.8,1.0
4.82,5.0,4.8,4.93,1.0
4.95,5.2,4.89,5.11,1.0
5.12,5.3,5.02,5.15,-1.0
5.19,5.25,5.05,5.15,-1.0
5.15,5.22,4.92,4.94,1.0
4.9,5.11,4.86,4.96,1.0
4.97,5.45,4.96,5.34,-1.0
5.33,5.4,5.17,5.29,1.0
5.3,5.55,5.25,5.5,0.0
5.5,5.7,5.43,5.5,-1.0
5.51,5.55,5.12,5.14,-1.0
5.15,5.34,5.08,5.12,1.0
5.1,5.18,5.02,5.17,1.0
5.17,5.28,5.08,5.22,-1.0
5.25,5.28,5.08,5.13,-1.0
5.15,5.18,4.95,5.03,-1.0
5.0,5.0,4.82,4.98,-1.0
4.98,5.02,4.91,4.97,1.0
4.95,5.19,4.93,5.06,-1.0
5.09,5.1,4.9,4.95,1.0
4.91,5.0,4.84,4.93,1.0
4.9,5.05,4.85,4.97,1.0
5.0,5.4,5.0,5.27,-1.0
5.3,5.35,4.98,5.02,-1.0
5.02,5.2,4.85,5.0,1.0
5.01,5.08,5.0,5.05,-1.0
5.04,5.04,4.86,4.89,-1.0
4.89,4.95,4.6,4.62,-1.0
4.63,4.77,4.38,4.41,1.0
4.42,4.5,4.4,4.45,-1.0
4.48,4.48,4.22,4.26,1.0
4.3,4.38,4.26,4.35,-1.0
4.37,4.38,4.26,4.32,1.0
4.33,4.5,4.26,4.5,1.0
4.5,4.68,4.41,4.6,1.0
4.6,4.75,4.52,4.64,1.0
4.65,4.79,4.5,4.7,-1.0
4.69,4.77,4.6,4.62,1.0
4.62,4.8,4.6,4.75,1.0
4.8,5.18,4.7,5.02,1.0
5.24,5.33,5.08,5.28,1.0
5.4,5.81,5.39,5.81,1.0
6.0,6.39,5.9,6.39,1.0
6.49,7.03,6.48,7.03,1.0
7.69,7.73,7.25,7.73,-1.0
8.48,8.5,6.96,7.18,1.0
7.02,7.48,6.51,7.3,-1.0
7.2,7.5,6.68,6.93,-1.0
6.9,7.1,6.6,6.82,-1.0
6.77,6.9,6.22,6.28,1.0
6.18,6.91,6.12,6.91,1.0
7.05,7.4,6.88,7.1,-1.0
7.13,7.15,6.69,6.77,1.0
6.81,7.2,6.66,6.91,-1.0
6.91,7.08,6.7,6.9,1.0
6.9,7.59,6.8,7.59,1.0
7.58,8.2,7.35,7.75,-1.0
7.6,7.97,7.36,7.51,1.0
7.58,8.2,7.45,8.05,1.0
8.15,8.86,8.02,8.86,-1.0
9.01,9.6,8.83,8.95,-1.0
8.89,9.1,8.45,8.5,0.0
8.5,8.5,8.5,8.5,-1.0
8.44,8.8,7.96,8.0,-1.0
7.85,8.0,7.55,7.64,1.0
7.41,7.97,7.09,7.81,-1.0
7.7,7.9,7.1,7.4,1.0
7.38,7.55,7.21,7.48,1.0
7.5,7.99,7.3,7.95,1.0
7.98,8.46,7.86,8.2,1.0
8.18,8.6,8.05,8.56,-1.0
8.58,8.59,8.09,8.19,1.0
8.15,8.47,8.11,8.2,-1.0
8.2,8.44,7.38,7.58,1.0
7.41,7.68,7.3,7.46,-1.0
7.4,7.45,7.1,7.2,1.0
7.18,7.55,7.15,7.37,1.0
7.4,7.5,7.3,7.43,1.0
7.43,7.8,7.43,7.66,-1.0
7.66,7.73,7.47,7.49,-1.0
7.49,7.52,7.25,7.48,1.0
7.5,7.75,7.5,7.54,1.0
7.55,8.28,7.4,8.17,-1.0
8.14,8.28,7.9,7.91,1.0
7.9,8.6,7.88,8.31,1.0
8.43,8.88,8.43,8.49,1.0
8.5,8.64,8.35,8.53,1.0
8.48,8.86,8.45,8.68,-1.0
8.72,9.09,8.5,8.62,-1.0
8.61,8.68,8.0,8.12,1.0
8.06,8.28,8.0,8.18,-1.0
8.28,8.48,8.16,8.22,-1.0
8.51,8.58,8.18,8.25,-1.0
8.25,8.28,8.0,8.21,1.0
8.21,8.36,8.07,8.23,1.0
8.22,8.48,8.19,8.34,-1.0
8.34,8.45,8.14,8.2,1.0
8.2,8.9,8.16,8.65,1.0
8.65,9.18,8.62,9.1,-1.0
9.18,9.25,8.76,8.83,1.0
8.83,9.55,8.83,9.49,-1.0
9.59,9.78,9.15,9.16,0.0
9.15,9.46,8.55,9.15,-1.0
9.15,9.2,8.8,8.93,1.0
8.87,9.4,8.86,9.38,1.0
9.45,10.18,9.45,10.16,-1.0
10.08,10.28,9.72,10.0,1.0
10.01,11.0,9.86,10.76,-1.0
10.57,11.18,10.14,10.2,1.0
10.1,10.78,10.01,10.32,1.0
10.4,11.0,10.39,10.58,-1.0
10.65,10.88,10.1,10.39,-1.0
10.43,10.6,9.5,9.61,-1.0
9.6,9.88,9.08,9.3,1.0
9.37,9.48,9.22,9.4,-1.0
9.4,9.45,9.11,9.31,1.0
9.25,9.85,9.16,9.69,-1.0
9.7,9.78,9.4,9.55,1.0
9.6,10.0,9.5,9.85,1.0
9.79,9.96,9.6,9.86,-1.0
9.86,9.9,9.3,9.32,-1.0
9.25,9.25,8.5,8.63,1.0
8.51,8.78,8.21,8.67,-1.0
8.7,8.75,8.34,8.35,-1.0
8.3,8.34,7.88,7.9,1.0
8.01,8.44,8.0,8.12,1.0
8.2,8.3,7.98,8.26,1.0
8.28,8.42,8.1,8.4,-1.0
8.4,8.43,8.1,8.11,1.0
8.08,8.26,8.02,8.18,-1.0
8.18,8.25,7.9,8.06,1.0
8.06,8.5,7.92,8.49,-1.0
8.46,8.48,8.22,8.26,-1.0
8.2,8.35,8.1,8.19,-1.0
8.2,8.33,8.0,8.05,-1.0
8.01,8.03,7.6,7.64,1.0
7.6,7.71,7.51,7.63,1.0
7.65,7.86,7.63,7.72,-1.0
7.78,7.78,7.51,7.55,1.0
7.52,7.66,7.25,7.63,-1.0
7.7,7.7,7.42,7.56,1.0
7.6,7.88,7.47,7.79,1.0
7.8,7.95,7.71,7.9,-1.0
7.91,7.93,7.66,7.72,1.0
7.72,7.73,7.56,7.73,-1.0
7.7,7.7,7.53,7.56,1.0
7.56,7.88,7.51,7.62,1.0
7.6,7.71,7.55,7.67,-1.0
7.67,7.75,7.6,7.65,-1.0
7.65,7.66,7.51,7.53,-1.0
7.53,7.53,7.38,7.4,1.0
7.41,7.66,7.36,7.63,1.0
7.65,7.72,7.55,7.67,1.0
7.6,8.0,7.58,7.88,-1.0
7.9,7.95,7.82,7.87,1.0
7.89,8.47,7.89,8.33,-1.0
8.33,8.34,8.1,8.27,1.0
8.3,8.44,8.2,8.31,-1.0
8.33,8.4,8.17,8.3,1.0
8.35,8.62,8.35,8.46,-1.0
8.49,8.5,8.23,8.27,-1.0
8.27,8.37,8.11,8.12,1.0
8.11,8.27,8.11,8.2,-1.0
8.23,8.3,8.05,8.14,1.0
8.15,8.37,8.1,8.21,1.0
8.21,8.68,8.15,8.58,1.0
8.62,8.72,8.5,8.7,1.0
8.73,9.05,8.56,8.97,-1.0
9.0,9.03,8.73,8.83,-1.0
8.83,8.92,8.65,8.66,1.0
8.66,8.8,8.59,8.67,1.0
8.68,8.98,8.63,8.76,-1.0
8.78,8.78,8.33,8.37,-1.0
8.33,8.36,8.15,8.23,1.0
8.2,8.39,8.2,8.35,-1.0
8.35,8.35,8.05,8.1,-1.0
8.08,8.2,7.86,7.95,-1.0
7.9,7.94,7.8,7.83,1.0
7.83,8.04,7.78,7.86,1.0
7.87,7.95,7.85,7.91,-1.0
7.9,7.98,7.6,7.82,1.0
7.9,8.06,7.78,7.94,-1.0
7.98,8.06,7.85,7.91,-1.0
7.98,8.05,7.8,7.81,-1.0
7.75,7.93,7.61,7.69,-1.0
7.69,7.86,7.61,7.65,-1.0
7.63,7.7,7.5,7.58,-1.0
7.65,7.66,7.5,7.54,1.0
7.54,7.75,7.54,7.58,1.0
7.6,7.7,7.57,7.65,1.0
7.65,7.83,7.45,7.75,1.0
7.7,7.98,7.66,7.92,-1.0
7.92,8.07,7.88,7.9,-1.0
7.9,7.95,7.71,7.77,-1.0
7.76,7.76,7.5,7.63,1.0
7.6,7.77,7.55,7.73,1.0
7.73,7.8,7.65,7.74,-1.0
7.77,7.78,7.58,7.67,1.0
7.65,8.05,7.6,7.94,-1.0
7.94,8.1,7.79,7.82,1.0
7.8,8.15,7.71,8.09,1.0
8.1,8.21,8.02,8.13,-1.0
8.15,8.2,8.0,8.02,-1.0
8.02,8.08,7.88,7.96,-1.0
8.05,8.19,7.95,8.04,1.0
8.1,8.39,8.1,8.39,-1.0
8.4,8.5,8.28,8.35,-1.0
8.33,8.4,8.05,8.09,1.0
8.05,8.25,8.05,8.2,-1.0
8.21,8.28,8.08,8.19,-1.0
8.2,8.25,8.05,8.09,-1.0
8.09,8.09,7.87,7.91,-1.0
7.9,7.9,7.7,7.71,1.0
7.69,7.87,7.55,7.84,-1.0
7.86,7.86,7.75,7.83,-1.0
7.86,7.95,7.74,7.78,-1.0
7.75,7.77,7.5,7.58,1.0
7.52,7.75,7.51,7.57,1.0
7.58,7.8,7.52,7.78,-1.0
7.78,7.78,7.65,7.72,-1.0
7.72,7.72,7.58,7.62,1.0
7.6,7.77,7.55,7.72,-1.0
7.74,7.82,7.6,7.65,1.0
7.68,7.79,7.68,7.78,-1.0
7.88,7.88,7.7,7.73,1.0
7.73,7.85,7.7,7.84,-1.0
7.84,7.86,7.75,7.81,-1.0
7.81,7.88,7.7,7.77,-1.0
7.71,7.78,7.6,7.68,-1.0
7.68,7.75,7.62,7.66,1.0
7.66,7.83,7.62,7.78,1.0
7.74,7.85,7.71,7.83,-1.0
7.85,7.85,7.74,7.76,-1.0
7.78,7.78,7.62,7.65,1.0
7.65,7.78,7.62,7.68,1.0
7.68,7.88,7.66,7.84,1.0
7.84,8.12,7.78,8.12,-1.0
7.95,8.04,7.82,7.87,1.0
7.84,8.2,7.8,8.09,1.0
8.12,8.46,8.12,8.27,-1.0
8.35,8.38,8.23,8.31,1.0
8.31,8.55,8.3,8.42,-1.0
8.43,8.49,8.25,8.28,-1.0
8.28,8.35,8.18,8.27,-1.0
8.35,8.4,8.26,8.3,-1.0
8.32,8.35,8.23,8.26,-1.0
8.26,8.35,8.03,8.08,1.0
8.05,8.18,8.03,8.13,-1.0
8.14,8.2,8.02,8.07,0.0
8.07,8.07,8.07,8.07,1.0
8.06,8.47,8.06,8.47,-1.0
8.6,8.7,8.37,8.39,-1.0
8.4,8.47,8.18,8.21,1.0
8.2,8.36,8.16,8.22,-1.0
8.22,8.25,8.06,8.12,-1.0
8.12,8.35,8.06,8.1,1.0
8.11,8.31,8.11,8.26,-1.0
8.24,8.25,8.1,8.12,-1.0
8.11,8.13,7.73,7.79,1.0
7.77,7.92,7.69,7.88,-1.0
7.9,7.95,7.76,7.78,-1.0
7.8,7.92,7.77,7.79,1.0
7.8,7.95,7.8,7.82,-1.0
7.85,7.94,7.69,7.75,-1.0
7.86,7.89,7.71,7.8,1.0
7.85,7.93,7.78,7.93,-1.0
7.92,7.95,7.78,7.83,-1.0
7.82,7.93,7.76,7.76,1.0
7.76,7.95,7.75,7.91,1.0
7.91,8.1,7.86,8.06,-1.0
8.07,8.15,8.0,8.04,-1.0
8.04,8.1,7.9,7.94,-1.0
7.95,8.0,7.81,7.87,1.0
7.86,7.92,7.8,7.9,1.0
7.85,8.14,7.8,8.06,-1.0
8.05,8.09,7.96,8.0,1.0
8.0,8.38,8.0,8.25,-1.0
8.26,8.28,8.11,8.25,-1.0
8.26,8.29,7.99,8.05,-1.0
8.05,8.11,7.91,7.95,1.0
7.95,8.15,7.95,8.07,0.0
8.07,8.07,8.07,8.07,-1.0
8.2,8.26,8.03,8.17,-1.0
8.16,8.16,8.06,8.08,-1.0
8.09,8.23,8.0,8.05,-1.0
8.06,8.15,8.0,8.05,-1.0
8.1,8.11,7.98,8.04,1.0
8.03,8.29,8.02,8.13,-1.0
8.15,8.19,8.02,8.07,1.0
8.08,8.27,8.08,8.19,1.0
8.2,8.31,8.19,8.22,-1.0
8.24,8.3,8.14,8.16,-1.0
8.21,8.23,8.02,8.06,-1.0
8.03,8.1,7.8,7.94,-1.0
7.94,7.95,7.69,7.74,-1.0
7.74,7.82,7.63,7.71,1.0
7.7,7.8,7.65,7.71,1.0
7.72,7.83,7.7,7.73,1.0
7.73,7.85,7.72,7.84,-1.0
7.87,7.87,7.72,7.79,1.0
7.76,7.94,7.75,7.8,1.0
7.81,7.86,7.74,7.86,-1.0
7.86,7.94,7.76,7.78,-1.0
7.76,7.84,7.71,7.73,1.0
7.74,7.91,7.73,7.86,-1.0
7.9,7.93,7.79,7.82,-1.0
7.82,7.82,7.7,7.73,-1.0
7.74,7.74,7.62,7.62,-1.0
7.63,7.71,7.62,7.62,-1.0
7.62,7.69,7.51,7.6,1.0
7.6,7.7,7.6,7.65,1.0
7.67,7.87,7.65,7.73,1.0
7.74,8.05,7.74,7.93,1.0
7.93,8.1,7.9,8.0,-1.0
8.1,8.12,8.01,8.04,-1.0
8.03,8.08,7.8,7.89,1.0
7.86,7.95,7.78,7.92,-1.0
7.86,7.97,7.78,7.81,1.0
7.81,7.91,7.79,7.84,1.0
7.85,8.16,7.83,8.07,0.0
8.07,8.15,8.02,8.07,-1.0
8.02,8.07,7.87,7.89,-1.0
7.86,7.91,7.76,7.8,-1.0
7.81,7.81,7.6,7.7,-1.0
7.66,7.66,7.32,7.32,-1.0
7.15,7.28,6.95,6.95,1.0
6.82,7.17,6.6,7.03,-1.0
6.9,6.94,6.68,6.83,-1.0
6.86,6.97,6.82,6.85,-1.0
6.8,6.9,6.51,6.51,-1.0
6.38,6.45,6.18,6.2,1.0
6.25,6.44,6.18,6.36,1.0
6.5,6.68,6.45,6.68,1.0
6.88,7.01,6.86,7.01,1.0
7.08,7.36,6.99,7.36,1.0
7.34,7.73,7.16,7.46,1.0
7.41,7.8,7.35,7.61,-1.0
7.6,7.81,7.48,7.5,-1.0
7.45,7.6,7.35,7.42,1.0
7.4,7.64,7.36,7.61,1.0
7.65,7.99,7.58,7.99,0.0
8.04,8.09,7.75,8.04,1.0
7.94,8.33,7.8,7.98,1.0
7.93,8.15,7.9,7.95,-1.0
8.0,8.06,7.65,7.68,1.0
7.63,8.03,7.55,8.02,-1.0
8.03,8.12,7.91,7.93,-1.0
7.85,8.05,7.8,7.82,0.0
7.72,7.9,7.71,7.72,1.0
7.72,8.11,7.72,8.08,1.0
8.08,8.22,8.0,8.12,1.0
8.12,8.2,8.0,8.14,-1.0
8.14,8.2,8.0,8.03,-1.0
7.99,8.1,7.69,7.72,1.0
7.6,7.9,7.51,7.85,-1.0
7.88,7.9,7.65,7.7,0.0
7.6,7.7,7.53,7.6,-1.0
7.63,7.79,7.6,7.61,-1.0
7.64,7.7,7.23,7.23,1.0
6.87,7.21,6.87,7.03,1.0
7.05,7.38,7.05,7.3,-1.0
7.28,7.34,6.98,7.05,1.0
7.01,7.3,6.7,7.14,-1.0
7.08,7.25,6.96,7.03,-1.0
7.05,7.14,7.0,7.01,-1.0
7.03,7.09,6.8,6.86,1.0
6.8,7.0,6.61,6.82,1.0
6.85,7.0,6.7,6.9,1.0
6.91,7.25,6.9,7.25,1.0
7.48,7.61,7.4,7.61,-1.0
7.88,7.97,7.61,7.68,-1.0
7.7,7.86,7.48,7.52,-1.0
7.5,7.68,7.26,7.28,0.0
7.28,7.28,7.28,7.28,0.0
7.64,7.64,7.64,7.64,-1.0
8.02,8.02,7.64,7.73,-1.0
7.6,7.73,7.4,7.51,1.0
7.5,7.72,7.45,7.65,-1.0
7.63,7.63,7.27,7.27,-1.0
7.3,7.35,6.91,6.91,0.0
7.26,7.26,7.26,7.26,0.0
7.62,7.62,7.62,7.62,-1.0
7.96,7.96,7.24,7.24,1.0
7.09,7.34,6.91,7.19,1.0
7.17,7.32,7.07,7.29,-1.0
7.3,7.3,7.15,7.17,1.0
7.15,7.21,7.08,7.2,1.0
7.18,7.33,7.16,7.19,1.0
7.24,7.38,7.2,7.27,-1.0
7.33,7.38,7.1,7.14,-1.0
7.15,7.22,7.1,7.11,-1.0
7.11,7.11,6.75,6.75,1.0
6.65,6.87,6.51,6.85,1.0
6.87,6.95,6.75,6.9,1.0
6.9,7.01,6.78,6.97,-1.0
6.93,6.93,6.66,6.72,-1.0
6.75,6.86,6.6,6.72,1.0
6.73,6.83,6.7,6.74,-1.0
7.08,7.08,6.75,6.77,1.0
6.77,7.01,6.77,6.99,0.0
6.99,7.05,6.92,6.99,-1.0
7.2,7.32,7.06,7.07,-1.0
7.07,7.11,6.96,7.05,-1.0
7.0,7.06,6.95,6.97,1.0
6.97,7.14,6.91,7.14,0.0
7.14,7.18,7.1,7.14,1.0
7.15,7.25,7.15,7.2,-1.0
7.2,7.25,7.05,7.15,1.0
7.15,7.36,7.08,7.25,0.0
7.61,7.61,7.61,7.61,-1.0
7.8,7.9,7.61,7.7,1.0
7.45,8.09,7.38,8.0,1.0
7.94,8.19,7.85,8.13,-1.0
8.18,8.3,7.98,8.0,0.0
8.05,8.14,7.89,8.05,-1.0
8.07,8.09,7.85,7.85,1.0
7.81,8.22,7.8,8.18,0.0
8.18,8.18,8.18,8.18,0.0
7.77,8.15,7.77,7.77,-1.0
7.61,7.75,7.38,7.39,1.0
7.5,7.76,7.5,7.55,1.0
7.56,7.82,7.56,7.68,-1.0
7.55,7.65,7.36,7.4,-1.0
7.4,7.58,7.03,7.12,-1.0
6.93,7.05,6.76,6.76,1.0
7.08,7.1,6.92,7.1,1.0
7.22,7.41,7.17,7.36,1.0
7.14,7.34,7.02,7.15,-1.0
7.26,7.4,7.14,7.17,-1.0
7.18,7.21,6.98,7.02,1.0
6.9,7.25,6.88,7.04,1.0
6.92,7.08,6.92,7.01,-1.0
7.02,7.05,6.88,6.9,-1.0
6.89,6.9,6.68,6.74,-1.0
6.7,6.85,6.4,6.68,-1.0
6.7,6.75,6.44,6.5,-1.0
6.41,6.48,6.33,6.35,1.0
6.31,6.5,6.25,6.39,1.0
6.37,6.49,6.31,6.45,-1.0
6.4,6.58,6.24,6.25,-1.0
6.18,6.18,5.94,5.94,0.0
5.64,5.69,5.64,5.64,0.0
5.36,5.36,5.36,5.36,1.0
5.09,5.4,5.09,5.17,1.0
5.09,5.4,4.91,5.18,1.0
5.2,5.44,5.14,5.44,-1.0
5.43,5.49,5.17,5.17,1.0
4.91,5.1,4.91,5.05,1.0
5.05,5.16,4.95,5.08,1.0
5.12,5.33,5.12,5.33,-1.0
5.42,5.48,5.32,5.35,1.0
5.38,5.62,5.38,5.62,0.0
5.68,5.74,5.53,5.68,-1.0
5.65,5.66,5.4,5.4,1.0
5.4,5.59,5.36,5.45,1.0
5.42,5.72,5.42,5.72,-1.0
5.98,5.98,5.73,5.85,1.0
5.85,5.98,5.77,5.93,-1.0
5.95,6.0,5.87,5.92,1.0
5.92,6.22,5.85,6.18,-1.0
6.12,6.2,5.88,5.91,1.0
5.85,6.15,5.77,6.14,1.0
6.14,6.24,6.08,6.2,1.0
6.2,6.45,6.16,6.34,1.0
6.3,6.65,6.3,6.54,-1.0
6.8,6.87,6.57,6.63,1.0
6.63,6.92,6.6,6.9,-1.0
6.9,6.93,6.65,6.68,-1.0
6.62,6.8,6.42,6.44,1.0
6.42,6.76,6.41,6.76,1.0
6.83,7.09,6.79,6.89,0.0
6.89,6.89,6.89,6.89,-1.0
7.23,7.23,6.78,6.84,1.0
6.8,7.07,6.8,6.91,-1.0
6.97,6.98,6.67,6.79,-1.0
6.76,6.78,6.55,6.6,1.0
6.6,6.7,6.52,6.7,-1.0
6.69,6.79,6.55,6.6,-1.0
6.58,6.68,6.51,6.57,-1.0
6.6,6.68,6.51,6.53,-1.0
6.52,6.52,6.2,6.2,1.0
6.1,6.22,6.08,6.12,1.0
6.15,6.43,6.15,6.43,-1.0
6.68,6.68,6.45,6.5,1.0
6.45,6.7,6.41,6.69,-1.0
6.69,6.71,6.56,6.61,1.0
6.49,6.63,6.48,6.53,1.0
6.56,6.7,6.5,6.62,1.0
6.51,6.72,6.51,6.69,-1.0
6.69,6.7,6.54,6.61,1.0
6.56,6.94,6.56,6.87,-1.0
6.71,6.9,6.53,6.54,1.0
6.24,6.49,6.24,6.36,1.0
6.29,6.48,6.29,6.33,1.0
6.35,6.45,6.25,6.39,-1.0
6.37,6.44,6.22,6.31,-1.0
6.35,6.37,6.12,6.25,1.0
6.25,6.3,6.15,6.3,0.0
5.99,6.05,5.99,5.99,0.0
5.69,5.69,5.69,5.69,1.0
5.41,5.97,5.41,5.97,1.0
5.89,6.13,5.7,5.91,0.0
5.91,5.91,5.91,5.91,0.0
5.91,5.91,5.91,5.91,0.0
5.91,5.91,5.91,5.91,0.0
5.91,5.91,5.91,5.91,-1.0
6.79,6.87,6.02,6.07,-1.0
6.02,6.03,5.79,5.82,-1.0
5.82,5.82,5.53,5.53,1.0
5.45,5.67,5.41,5.55,1.0
5.55,5.69,5.54,5.61,1.0
5.6,5.82,5.57,5.73,-1.0
5.74,5.86,5.68,5.71,-1.0
5.75,5.75,5.6,5.68,-1.0
5.7,5.84,5.62,5.64,1.0
5.62,5.75,5.61,5.72,1.0
5.79,5.92,5.71,5.87,1.0
5.92,6.16,5.87,6.05,1.0
6.03,6.14,6.02,6.1,-1.0
6.08,6.12,5.94,5.94,-1.0
5.9,6.01,5.81,5.83,-1.0
5.81,5.9,5.64,5.68,1.0
5.65,5.96,5.65,5.96,1.0
5.96,6.11,5.9,6.08,-1.0
6.18,6.2,5.95,5.96,1.0
5.95,6.02,5.87,5.96,-1.0
6.0,6.07,5.9,5.98,1.0
6.0,6.18,5.93,6.13,-1.0
6.15,6.17,6.04,6.04,-1.0
6.05,6.09,5.99,6.01,-1.0
6.13,6.14,5.78,5.78,1.0
5.77,5.89,5.76,5.79,-1.0
5.8,5.85,5.55,5.56,1.0
5.58,5.67,5.45,5.61,-1.0
5.65,5.65,5.43,5.44,1.0
5.44,5.59,5.42,5.5,-1.0
5.5,5.54,5.31,5.35,1.0
5.35,5.48,5.32,5.45,-1.0
5.41,5.41,5.18,5.19,-1.0
5.18,5.18,4.93,4.93,-1.0
4.97,5.07,4.72,4.94,1.0
4.8,5.11,4.8,5.04,-1.0
5.0,5.06,4.8,4.8,1.0
4.79,4.91,4.71,4.88,1.0
4.84,5.06,4.81,5.06,1.0
5.06,5.2,5.0,5.09,0.0
5.09,5.09,5.09,5.09,1.0
4.97,5.08,4.89,5.08,-1.0
5.09,5.17,5.03,5.07,1.0
5.05,5.17,5.01,5.13,-1.0
5.13,5.17,5.09,5.11,1.0
5.05,5.16,5.05,5.07,-1.0
5.08,5.12,4.96,4.97,-1.0
4.98,5.02,4.86,4.96,1.0
4.97,5.07,4.95,5.0,1.0
4.98,5.25,4.96,5.22,-1.0
5.28,5.28,5.16,5.2,1.0
5.28,5.44,5.25,5.32,-1.0
5.3,5.35,5.19,5.21,1.0
5.19,5.26,5.15,5.25,0.0
5.26,5.3,5.21,5.26,1.0
5.27,5.34,5.27,5.28,1.0
5.28,5.36,5.23,5.34,-1.0
5.36,5.4,5.3,5.33,-1.0
5.3,5.32,5.06,5.06,-1.0
5.04,5.09,4.86,5.01,-1.0
4.95,5.05,4.88,4.93,-1.0
4.95,4.98,4.86,4.87,-1.0
4.83,4.89,4.71,4.74,1.0
4.71,4.87,4.71,4.86,1.0
4.85,4.96,4.81,4.93,-1.0
4.93,4.99,4.86,4.9,1.0
4.88,5.05,4.88,5.05,1.0
5.05,5.15,5.0,5.13,-1.0
5.13,5.13,5.02,5.02,1.0
5.0,5.15,5.0,5.1,1.0
5.06,5.36,5.06,5.3,-1.0
5.32,5.35,5.18,5.22,1.0
5.23,5.42,5.21,5.41,-1.0
5.41,5.48,5.35,5.4,-1.0
5.39,5.4,5.28,5.34,-1.0
5.34,5.45,5.27,5.27,1.0
5.23,5.53,5.23,5.53,-1.0
5.58,5.78,5.32,5.42,0.0
5.39,5.43,5.25,5.39,1.0
5.39,5.66,5.35,5.66,-1.0
5.79,5.85,5.61,5.72,-1.0
5.7,5.78,5.63,5.66,1.0
5.66,5.77,5.62,5.69,1.0
5.69,5.76,5.66,5.7,1.0
5.69,5.75,5.66,5.7,1.0
5.71,5.89,5.71,5.73,1.0
5.72,5.81,5.68,5.75,0.0
5.75,5.85,5.7,5.75,0.0
5.73,5.8,5.72,5.73,-1.0
5.72,5.72,5.6,5.68,1.0
5.73,5.83,5.68,5.74,-1.0
5.75,5.78,5.56,5.57,-1.0
5.55,5.65,5.5,5.53,1.0
5.59,5.69,5.56,5.68,-1.0
5.71,5.71,5.6,5.63,-1.0
5.66,5.72,5.63,5.63,-1.0
5.64,5.66,5.55,5.57,1.0
5.57,5.69,5.52,5.68,1.0
5.72,5.95,5.71,5.87,-1.0
5.85,5.9,5.76,5.82,-1.0
5.8,5.87,5.71,5.71,0.0
5.68,5.78,5.62,5.68,-1.0
5.7,5.74,5.51,5.54,1.0
5.54,5.6,5.49,5.58,-1.0
5.58,5.61,5.52,5.57,1.0
5.55,5.71,5.55,5.61,1.0
5.59,5.74,5.59,5.64,1.0
5.62,5.7,5.56,5.66,-1.0
5.66,5.7,5.54,5.55,1.0
5.52,5.6,5.48,5.53,0.0
5.53,5.58,5.47,5.53,1.0
5.52,5.6,5.5,5.6,1.0
5.62,5.7,5.57,5.64,-1.0
5.62,5.68,5.54,5.55,1.0
5.57,5.83,5.54,5.77,1.0
5.75,5.85,5.67,5.82,-1.0
5.8,5.83,5.74,5.75,1.0
5.75,5.88,5.75,5.82,-1.0
5.83,5.85,5.78,5.81,-1.0
5.81,5.84,5.72,5.74,1.0
5.75,5.94,5.72,5.89,0.0
5.85,5.9,5.81,5.85,1.0
5.86,5.99,5.84,5.95,-1.0
5.96,5.96,5.88,5.95,1.0
5.95,6.09,5.91,6.02,-1.0
6.0,6.12,5.81,5.9,1.0
5.9,6.08,5.9,5.97,1.0
6.0,6.27,5.98,6.27,1.0
6.27,6.52,6.25,6.46,-1.0
6.25,6.46,6.14,6.19,-1.0
6.28,6.34,6.0,6.04,-1.0
6.08,6.13,6.0,6.03,-1.0
6.0,6.02,5.78,5.84,-1.0
5.84,5.92,5.82,5.82,-1.0
5.82,5.84,5.64,5.65,-1.0
5.65,5.74,5.5,5.51,1.0
5.5,5.59,5.5,5.54,-1.0
5.53,5.58,5.26,5.48,-1.0
5.31,5.5,5.21,5.23,-1.0
5.25,5.3,5.03,5.13,1.0
5.13,5.32,5.13,5.3,-1.0
5.48,5.49,5.21,5.37,1.0
5.46,5.64,5.34,5.64,-1.0
5.68,5.7,5.55,5.66,-1.0
5.66,5.69,5.56,5.62,1.0
5.65,5.88,5.62,5.85,-1.0
5.85,5.9,5.58,5.6,0.0
5.6,5.6,5.6,5.6,-1.0
5.6,5.7,5.48,5.5,0.0
5.5,5.5,5.5,5.5,1.0
5.94,6.05,5.72,6.0,-1.0
5.98,5.98,5.81,5.85,-1.0
5.84,5.95,5.75,5.78,0.0
5.78,5.83,5.72,5.78,1.0
5.78,5.88,5.74,5.79,-1.0
5.79,5.8,5.59,5.68,-1.0
5.7,5.7,5.54,5.55,1.0
5.53,5.67,5.51,5.64,-1.0
5.64,5.64,5.53,5.54,-1.0
5.54,5.62,5.47,5.48,-1.0
5.48,5.53,5.37,5.37,1.0
5.35,5.43,5.34,5.4,1.0
5.4,5.58,5.38,5.5,-1.0
5.5,5.53,5.39,5.42,-1.0
5.43,5.48,5.4,5.42,1.0
5.42,5.48,5.41,5.44,1.0
5.43,5.49,5.43,5.46,-1.0
5.47,5.51,5.44,5.45,-1.0
5.45,5.49,5.32,5.33,-1.0
5.33,5.34,5.25,5.26,-1.0
5.27,5.27,5.18,5.2,1.0
5.2,5.25,5.18,5.22,-1.0
5.25,5.28,5.19,5.2,1.0
5.2,5.27,5.15,5.21,-1.0
5.21,5.21,5.08,5.1,-1.0
5.08,5.11,5.05,5.07,1.0
5.06,5.14,5.06,5.1,1.0
5.1,5.14,5.06,5.13,1.0
5.15,5.25,5.13,5.2,-1.0
5.2,5.23,5.15,5.18,1.0
5.16,5.29,5.16,5.28,-1.0
5.34,5.39,5.2,5.29,-1.0
5.26,5.27,5.18,5.19,1.0
5.21,5.27,5.15,5.24,-1.0
5.21,5.22,5.17,5.19,-1.0
5.19,5.2,5.14,5.15,1.0
5.15,5.22,5.13,5.19,1.0
5.2,5.27,5.17,5.24,-1.0
5.28,5.28,5.21,5.23,-1.0
5.22,5.23,5.1,5.13,-1.0
5.1,5.14,5.05,5.08,1.0
5.12,5.22,5.07,5.22,-1.0
5.25,5.3,5.15,5.17,-1.0
5.18,5.18,5.11,5.12,-1.0
5.18,5.18,5.04,5.05,-1.0
5.04,5.05,4.91,4.94,-1.0
4.98,5.01,4.94,4.95,-1.0
4.95,4.98,4.88,4.91,-1.0
4.9,4.92,4.82,4.85,-1.0
4.86,4.88,4.8,4.85,1.0
4.85,4.96,4.83,4.95,1.0
4.95,4.97,4.91,4.96,-1.0
4.96,4.98,4.9,4.94,-1.0
4.98,4.98,4.9,4.94,1.0
4.95,5.07,4.92,5.02,-1.0
5.02,5.04,4.91,5.0,1.0
5.01,5.08,4.98,5.05,-1.0
5.08,5.11,4.98,4.98,-1.0
4.98,5.0,4.89,4.92,-1.0
4.93,4.95,4.85,4.88,-1.0
4.88,4.89,4.81,4.82,1.0
4.82,4.9,4.81,4.85,-1.0
4.87,4.87,4.77,4.78,1.0
4.78,4.83,4.78,4.79,0.0
4.79,4.84,4.78,4.79,-1.0
4.75,4.8,4.65,4.66,1.0
4.66,4.75,4.63,4.72,-1.0
4.75,4.78,4.69,4.73,-1.0
4.75,4.75,4.62,4.63,1.0
4.61,4.64,4.58,4.62,1.0
4.7,4.76,4.63,4.75,1.0
4.75,4.77,4.68,4.76,1.0
4.7,4.81,4.7,4.8,1.0
4.78,4.9,4.77,4.85,1.0
4.84,4.89,4.8,4.88,-1.0
4.9,4.91,4.77,4.84,-1.0
4.81,4.84,4.78,4.8,0.0
4.79,4.84,4.77,4.79,1.0
4.81,4.9,4.8,4.88,-1.0
4.9,4.92,4.8,4.8,-1.0
4.8,4.83,4.72,4.72,1.0
4.72,4.77,4.68,4.76,-1.0
4.78,4.79,4.66,4.67,-1.0
5.0,5.0,4.7,4.72,-1.0
4.73,4.76,4.68,4.72,-1.0
4.76,4.76,4.6,4.72,1.0
4.75,5.0,4.75,4.89,1.0
4.85,5.05,4.83,4.99,-1.0
4.99,5.04,4.91,4.96,-1.0
4.93,4.96,4.75,4.87,-1.0
4.85,4.85,4.75,4.8,1.0
4.8,5.08,4.8,5.05,1.0
4.95,5.29,4.95,5.19,-1.0
5.17,5.23,5.08,5.09,1.0
5.1,5.23,5.1,5.21,-1.0
5.23,5.25,5.14,5.19,-1.0
5.19,5.19,5.05,5.08,-1.0
5.08,5.12,4.99,5.01,-1.0
5.0,5.06,4.96,4.96,1.0
4.98,5.07,4.96,5.04,-1.0
5.01,5.09,4.95,4.97,1.0
4.99,5.06,4.94,5.05,0.0
5.13,5.18,5.07,5.13,-1.0
5.14,5.16,5.06,5.09,-1.0
5.11,5.18,5.0,5.08,1.0
4.6,5.2,4.6,4.96,-1.0
4.97,5.02,4.72,4.78,-1.0
4.85,4.92,4.65,4.77,-1.0
4.77,4.79,4.68,4.71,1.0
4.71,4.85,4.71,4.72,1.0
4.75,4.8,4.73,4.79,1.0
4.81,4.89,4.76,4.83,-1.0
4.8,4.83,4.66,4.69,-1.0
4.69,4.69,4.28,4.41,-1.0
4.41,4.45,4.28,4.33,1.0
4.3,4.34,4.27,4.31,1.0
4.32,4.37,4.28,4.33,-1.0
4.31,4.32,4.21,4.22,1.0
4.2,4.25,4.15,4.23,1.0
4.2,4.28,4.18,4.25,1.0
4.25,4.35,4.25,4.28,-1.0
4.28,4.29,4.2,4.21,1.0
4.21,4.34,4.21,4.31,1.0
4.3,4.44,4.29,4.43,-1.0
4.42,4.54,4.31,4.33,1.0
4.36,4.49,4.36,4.49,1.0
4.5,4.65,4.43,4.61,-1.0
4.59,4.65,4.52,4.58,-1.0
4.58,4.6,4.39,4.41,1.0
4.4,4.46,4.38,4.42,1.0
4.43,4.53,4.42,4.52,-1.0
4.52,4.54,4.46,4.49,1.0
4.45,4.6,4.41,4.59,-1.0
4.57,4.65,4.53,4.56,1.0
4.58,4.64,4.53,4.6,-1.0
4.6,4.65,4.48,4.49,1.0
4.48,4.52,4.44,4.5,1.0
4.5,4.52,4.45,4.51,-1.0
4.49,4.53,4.45,4.48,1.0
4.48,4.59,4.45,4.56,-1.0
4.57,4.58,4.5,4.54,1.0
4.52,4.71,4.44,4.67,-1.0
4.67,4.68,4.57,4.57,-1.0
4.56,4.56,4.4,4.46,-1.0
4.46,4.5,4.25,4.27,1.0
4.25,4.6,4.08,4.48,1.0
4.45,4.6,4.33,4.59,-1.0
4.69,4.74,4.56,4.6,-1.0
4.58,4.63,4.45,4.49,1.0
4.47,4.52,4.44,4.49,-1.0
4.49,4.5,4.41,4.41,-1.0
4.41,4.41,4.34,4.35,-1.0
4.45,4.46,4.36,4.37,1.0
4.34,4.4,4.3,4.35,-1.0
4.31,4.36,4.23,4.28,-1.0
4.27,4.3,4.18,4.2,1.0
4.2,4.35,4.2,4.29,1.0
4.29,4.34,4.25,4.33,-1.0
4.35,4.39,4.3,4.33,1.0
4.3,4.35,4.27,4.33,1.0
4.35,4.44,4.3,4.43,1.0
4.42,4.44,4.36,4.44,-1.0
4.45,4.46,4.38,4.39,1.0
4.38,4.48,4.34,4.45,1.0
4.6,4.9,4.6,4.9,1.0
5.2,5.39,5.15,5.39,-1.0
5.39,5.44,5.16,5.28,1.0
5.26,5.43,5.19,5.32,1.0
5.3,5.39,5.25,5.35,1.0
5.35,5.8,5.26,5.63,-1.0
5.59,5.62,5.35,5.36,1.0
5.38,5.49,5.36,5.42,1.0
5.45,5.59,5.43,5.47,-1.0
5.46,5.51,5.37,5.45,-1.0
5.44,5.49,5.3,5.32,0.0
5.32,5.49,5.28,5.32,1.0
5.35,5.48,5.32,5.45,1.0
5.45,5.62,5.38,5.55,1.0
5.3,5.45,5.21,5.41,-1.0
5.4,5.41,5.25,5.28,1.0
5.27,5.78,5.26,5.56,-1.0
5.55,5.67,5.46,5.49,-1.0
5.45,5.48,5.32,5.36,1.0
5.36,5.59,5.36,5.39,1.0
5.33,5.9,5.31,5.89,-1.0
5.83,5.88,5.61,5.78,1.0
5.78,6.04,5.77,5.85,-1.0
5.8,5.9,5.69,5.74,-1.0
5.7,5.75,5.52,5.54,1.0
5.53,5.67,5.41,5.62,-1.0
5.61,5.67,5.47,5.48,-1.0
5.48,5.5,5.41,5.42,-1.0
5.42,5.47,5.22,5.23,1.0
5.22,5.36,5.18,5.35,1.0
5.37,5.48,5.3,5.4,1.0
5.4,5.6,5.4,5.59,-1.0
6.1,6.15,5.6,5.69,1.0
5.66,5.8,5.56,5.76,1.0
5.75,5.88,5.65,5.78,-1.0
5.75,5.84,5.5,5.54,1.0
5.52,5.69,5.52,5.63,1.0
5.62,5.78,5.6,5.72,-1.0
5.7,5.7,5.48,5.6,-1.0
5.56,5.62,5.5,5.54,1.0
5.52,5.59,5.47,5.54,-1.0
5.54,5.55,5.44,5.45,-1.0
5.45,5.52,5.41,5.43,1.0
5.43,5.5,5.4,5.47,1.0
5.48,5.56,5.41,5.55,1.0
5.59,5.77,5.59,5.66,-1.0
5.72,5.73,5.6,5.67,-1.0
5.66,5.71,5.56,5.65,1.0
5.65,5.77,5.59,5.76,-1.0
5.76,5.81,5.66,5.7,1.0
5.7,5.78,5.61,5.77,-1.0
5.77,5.88,5.6,5.66,1.0
5.66,5.93,5.6,5.91,-1.0
5.91,5.95,5.76,5.84,-1.0
5.84,5.89,5.61,5.7,-1.0
5.72,5.83,5.48,5.49,0.0
5.45,5.55,5.23,5.45,-1.0
5.45,5.48,5.25,5.3,0.0
5.3,5.3,5.3,5.3,1.0
5.22,5.38,5.22,5.3,-1.0
5.21,5.25,4.91,4.95,-1.0
4.95,5.04,4.88,4.91,-1.0
4.9,4.99,4.8,4.85,-1.0
4.87,4.89,4.61,4.62,1.0
4.6,4.79,4.6,4.74,-1.0
4.76,4.79,4.67,4.69,1.0
4.65,4.8,4.64,4.72,-1.0
4.8,4.85,4.71,4.76,-1.0
4.81,4.82,4.73,4.8,1.0
4.82,4.95,4.75,4.9,-1.0
4.9,4.92,4.82,4.84,-1.0
4.84,4.85,4.68,4.71,-1.0
4.7,4.7,4.6,4.63,1.0
4.58,4.69,4.58,4.68,0.0
4.73,4.83,4.66,4.73,1.0
4.73,4.8,4.68,4.75,-1.0
4.75,4.8,4.7,4.7,-1.0
4.71,4.77,4.63,4.64,-1.0
4.6,4.65,4.45,4.46,1.0
4.45,4.6,4.38,4.47,1.0
4.47,4.6,4.41,4.55,-1.0
4.55,4.58,4.48,4.48,-1.0
4.48,4.49,4.43,4.47,1.0
4.48,4.63,4.43,4.63,1.0
4.63,4.7,4.55,4.69,-1.0
4.68,4.68,4.53,4.53,1.0
4.48,4.58,4.47,4.49,-1.0
4.5,4.5,4.37,4.41,-1.0
4.4,4.4,4.26,4.28,-1.0
4.28,4.32,4.02,4.11,1.0
4.08,4.13,4.05,4.09,1.0
4.08,4.19,4.08,4.11,-1.0
4.1,4.1,3.86,3.89,1.0
3.9,4.26,3.89,4.2,-1.0
4.21,4.25,4.0,4.17,-1.0
4.16,4.18,4.01,4.02,1.0
4.0,4.1,3.99,4.09,1.0
4.01,4.13,4.01,4.12,-1.0
4.12,4.16,4.08,4.11,0.0
4.05,4.07,4.0,4.05,1.0
4.02,4.07,4.0,4.04,-1.0
4.01,4.06,3.96,3.97,-1.0
3.97,3.97,3.87,3.87,-1.0
3.98,3.98,3.84,3.96,-1.0
3.98,3.98,3.89,3.92,1.0
3.92,4.11,3.86,4.11,1.0
4.11,4.23,4.08,4.18,1.0
4.16,4.18,4.07,4.18,1.0
4.1,4.23,4.1,4.15,-1.0
4.14,4.15,4.09,4.11,1.0
4.09,4.14,4.06,4.12,-1.0
4.11,4.15,4.07,4.09,-1.0
4.07,4.07,3.9,3.92,1.0
3.92,3.98,3.91,3.93,-1.0
3.98,3.98,3.88,3.94,0.0
3.98,4.01,3.91,3.98,1.0
4.0,4.1,3.98,4.09,0.0
4.11,4.15,4.07,4.11,-1.0
4.15,4.15,4.06,4.09,1.0
4.09,4.16,4.09,4.15,-1.0
4.16,4.16,3.98,3.99,-1.0
3.98,4.0,3.91,3.96,-1.0
3.96,3.96,3.9,3.91,1.0
3.93,3.96,3.9,3.96,1.0
3.95,4.01,3.94,4.01,1.0
4.0,4.05,3.98,4.04,-1.0
4.04,4.04,3.91,3.94,-1.0
3.91,3.92,3.88,3.9,1.0
3.9,3.94,3.88,3.94,1.0
3.9,4.08,3.89,4.01,0.0
3.95,4.02,3.95,3.95,-1.0
3.95,3.96,3.9,3.93,1.0
3.96,4.0,3.93,3.99,-1.0
3.99,4.01,3.93,3.96,-1.0
3.96,3.96,3.89,3.91,-1.0
3.9,3.9,3.65,3.72,-1.0
3.72,3.76,3.66,3.7,-1.0
3.69,3.69,3.5,3.57,-1.0
3.64,3.68,3.49,3.6,-1.0
3.62,3.64,3.56,3.57,-1.0
3.57,3.57,3.38,3.44,1.0
3.41,3.56,3.39,3.51,-1.0
3.5,3.5,3.22,3.46,1.0
3.44,3.6,3.41,3.55,0.0
3.55,3.6,3.5,3.55,-1.0
3.52,3.58,3.43,3.43,1.0
3.41,3.46,3.4,3.42,1.0
3.41,3.45,3.38,3.43,-1.0
3.55,3.73,3.45,3.52,-1.0
3.55,3.55,3.47,3.48,1.0
3.46,3.56,3.42,3.55,1.0
3.53,3.64,3.5,3.59,-1.0
3.62,3.65,3.57,3.6,1.0
3.58,3.62,3.55,3.59,-1.0
3.6,3.62,3.54,3.56,-1.0
3.54,3.57,3.43,3.43,0.0
3.42,3.44,3.36,3.42,1.0
3.38,3.42,3.37,3.41,1.0
3.55,3.59,3.46,3.56,1.0
3.56,3.85,3.53,3.75,1.0
3.76,3.85,3.7,3.8,1.0
3.8,3.92,3.72,3.92,1.0
3.92,4.07,3.85,4.06,-1.0
4.08,4.08,3.92,3.99,-1.0
3.97,3.98,3.84,3.87,1.0
3.87,4.25,3.85,4.22,-1.0
4.18,4.19,3.95,3.96,-1.0
4.0,4.12,3.95,3.97,-1.0
4.09,4.25,4.06,4.08,1.0
4.1,4.25,4.1,4.16,-1.0
4.11,4.15,3.92,3.93,1.0
3.95,4.04,3.83,4.02,-1.0
4.05,4.07,3.89,3.9,0.0
3.9,3.94,3.84,3.9,1.0
3.88,4.04,3.84,3.98,-1.0
3.98,3.98,3.68,3.73,-1.0
3.73,3.77,3.5,3.61,1.0
3.58,3.68,3.53,3.61,-1.0
3.6,3.68,3.5,3.54,-1.0
3.51,3.59,3.43,3.46,-1.0
3.48,3.52,3.3,3.37,-1.0
3.37,3.37,3.03,3.17,-1.0
3.13,3.2,3.1,3.12,1.0
3.12,3.25,3.07,3.24,1.0
3.35,3.41,3.29,3.4,-1.0
3.4,3.45,3.33,3.34,-1.0
3.24,3.3,3.1,3.18,1.0
3.15,3.25,3.15,3.21,0.0
3.2,3.23,3.15,3.2,1.0
3.23,3.33,3.18,3.31,-1.0
3.35,3.35,3.15,3.16,-1.0
3.25,3.26,3.17,3.2,1.0
3.19,3.24,3.18,3.24,1.0
3.21,3.26,3.19,3.24,1.0
3.27,3.37,3.21,3.36,-1.0
3.36,3.45,3.32,3.33,1.0
3.33,3.37,3.28,3.35,1.0
3.35,3.42,3.32,3.39,-1.0
3.44,3.45,3.34,3.36,-1.0
3.35,3.35,3.25,3.29,1.0
3.29,3.35,3.26,3.35,1.0
3.33,3.41,3.31,3.41,1.0
3.43,3.49,3.39,3.47,1.0
3.46,3.52,3.43,3.48,-1.0
3.48,3.5,3.41,3.45,1.0
3.44,3.49,3.42,3.45,1.0
3.46,3.54,3.43,3.49,-1.0
3.46,3.48,3.37,3.37,1.0
3.35,3.42,3.35,3.42,-1.0
3.39,3.4,3.34,3.36,1.0
3.36,3.46,3.33,3.43,1.0
3.43,3.48,3.4,3.46,1.0
3.46,3.53,3.45,3.48,-1.0
3.48,3.48,3.36,3.37,1.0
3.36,3.42,3.35,3.4,1.0
3.39,3.46,3.36,3.44,-1.0
3.39,3.42,3.27,3.28,1.0
3.25,3.33,3.22,3.26,-1.0
3.27,3.29,3.23,3.25,-1.0
3.25,3.26,3.13,3.24,-1.0
3.21,3.25,3.13,3.15,1.0
3.13,3.18,3.12,3.14,1.0
3.12,3.15,3.1,3.14,1.0
3.15,3.2,3.14,3.16,1.0
3.19,3.29,3.18,3.29,-1.0
3.28,3.28,3.18,3.2,1.0
3.15,3.2,3.15,3.18,-1.0
3.18,3.26,3.16,3.17,-1.0
3.17,3.19,3.13,3.13,1.0
3.13,3.18,3.13,3.15,1.0
3.13,3.17,3.1,3.14,-1.0
3.15,3.15,3.05,3.08,-1.0
3.08,3.08,3.02,3.04,1.0
3.01,3.15,3.01,3.09,-1.0
3.1,3.12,3.05,3.07,1.0
3.04,3.13,3.04,3.11,1.0
3.11,3.14,3.08,3.14,0.0
3.14,3.14,3.11,3.14,1.0
3.13,3.17,3.1,3.16,-1.0
3.14,3.17,3.1,3.13,-1.0
3.11,3.15,3.06,3.08,-1.0
3.04,3.05,2.95,2.96,1.0
2.98,3.09,2.94,3.04,1.0
3.02,3.08,3.01,3.05,1.0
3.0,3.07,2.97,3.01,1.0
3.01,3.1,2.98,3.08,1.0
3.13,3.19,3.11,3.14,1.0
3.14,3.17,3.1,3.17,-1.0
3.19,3.26,3.12,3.13,-1.0
3.1,3.13,3.05,3.06,-1.0
3.06,3.11,2.98,2.99,-1.0
2.79,2.84,2.69,2.7,-1.0
2.7,2.74,2.6,2.62,1.0
2.62,2.77,2.62,2.76,-1.0
2.78,2.78,2.68,2.69,1.0
2.68,2.73,2.66,2.73,1.0
2.97,3.0,2.88,3.0,-1.0
3.26,3.26,3.1,3.16,1.0
3.2,3.48,3.2,3.48,-1.0
3.45,3.45,3.3,3.42,1.0
3.42,3.58,3.38,3.5,-1.0
3.52,3.52,3.37,3.44,1.0
3.43,3.5,3.38,3.48,1.0
3.43,3.58,3.39,3.44,1.0
3.41,3.53,3.38,3.52,-1.0
3.52,3.54,3.17,3.23,-1.0
3.2,3.29,3.14,3.15,1.0
3.15,3.39,3.14,3.35,-1.0
3.37,3.44,3.27,3.31,1.0
3.26,3.3,3.2,3.28,1.0
3.28,3.38,3.28,3.36,1.0
3.36,3.39,3.3,3.38,-1.0
3.39,3.39,3.3,3.33,-1.0
3.31,3.35,3.2,3.24,-1.0
3.24,3.28,3.01,3.07,1.0
3.05,3.12,3.05,3.11,-1.0
3.1,3.1,2.94,2.99,-1.0
2.98,2.98,2.87,2.87,1.0
2.84,2.95,2.84,2.88,0.0
2.88,2.94,2.86,2.88,-1.0
2.88,2.9,2.72,2.72,1.0
2.72,2.83,2.65,2.76,1.0
2.74,2.87,2.73,2.86,-1.0
2.85,2.87,2.79,2.84,-1.0
2.83,2.83,2.72,2.79,-1.0
2.8,2.82,2.75,2.75,-1.0
2.75,2.75,2.61,2.63,1.0
2.58,2.73,2.55,2.71,1.0
2.66,2.85,2.65,2.81,-1.0
2.78,2.79,2.7,2.74,1.0
2.74,2.81,2.7,2.76,1.0
2.75,2.79,2.66,2.78,1.0
2.77,2.89,2.73,2.86,1.0
2.86,2.92,2.83,2.88,-1.0
2.88,2.88,2.78,2.83,-1.0
2.83,2.85,2.72,2.73,1.0
2.78,2.85,2.75,2.85,-1.0
2.85,2.86,2.76,2.77,1.0
2.78,2.9,2.77,2.81,-1.0
2.8,2.8,2.66,2.72,1.0
2.7,2.72,2.66,2.71,-1.0
2.71,2.71,2.58,2.6,-1.0
2.59,2.66,2.52,2.54,-1.0
2.54,2.54,2.29,2.31,-1.0
2.27,2.27,2.11,2.21,1.0
2.21,2.31,2.1,2.29,-1.0
2.32,2.32,2.19,2.2,1.0
2.17,2.32,2.17,2.3,1.0
2.24,2.29,2.2,2.26,-1.0
2.29,2.29,2.03,2.03,1.0
2.0,2.07,1.95,2.07,-1.0
2.07,2.07,2.0,2.03,1.0
2.11,2.23,2.1,2.23,1.0
2.3,2.38,2.24,2.32,-1.0
2.3,2.3,2.21,2.24,1.0
2.21,2.28,2.21,2.25,-1.0
2.25,2.25,2.15,2.23,0.0
2.21,2.24,2.18,2.21,-1.0
2.22,2.26,2.18,2.21,-1.0
2.2,2.21,2.08,2.09,1.0
2.11,2.2,2.09,2.17,1.0
2.19,2.29,2.18,2.24,1.0
2.23,2.28,2.22,2.25,-1.0
2.24,2.29,2.21,2.22,1.0
2.2,2.29,2.19,2.27,-1.0
2.27,2.27,2.23,2.25,-1.0
2.25,2.25,2.15,2.18,0.0
2.18,2.2,2.15,2.18,-1.0
2.18,2.2,2.1,2.16,1.0
2.13,2.17,2.08,2.17,1.0
2.17,2.23,2.16,2.23,1.0
2.22,2.39,2.22,2.39,-1.0
2.39,2.42,2.32,2.36,1.0
2.37,2.45,2.29,2.43,-1.0
2.43,2.45,2.37,2.41,-1.0
2.45,2.46,2.29,2.31,-1.0
2.3,2.33,2.2,2.23,-1.0
2.23,2.24,2.14,2.2,-1.0
2.2,2.23,2.17,2.19,1.0
2.19,2.28,2.15,2.28,-1.0
2.25,2.27,2.22,2.23,0.0
2.23,2.23,2.23,2.23,-1.0
2.23,2.25,2.19,2.2,-1.0
2.2,2.2,2.17,2.19,1.0
2.21,2.29,2.21,2.28,-1.0
2.26,2.26,2.17,2.19,-1.0
2.19,2.2,2.17,2.18,-1.0
2.17,2.19,2.14,2.15,-1.0
2.12,2.14,1.94,1.97,-1.0
1.95,1.96,1.9,1.94,0.0
1.94,1.94,1.9,1.94,1.0
1.92,1.96,1.9,1.93,1.0
1.9,1.97,1.9,1.94,-1.0
1.99,2.03,1.93,1.94,-1.0
1.94,2.0,1.76,1.8,1.0
1.78,1.87,1.75,1.87,-1.0
1.85,1.86,1.82,1.82,1.0
1.82,1.85,1.81,1.84,-1.0
1.84,1.86,1.76,1.76,-1.0
1.77,1.77,1.71,1.72,1.0
1.73,1.77,1.71,1.75,1.0
1.75,1.79,1.74,1.78,-1.0
1.78,1.78,1.73,1.76,1.0
1.76,1.86,1.76,1.82,1.0
1.79,1.82,1.78,1.8,1.0
1.78,1.86,1.78,1.85,1.0
1.85,1.9,1.83,1.9,1.0
1.9,1.95,1.86,1.91,-1.0
1.91,1.91,1.87,1.9,1.0
1.9,1.93,1.86,1.92,1.0
1.98,2.11,1.98,2.11,-1.0
2.18,2.31,2.14,2.15,0.0
2.1,2.14,2.06,2.1,1.0
2.09,2.13,2.07,2.12,1.0
2.1,2.2,2.09,2.16,1.0
2.15,2.19,2.07,2.18,0.0
2.18,2.18,2.11,2.18,1.0
2.18,2.25,2.15,2.2,-1.0
2.18,2.21,2.07,2.07,1.0
2.1,2.14,2.05,2.13,1.0
2.15,2.24,2.12,2.21,1.0
2.19,2.3,2.15,2.29,-1.0
2.3,2.35,2.13,2.15,1.0
2.14,2.19,2.09,2.19,1.0
2.19,2.22,2.13,2.22,-1.0
2.23,2.23,2.13,2.15,1.0
2.13,2.18,2.12,2.18,1.0
2.18,2.24,2.16,2.24,1.0
2.23,2.3,2.21,2.28,1.0
2.3,2.33,2.21,2.32,-1.0
2.31,2.35,2.26,2.27,0.0
2.27,2.29,2.18,2.27,1.0
2.28,2.36,2.25,2.34,1.0
2.34,2.39,2.3,2.35,1.0
2.35,2.45,2.35,2.45,-1.0
2.45,2.46,2.31,2.32,1.0
2.31,2.4,2.3,2.4,0.0
2.4,2.42,2.32,2.4,-1.0
2.42,2.51,2.38,2.39,1.0
2.37,2.44,2.35,2.43,1.0
2.43,2.49,2.4,2.47,1.0
2.49,2.53,2.44,2.53,1.0
2.48,2.54,2.46,2.52,-1.0
2.54,2.54,2.49,2.53,1.0
2.53,2.56,2.49,2.55,-1.0
2.58,2.58,2.48,2.55,-1.0
2.57,2.57,2.47,2.47,-1.0
2.52,2.52,2.28,2.35,-1.0
2.41,2.41,2.3,2.33,-1.0
2.34,2.35,2.26,2.33,-1.0
2.37,2.37,2.26,2.3,-1.0
2.32,2.32,2.25,2.25,1.0
2.3,2.33,2.24,2.32,1.0
2.33,2.38,2.27,2.34,-1.0
2.38,2.38,2.31,2.35,1.0
2.37,2.58,2.33,2.54,-1.0
2.53,2.63,2.46,2.48,-1.0
2.45,2.48,2.42,2.44,-1.0
2.42,2.43,2.29,2.31,1.0
2.28,2.33,2.26,2.32,1.0
2.32,2.35,2.28,2.34,-1.0
2.32,2.34,2.28,2.3,-1.0
2.28,2.29,2.22,2.27,1.0
2.27,2.31,2.25,2.3,1.0
2.3,2.32,2.27,2.31,-1.0
2.3,2.3,2.2,2.2,-1.0
2.2,2.22,2.1,2.1,-1.0
2.11,2.14,2.04,2.05,-1.0
2.03,2.08,1.95,1.96,1.0
1.96,2.02,1.94,2.02,-1.0
2.01,2.02,1.95,2.0,1.0
1.96,2.1,1.96,2.07,-1.0
2.07,2.1,2.03,2.05,1.0
2.04,2.09,2.02,2.07,1.0
2.08,2.13,2.03,2.11,1.0
2.11,2.12,2.06,2.12,-1.0
2.15,2.17,2.1,2.1,-1.0
2.08,2.09,2.0,2.0,1.0
1.99,2.05,1.97,2.03,1.0
2.02,2.05,2.01,2.05,-1.0
2.06,2.08,2.02,2.05,1.0
2.05,2.13,2.05,2.13,-1.0
2.12,2.13,2.07,2.08,1.0
2.08,2.15,2.08,2.12,1.0
2.1,2.14,2.07,2.12,-1.0
2.11,2.12,2.07,2.08,1.0
2.06,2.09,2.05,2.08,1.0
2.06,2.1,2.06,2.1,1.0
2.08,2.14,2.07,2.11,-1.0
2.14,2.15,2.11,2.12,-1.0
2.12,2.12,2.06,2.06,1.0
2.05,2.08,2.04,2.06,-1.0
2.06,2.07,2.04,2.05,-1.0
2.05,2.06,2.01,2.01,-1.0
2.01,2.02,1.96,1.97,1.0
1.96,1.99,1.95,1.98,1.0
1.97,2.0,1.96,2.0,-1.0
2.01,2.01,1.97,1.98,1.0
1.97,2.02,1.96,2.02,1.0
2.02,2.05,1.99,2.05,0.0
2.05,2.05,2.05,2.05,1.0
2.05,2.1,2.02,2.09,-1.0
2.09,2.09,2.04,2.07,0.0
2.08,2.08,2.05,2.08,-1.0
2.09,2.14,2.08,2.08,0.0
2.08,2.09,2.07,2.08,-1.0
2.07,2.09,2.03,2.06,-1.0
2.05,2.05,2.02,2.03,1.0
2.03,2.08,2.02,2.08,1.0
2.08,2.16,2.08,2.14,-1.0
2.15,2.15,2.12,2.13,1.0
2.11,2.14,2.11,2.13,1.0
2.13,2.15,2.13,2.15,-1.0
2.15,2.18,2.13,2.13,1.0
2.12,2.15,2.11,2.14,1.0
2.14,2.18,2.12,2.17,1.0
2.17,2.21,2.14,2.2,1.0
2.2,2.25,2.17,2.24,0.0
2.25,2.27,2.2,2.25,-1.0
2.24,2.24,2.18,2.19,1.0
2.2,2.29,2.18,2.28,-1.0
2.28,2.28,2.21,2.26,-1.0
2.25,2.25,2.2,2.2,0.0
2.18,2.21,2.17,2.18,1.0
2.17,2.24,2.17,2.22,1.0
2.21,2.26,2.2,2.26,-1.0
2.26,2.26,2.21,2.25,1.0
2.24,2.29,2.22,2.28,1.0
2.27,2.34,2.26,2.31,-1.0
2.21,2.21,2.08,2.09,1.0
2.09,2.17,2.07,2.13,1.0
2.13,2.16,2.1,2.16,1.0
2.16,2.3,2.13,2.28,-1.0
2.27,2.31,2.18,2.19,1.0
2.2,2.26,2.2,2.23,1.0
2.23,2.25,2.21,2.25,1.0
2.25,2.27,2.24,2.27,-1.0
2.28,2.28,2.24,2.25,-1.0
2.24,2.25,2.15,2.16,1.0
2.15,2.21,2.13,2.16,0.0
2.14,2.18,2.13,2.14,1.0
2.15,2.19,2.13,2.19,-1.0
2.19,2.21,2.17,2.17,1.0
2.17,2.25,2.16,2.25,-1.0
2.24,2.25,2.21,2.23,1.0
2.21,2.28,2.21,2.25,-1.0
2.24,2.24,2.17,2.22,1.0
2.2,2.28,2.2,2.25,-1.0
2.26,2.27,2.18,2.19,0.0
2.18,2.2,2.14,2.18,1.0
2.17,2.22,2.15,2.18,-1.0
2.19,2.19,2.11,2.12,1.0
2.1,2.13,2.05,2.12,-1.0
2.14,2.14,2.05,2.06,1.0
2.06,2.11,2.05,2.09,1.0
2.07,2.1,2.07,2.09,-1.0
2.1,2.1,2.06,2.08,1.0
2.07,2.11,2.07,2.11,1.0
2.1,2.27,2.08,2.23,-1.0
2.18,2.22,2.16,2.17,1.0
2.17,2.19,2.12,2.18,-1.0
2.17,2.19,2.15,2.16,1.0
2.15,2.22,2.14,2.2,0.0
2.24,2.25,2.19,2.24,-1.0
2.25,2.25,2.19,2.2,1.0
2.2,2.24,2.18,2.21,1.0
2.21,2.23,2.18,2.22,0.0
2.21,2.24,2.2,2.21,-1.0
2.21,2.22,2.15,2.16,-1.0
2.16,2.17,2.12,2.15,1.0
2.13,2.18,2.13,2.17,1.0
2.16,2.2,2.16,2.2,1.0
2.2,2.25,2.2,2.23,-1.0
2.23,2.23,2.18,2.19,1.0
2.18,2.35,2.18,2.29,1.0
2.28,2.35,2.25,2.33,-1.0
2.35,2.37,2.28,2.28,1.0
2.28,2.38,2.26,2.36,-1.0
2.36,2.43,2.27,2.27,1.0
2.27,2.32,2.23,2.31,1.0
2.28,2.37,2.28,2.33,1.0
2.31,2.36,2.28,2.34,-1.0
2.32,2.33,2.26,2.29,-1.0
2.28,2.29,2.15,2.18,-1.0
2.17,2.18,2.1,2.15,-1.0
2.15,2.16,2.02,2.04,0.0
2.04,2.04,2.04,2.04,1.0
2.04,2.1,2.04,2.08,1.0
2.07,2.12,2.04,2.1,0.0
2.08,2.1,2.05,2.08,1.0
2.09,2.15,2.08,2.13,1.0
2.14,2.2,2.12,2.18,1.0
2.18,2.25,2.16,2.23,-1.0
2.23,2.3,2.2,2.21,1.0
2.2,2.3,2.19,2.3,1.0
2.3,2.41,2.27,2.41,-1.0
2.42,2.42,2.24,2.27,1.0
2.27,2.5,2.26,2.44,1.0
2.42,2.5,2.35,2.46,1.0
2.48,2.58,2.45,2.54,1.0
2.55,2.7,2.51,2.7,-1.0
2.68,2.68,2.53,2.54,-1.0
2.54,2.59,2.39,2.47,1.0
2.45,2.72,2.44,2.66,1.0
2.7,2.78,2.65,2.71,1.0
2.72,2.84,2.7,2.8,-1.0
2.8,2.83,2.72,2.79,1.0
2.8,2.96,2.77,2.88,1.0
2.86,3.16,2.85,3.14,-1.0
3.15,3.3,3.04,3.14,1.0
3.14,3.38,3.14,3.36,1.0
3.3,3.47,3.3,3.35,-1.0
3.33,3.38,3.02,3.02,1.0
2.9,2.98,2.75,2.92,-1.0
2.9,2.96,2.78,2.78,1.0
2.75,2.84,2.72,2.81,1.0
2.8,2.86,2.75,2.85,1.0
2.87,2.96,2.85,2.96,-1.0
2.96,2.99,2.89,2.91,1.0
2.9,3.0,2.89,2.98,1.0
2.96,3.1,2.91,3.01,0.0
3.01,3.01,3.01,3.01,-1.0
3.01,3.03,2.92,2.94,-1.0
2.93,2.96,2.88,2.92,1.0
2.9,2.96,2.89,2.95,1.0
2.95,3.03,2.93,3.02,-1.0
3.02,3.02,2.96,2.97,1.0
2.96,3.02,2.96,2.98,1.0
2.98,3.09,2.98,3.05,-1.0
3.06,3.08,2.99,3.0,1.0
2.99,3.04,2.98,3.02,-1.0
3.02,3.03,2.95,2.96,-1.0
2.98,3.01,2.9,2.93,1.0
2.92,3.03,2.92,3.02,1.0
3.03,3.18,3.01,3.13,1.0
3.14,3.24,3.1,3.18,1.0
3.18,3.26,3.15,3.23,-1.0
3.23,3.26,3.15,3.16,-1.0
3.11,3.15,2.89,2.9,1.0
2.87,2.94,2.85,2.92,1.0
2.92,3.05,2.89,3.02,1.0
3.02,3.12,2.97,3.08,-1.0
3.08,3.08,2.94,2.99,1.0
3.0,3.18,2.96,3.11,1.0
3.1,3.17,3.07,3.11,0.0
3.11,3.11,3.11,3.11,1.0
3.1,3.23,3.09,3.18,0.0
3.18,3.23,3.13,3.18,1.0
3.18,3.33,3.16,3.31,1.0
3.33,3.64,3.3,3.59,0.0
3.5,3.66,3.39,3.5,0.0
3.45,3.52,3.23,3.45,-1.0
3.4,3.57,3.26,3.29,1.0
3.25,3.35,3.12,3.33,-1.0
3.39,3.48,3.25,3.29,-1.0
3.38,3.38,3.1,3.12,1.0
3.1,3.2,3.01,3.18,-1.0
3.19,3.19,3.1,3.18,1.0
3.2,3.25,3.18,3.23,1.0
3.23,3.27,3.17,3.24,-1.0
3.2,3.27,3.09,3.1,1.0
3.1,3.15,3.05,3.13,0.0
3.16,3.17,3.1,3.16,-1.0
3.13,3.13,3.0,3.07,1.0
3.06,3.13,3.03,3.12,1.0
3.01,3.43,3.01,3.37,0.0
3.32,3.43,3.3,3.32,-1.0
3.33,3.36,3.23,3.29,1.0
3.35,3.52,3.3,3.39,0.0
3.39,3.39,3.39,3.39,0.0
3.39,3.39,3.39,3.39,0.0
3.39,3.39,3.39,3.39,0.0
3.39,3.39,3.39,3.39,0.0
3.39,3.39,3.39,3.39,0.0
3.39,3.39,3.39,3.39,0.0
3.39,3.39,3.39,3.39,0.0
3.39,3.39,3.39,3.39,0.0
3.39,3.39,3.39,3.39,0.0
3.73,3.73,3.73,3.73,-1.0
3.88,3.89,3.55,3.64,1.0
3.58,3.66,3.52,3.59,-1.0
3.61,3.65,3.52,3.56,-1.0
3.58,3.58,3.46,3.48,1.0
3.48,3.63,3.43,3.57,0.0
3.57,3.57,3.57,3.57,0.0
3.57,3.57,3.57,3.57,0.0
3.57,3.57,3.57,3.57,0.0
3.57,3.57,3.57,3.57,0.0
3.57,3.57,3.57,3.57,0.0
3.57,3.57,3.57,3.57,0.0
3.57,3.57,3.57,3.57,0.0
3.57,3.57,3.57,3.57,0.0
3.57,3.57,3.57,3.57,0.0
3.57,3.57,3.57,3.57,0.0
3.57,3.57,3.57,3.57,0.0
3.57,3.57,3.57,3.57,0.0
3.57,3.57,3.57,3.57,0.0
3.57,3.57,3.57,3.57,0.0
3.01,3.01,3.01,3.01,1.0
2.37,2.6,2.35,2.49,-1.0
2.46,2.49,2.41,2.43,1.0
2.42,2.49,2.38,2.45,1.0
2.42,2.53,2.4,2.5,1.0
2.48,2.56,2.47,2.53,-1.0
2.53,2.53,2.39,2.41,-1.0
2.41,2.43,2.3,2.32,1.0
2.33,2.41,2.32,2.4,-1.0
2.4,2.41,2.34,2.36,1.0
2.35,2.4,2.34,2.39,-1.0
2.38,2.38,2.28,2.31,1.0
2.31,2.33,2.26,2.32,1.0
2.32,2.35,2.29,2.34,1.0
2.33,2.48,2.28,2.45,0.0
2.42,2.46,2.39,2.42,-1.0
2.4,2.45,2.37,2.39,-1.0
2.37,2.39,2.33,2.36,-1.0
2.39,2.39,2.3,2.36,-1.0
2.36,2.36,2.32,2.34,1.0
2.33,2.4,2.32,2.38,-1.0
2.36,2.38,2.27,2.3,-1.0
2.27,2.3,2.13,2.15,1.0
2.15,2.19,2.12,2.18,1.0
2.19,2.24,2.16,2.23,-1.0
2.25,2.25,2.15,2.15,1.0
2.15,2.19,2.13,2.18,-1.0
2.18,2.18,2.09,2.11,-1.0
2.11,2.12,2.05,2.1,1.0
2.11,2.18,2.1,2.18,-1.0
2.18,2.22,2.14,2.17,1.0
2.18,2.24,2.16,2.24,1.0
2.22,2.25,2.2,2.24,1.0
2.28,2.46,2.28,2.46,1.0
2.51,2.7,2.47,2.55,-1.0
2.55,2.58,2.5,2.54,-1.0
2.54,2.55,2.45,2.47,1.0
2.45,2.58,2.42,2.57,-1.0
2.56,2.57,2.5,2.53,1.0
2.53,2.7,2.5,2.65,-1.0
2.61,2.68,2.56,2.57,-1.0
2.52,2.58,2.37,2.38,1.0
2.38,2.47,2.36,2.46,1.0
2.45,2.59,2.39,2.56,1.0
2.54,2.64,2.48,2.62,1.0
2.69,2.88,2.68,2.88,1.0
2.92,3.16,2.83,3.0,1.0
3.0,3.07,2.92,3.03,-1.0
3.02,3.02,2.9,3.0,1.0
3.0,3.18,2.92,3.1,-1.0
3.07,3.11,2.95,2.98,1.0
2.92,2.99,2.91,2.97,1.0
2.95,3.05,2.94,2.99,-1.0
2.99,2.99,2.85,2.91,1.0
2.9,2.98,2.85,2.95,-1.0
2.95,2.95,2.77,2.78,1.0
2.78,2.9,2.78,2.85,1.0
2.85,3.04,2.85,2.98,1.0
2.98,3.19,2.92,3.18,1.0
3.18,3.25,3.13,3.21,-1.0
3.21,3.23,3.14,3.19,0.0
3.21,3.22,3.1,3.21,1.0
3.22,3.35,3.17,3.26,-1.0
3.23,3.28,3.0,3.0,1.0
2.99,3.13,2.93,3.1,1.0
3.1,3.15,3.04,3.11,1.0
3.13,3.33,3.1,3.19,1.0
3.19,3.24,3.06,3.21,1.0
3.22,3.43,3.22,3.4,1.0
3.4,3.53,3.36,3.51,-1.0
3.54,3.55,3.32,3.47,-1.0
3.45,3.56,3.39,3.44,-1.0
3.41,3.41,3.2,3.26,1.0
3.2,3.33,3.08,3.28,1.0
3.3,3.48,3.28,3.47,1.0
3.48,3.65,3.4,3.57,-1.0
3.62,3.63,3.28,3.34,1.0
3.27,3.54,3.26,3.5,-1.0
3.47,3.49,3.31,3.32,1.0
3.31,3.43,3.28,3.35,1.0
3.38,3.58,3.33,3.55,1.0
3.58,3.65,3.54,3.6,1.0
3.68,3.96,3.68,3.96,-1.0
4.05,4.06,3.8,3.84,1.0
3.84,3.93,3.76,3.87,-1.0
3.89,3.9,3.78,3.88,1.0
3.88,3.96,3.84,3.91,1.0
3.91,4.05,3.9,4.05,1.0
4.03,4.25,3.98,4.06,1.0
4.07,4.38,4.02,4.34,-1.0
4.33,4.47,3.91,3.91,1.0
3.87,4.22,3.84,4.17,-1.0
4.17,4.2,3.95,4.0,1.0
4.03,4.25,4.01,4.17,1.0
4.17,4.3,4.0,4.2,1.0
4.2,4.25,4.05,4.23,1.0
4.25,4.37,4.25,4.32,1.0
4.32,4.35,4.21,4.34,1.0
4.36,4.46,4.21,4.4,1.0
4.4,4.6,4.33,4.58,1.0
4.58,4.65,4.47,4.6,0.0
4.57,4.7,4.3,4.57,1.0
4.55,4.88,4.54,4.77,1.0
4.78,5.24,4.7,5.07,1.0
4.82,5.24,4.77,5.06,1.0
5.04,5.13,4.94,5.13,1.0
5.15,5.21,5.02,5.16,-1.0
5.18,5.18,4.95,4.99,0.0
4.99,5.01,4.74,4.99,1.0
5.01,5.48,4.98,5.45,1.0
5.45,5.72,5.34,5.64,1.0
5.71,5.93,5.42,5.8,-1.0
5.8,5.8,5.3,5.32,1.0
5.29,5.52,5.2,5.43,1.0
5.5,5.58,5.38,5.56,1.0
5.56,5.77,5.42,5.65,-1.0
5.63,5.7,5.5,5.57,1.0
5.56,5.66,5.5,5.63,1.0
5.58,5.87,5.52,5.79,1.0
5.79,5.86,5.72,5.82,-1.0
5.82,5.84,5.51,5.74,1.0
5.71,5.99,5.7,5.92,-1.0
5.92,6.02,5.79,5.9,1.0
5.9,6.32,5.83,6.16,1.0
6.31,6.63,6.2,6.58,1.0
6.6,6.69,6.36,6.66,1.0
6.66,6.94,6.55,6.79,-1.0
6.78,6.78,6.11,6.2,1.0
6.2,6.7,6.2,6.62,1.0
6.68,7.28,6.68,7.26,-1.0
7.36,7.5,7.1,7.24,0.0
7.25,7.45,7.01,7.25,0.0
7.25,7.25,7.25,7.25,-1.0
7.12,7.12,6.83,6.95,-1.0
6.9,6.97,6.51,6.76,1.0
6.8,7.16,6.8,7.09,1.0
7.15,7.35,6.86,7.2,1.0
7.2,7.5,7.2,7.47,-1.0
7.46,7.46,7.18,7.28,1.0
7.16,7.63,7.08,7.47,-1.0
7.47,7.53,7.02,7.05,1.0
7.05,7.24,6.86,7.2,1.0
7.2,7.59,7.2,7.48,1.0
7.53,7.85,7.53,7.75,1.0
7.49,8.39,7.4,8.22,-1.0
8.28,8.59,8.15,8.24,1.0
8.24,8.48,8.2,8.46,-1.0
8.5,8.56,8.17,8.38,1.0
8.35,8.49,8.22,8.4,1.0
8.55,8.86,8.45,8.71,-1.0
8.75,8.79,8.51,8.73,-1.0
8.2,8.52,7.86,7.86,-1.0
7.34,7.76,7.07,7.07,-1.0
6.9,7.05,6.36,6.36,-1.0
5.9,6.09,5.72,5.72,1.0
5.15,5.49,5.15,5.45,1.0
5.5,5.71,5.15,5.55,1.0
5.49,5.8,5.32,5.79,-1.0
5.8,6.0,5.7,5.79,-1.0
5.9,5.9,5.57,5.63,-1.0
5.57,5.7,5.07,5.46,1.0
5.51,6.01,5.46,6.01,-1.0
6.29,6.46,6.04,6.13,1.0
6.0,6.24,5.9,6.02,0.0
6.1,6.35,6.06,6.1,-1.0
6.08,6.1,5.8,6.05,-1.0
6.1,6.2,5.8,5.9,-1.0
5.79,5.94,5.59,5.73,-1.0
5.7,5.7,5.16,5.38,-1.0
5.49,5.71,5.16,5.31,1.0
5.11,5.32,4.9,5.31,0.0
5.33,5.4,5.18,5.33,-1.0
5.34,5.36,4.8,4.8,0.0
4.8,4.8,4.8,4.8,1.0
4.51,4.95,4.48,4.94,-1.0
4.91,4.94,4.65,4.8,-1.0
4.8,4.85,4.5,4.51,-1.0
4.44,4.47,4.13,4.19,1.0
4.2,4.55,4.16,4.5,1.0
4.5,4.68,4.45,4.62,-1.0
4.57,4.57,4.35,4.37,1.0
4.28,4.59,4.28,4.5,1.0
4.5,4.6,4.45,4.58,-1.0
4.58,4.59,4.4,4.48,-1.0
4.47,4.52,4.25,4.3,1.0
4.3,4.45,4.26,4.4,1.0
4.35,4.46,4.29,4.38,1.0
4.34,4.52,4.33,4.46,1.0
4.45,4.63,4.45,4.59,1.0
4.58,4.95,4.58,4.93,-1.0
5.0,5.05,4.82,4.93,1.0
4.83,5.07,4.78,5.06,1.0
5.05,5.25,4.97,5.17,1.0
5.14,5.25,5.05,5.25,1.0
5.26,5.47,5.22,5.32,0.0
5.26,5.39,5.12,5.26,-1.0
5.27,5.41,4.81,4.87,1.0
4.88,5.07,4.84,5.02,1.0
5.03,5.21,5.0,5.09,1.0
5.1,5.6,4.98,5.6,1.0
5.85,6.16,5.7,6.16,1.0
6.59,6.78,6.32,6.78,-1.0
7.46,7.46,6.42,6.86,-1.0
6.63,6.76,6.17,6.46,1.0
6.3,6.54,6.01,6.36,1.0
6.3,6.45,6.2,6.34,-1.0
6.34,6.45,6.0,6.12,1.0
6.2,6.48,6.1,6.31,-1.0
6.22,6.3,6.05,6.09,1.0
6.2,6.36,6.13,6.25,1.0
6.4,6.88,6.3,6.88,1.0
6.8,7.49,6.61,7.25,-1.0
7.15,7.35,6.81,6.91,-1.0
6.93,6.99,6.65,6.72,-1.0
6.73,6.75,6.36,6.6,1.0
6.59,6.74,6.36,6.67,-1.0
6.65,6.65,6.33,6.39,1.0
6.35,6.65,6.35,6.6,1.0
6.62,6.85,6.53,6.68,1.0
6.7,6.97,6.65,6.94,-1.0
6.95,6.98,6.61,6.67,-1.0
6.65,6.8,6.4,6.6,1.0
6.6,6.72,6.52,6.7,0.0
6.7,6.7,6.7,6.7,1.0
6.43,6.54,6.19,6.53,-1.0
6.5,6.73,5.88,5.95,1.0
5.9,6.18,5.8,6.14,1.0
6.16,6.24,6.06,6.18,1.0
6.2,6.33,6.1,6.22,1.0
6.15,6.5,6.12,6.48,1.0
6.48,6.98,6.34,6.96,-1.0
7.05,7.08,6.65,6.72,-1.0
6.75,6.82,6.58,6.69,-1.0
6.69,6.69,6.28,6.41,1.0
6.42,6.69,6.3,6.62,-1.0
6.58,6.58,6.32,6.38,-1.0
6.4,6.45,6.18,6.2,1.0
6.2,6.35,6.2,6.26,1.0
6.3,6.42,6.3,6.34,-1.0
6.42,6.44,6.3,6.34,1.0
6.37,6.47,6.28,6.47,-1.0
6.47,6.57,6.3,6.33,-1.0
6.31,6.32,6.0,6.09,-1.0
6.15,6.18,5.49,5.94,-1.0
6.0,6.02,5.62,5.83,1.0
5.81,5.96,5.68,5.92,-1.0
5.9,5.9,5.73,5.77,-1.0
5.78,5.79,5.55,5.61,-1.0
5.55,5.68,5.49,5.5,-1.0
5.48,5.48,5.2,5.21,1.0
5.19,5.32,5.14,5.29,-1.0
5.3,5.32,5.0,5.02,-1.0
5.0,5.0,4.55,4.61,1.0
4.6,4.96,4.58,4.89,-1.0
4.93,4.93,4.71,4.9,1.0
4.9,5.02,4.77,5.01,1.0
5.03,5.27,4.98,5.27,-1.0
5.27,5.27,4.9,4.94,-1.0
4.87,4.92,4.72,4.8,1.0
4.83,5.08,4.74,5.02,1.0
4.99,5.12,4.91,5.02,1.0
5.03,5.09,4.86,5.05,-1.0
5.04,5.05,4.87,4.88,1.0
4.88,5.02,4.8,4.98,-1.0
4.93,4.94,4.79,4.92,1.0
4.92,5.13,4.92,5.12,1.0
5.15,5.4,5.07,5.31,-1.0
5.27,5.28,5.1,5.11,1.0
5.05,5.19,5.04,5.16,1.0
5.16,5.66,5.12,5.63,-1.0
5.68,5.73,5.48,5.6,1.0
5.6,5.78,5.5,5.77,-1.0
5.78,5.86,5.55,5.76,1.0
5.75,5.99,5.61,5.97,1.0
6.09,6.49,6.04,6.11,-1.0
5.99,5.99,5.68,5.69,-1.0
5.6,5.64,5.37,5.44,1.0
5.41,5.65,5.38,5.6,-1.0
5.58,5.69,5.46,5.5,1.0
5.4,5.51,5.32,5.46,1.0
5.48,5.61,5.47,5.55,-1.0
5.6,5.66,5.53,5.58,-1.0
5.57,5.57,5.4,5.52,1.0
5.52,5.59,5.46,5.59,1.0
5.54,5.78,5.48,5.76,1.0
5.71,5.9,5.63,5.85,-1.0
5.79,5.84,5.7,5.77,-1.0
5.75,5.88,5.61,5.62,1.0
5.52,5.69,5.47,5.65,1.0
5.65,5.75,5.6,5.68,-1.0
5.68,5.81,5.6,5.6,1.0
5.63,5.78,5.62,5.72,1.0
5.72,5.86,5.72,5.82,1.0
5.8,5.85,5.72,5.82,-1.0
5.83,5.95,5.81,5.82,1.0
5.82,5.98,5.79,5.97,1.0
6.04,6.1,5.95,6.09,-1.0
6.11,6.17,6.0,6.02,-1.0
6.02,6.06,5.9,5.91,1.0
5.95,6.33,5.86,6.3,1.0
6.3,6.6,6.3,6.47,-1.0
6.46,6.46,6.25,6.37,1.0
6.28,6.47,6.28,6.41,-1.0
6.41,6.48,6.06,6.11,1.0
6.09,6.28,6.08,6.26,-1.0
6.26,6.37,6.18,6.21,1.0
6.2,6.32,6.06,6.27,1.0
6.22,6.35,6.16,6.29,1.0
6.28,6.45,6.26,6.4,-1.0
6.35,6.45,6.28,6.3,1.0
6.29,6.5,6.14,6.47,1.0
6.48,6.71,6.41,6.61,-1.0
6.65,6.67,6.15,6.21,-1.0
6.05,6.05,5.59,5.59,0.0
5.59,5.59,5.59,5.59,1.0
6.0,6.15,5.86,6.15,-1.0
6.39,6.6,6.17,6.22,-1.0
6.19,6.19,5.61,5.67,1.0
5.68,5.86,5.6,5.85,-1.0
5.9,5.97,5.7,5.78,-1.0
5.75,5.85,5.53,5.57,-1.0
5.57,5.64,5.04,5.18,1.0
5.3,5.65,5.3,5.64,1.0
5.65,5.76,5.5,5.67,-1.0
5.69,5.74,5.56,5.62,1.0
5.64,5.78,5.64,5.73,-1.0
5.68,5.76,5.55,5.66,1.0
5.69,5.92,5.69,5.85,1.0
5.89,5.95,5.79,5.91,-1.0
5.91,5.95,5.79,5.8,1.0
5.8,5.94,5.72,5.89,-1.0
5.89,6.05,5.75,5.88,-1.0
5.9,5.95,5.62,5.64,1.0
5.72,5.85,5.57,5.76,1.0
5.78,6.02,5.74,6.01,-1.0
6.04,6.06,5.89,5.96,1.0
5.95,6.05,5.92,6.0,1.0
5.98,6.15,5.94,6.11,1.0
6.11,6.34,6.1,6.17,1.0
6.15,6.34,6.02,6.31,-1.0
6.37,6.6,6.27,6.28,-1.0
6.2,6.33,6.03,6.08,-1.0
6.08,6.18,6.03,6.07,1.0
5.99,6.26,5.96,6.23,-1.0
6.28,6.33,6.02,6.03,1.0
5.96,6.18,5.71,5.99,-1.0
5.9,6.01,5.7,5.78,-1.0
5.75,5.75,5.21,5.25,-1.0
5.17,5.38,4.76,4.94,1.0
5.04,5.3,4.97,5.24,1.0
5.1,5.49,4.97,5.39,1.0
5.38,5.47,5.28,5.42,-1.0
5.45,5.5,5.25,5.27,0.0
5.27,5.27,5.27,5.27,-1.0
5.45,5.46,5.24,5.28,-1.0
5.08,5.19,4.88,5.0,1.0
4.95,5.16,4.8,5.14,-1.0
5.08,5.1,4.91,4.96,-1.0
4.96,5.04,4.5,4.53,-1.0
4.62,4.65,4.3,4.37,1.0
4.38,4.55,4.2,4.48,1.0
4.41,4.73,4.34,4.72,1.0
4.7,4.81,4.64,4.72,-1.0
4.7,4.78,4.4,4.42,1.0
4.39,4.55,4.35,4.54,1.0
4.54,4.65,4.51,4.64,0.0
4.64,4.64,4.64,4.64,1.0
4.35,4.57,4.28,4.57,-1.0
4.58,4.6,4.37,4.41,-1.0
4.41,4.5,4.18,4.21,-1.0
4.18,4.21,3.9,3.91,-1.0
4.22,4.25,3.91,3.94,-1.0
3.9,3.9,3.55,3.84,1.0
3.78,4.0,3.7,3.97,1.0
4.33,4.37,4.16,4.37,-1.0
4.33,4.42,4.21,4.25,-1.0
4.2,4.21,4.06,4.13,1.0
4.08,4.3,4.08,4.2,1.0
4.21,4.31,4.2,4.3,1.0
4.32,4.43,4.23,4.42,1.0
4.36,4.54,4.3,4.48,-1.0
4.46,4.7,4.42,4.44,1.0
4.41,4.88,4.37,4.88,-1.0
5.09,5.09,4.55,4.71,1.0
4.53,4.74,4.43,4.66,1.0
4.43,4.74,4.4,4.69,1.0
4.68,5.0,4.61,4.99,-1.0
5.05,5.14,4.85,4.87,-1.0
4.89,4.94,4.63,4.72,1.0
4.71,4.94,4.65,4.92,1.0
4.86,5.12,4.74,4.9,1.0
4.8,5.39,4.76,5.39,-1.0
5.69,5.93,5.45,5.53,-1.0
5.3,5.48,5.01,5.08,1.0
5.0,5.28,4.98,5.1,-1.0
5.08,5.15,4.8,4.9,1.0
4.9,5.01,4.81,4.95,1.0
4.9,5.11,4.83,4.92,-1.0
5.08,5.15,4.88,4.96,1.0
4.99,5.06,4.9,5.0,-1.0
5.0,5.0,4.79,4.8,-1.0
4.78,4.78,4.53,4.61,-1.0
4.6,4.6,4.5,4.53,-1.0
4.51,4.6,4.45,4.5,-1.0
4.36,4.36,4.05,4.05,1.0
4.0,4.17,3.88,4.08,-1.0
4.07,4.12,3.92,4.01,-1.0
4.05,4.09,3.81,3.84,1.0
3.85,3.97,3.8,3.89,-1.0
3.9,3.98,3.5,3.63,1.0
3.63,3.93,3.38,3.82,-1.0
3.8,3.8,3.44,3.46,1.0
3.51,3.7,3.38,3.54,-1.0
3.54,3.63,3.45,3.53,1.0
3.55,3.69,3.53,3.68,1.0
3.63,3.85,3.61,3.82,0.0
3.82,3.82,3.82,3.82,-1.0
3.76,3.76,3.46,3.5,0.0
3.51,3.56,3.42,3.51,-1.0
3.52,3.55,3.36,3.39,1.0
3.4,3.49,3.37,3.43,1.0
3.4,3.59,3.29,3.52,1.0
3.5,3.58,3.46,3.54,1.0
3.56,3.75,3.53,3.72,1.0
3.71,3.76,3.61,3.72,1.0
3.73,3.85,3.71,3.84,-1.0
3.77,3.89,3.71,3.72,0.0
3.69,3.75,3.61,3.69,1.0
3.63,3.78,3.62,3.76,-1.0
3.78,3.82,3.6,3.63,-1.0
3.6,3.63,3.36,3.43,-1.0
3.51,3.53,3.41,3.43,1.0
3.5,3.57,3.37,3.53,1.0
3.56,3.72,3.51,3.69,-1.0
3.72,3.75,3.63,3.71,1.0
3.7,3.75,3.66,3.71,1.0
3.73,3.8,3.69,3.76,1.0
3.72,3.9,3.68,3.87,1.0
3.88,3.95,3.84,3.9,-1.0
3.8,3.86,3.72,3.76,-1.0
3.8,3.83,3.71,3.76,-1.0
3.77,3.82,3.61,3.63,1.0
3.63,3.73,3.52,3.69,-1.0
3.65,3.71,3.58,3.6,-1.0
3.66,3.72,3.55,3.59,-1.0
3.66,3.66,3.51,3.57,1.0
3.56,3.61,3.5,3.58,-1.0
3.59,3.59,3.23,3.26,-1.0
3.3,3.3,2.93,2.94,1.0
2.92,3.04,2.9,2.98,1.0
2.98,3.02,2.87,2.99,1.0
2.97,3.03,2.94,3.0,1.0
2.98,3.04,2.97,2.99,-1.0
2.99,3.04,2.72,2.74,1.0
2.71,2.85,2.68,2.83,1.0
2.85,3.09,2.76,3.06,-1.0
2.99,3.06,2.93,2.93,0.0
2.93,2.93,2.93,2.93,-1.0
2.98,3.0,2.87,2.9,-1.0
2.85,2.9,2.68,2.74,1.0
2.74,2.8,2.7,2.78,-1.0
2.79,2.82,2.72,2.74,1.0
2.74,2.88,2.74,2.83,-1.0
2.82,2.82,2.71,2.75,1.0
2.73,3.02,2.7,2.92,1.0
2.92,2.99,2.8,2.96,-1.0
2.94,2.97,2.87,2.91,-1.0
2.85,2.86,2.74,2.75,-1.0
2.76,2.79,2.58,2.6,1.0
2.62,2.66,2.59,2.65,1.0
2.66,2.72,2.6,2.67,-1.0
2.65,2.69,2.55,2.6,0.0
2.6,2.64,2.59,2.6,-1.0
2.62,2.65,2.51,2.52,-1.0
2.52,2.55,2.42,2.43,-1.0
2.39,2.39,2.19,2.32,0.0
2.55,2.55,2.5,2.55,-1.0
2.73,2.81,2.54,2.63,-1.0
2.55,2.55,2.42,2.43,1.0
2.37,2.63,2.32,2.62,1.0
2.67,2.75,2.6,2.7,-1.0
2.71,2.73,2.61,2.65,-1.0
2.65,2.65,2.52,2.53,0.0
2.48,2.55,2.4,2.48,1.0
2.44,2.52,2.41,2.45,-1.0
2.51,2.52,2.41,2.42,-1.0
2.36,2.36,2.2,2.21,1.0
2.18,2.29,2.09,2.29,-1.0
2.37,2.4,2.2,2.22,0.0
2.22,2.22,2.22,2.22,1.0
2.08,2.17,2.05,2.09,1.0
2.09,2.18,2.09,2.14,1.0
2.17,2.23,2.1,2.21,-1.0
2.21,2.27,2.2,2.2,1.0
2.16,2.24,2.11,2.2,1.0
2.15,2.26,2.14,2.25,-1.0
2.23,2.26,2.17,2.2,1.0
2.16,2.37,2.14,2.17,1.0
2.09,2.21,1.95,2.2,-1.0
2.24,2.25,2.09,2.1,1.0
2.11,2.3,2.05,2.3,-1.0
2.3,2.35,2.2,2.23,-1.0
2.18,2.26,2.1,2.11,1.0
2.06,2.13,2.02,2.08,1.0
2.13,2.29,2.12,2.29,-1.0
2.34,2.48,2.28,2.31,1.0
2.21,2.39,2.2,2.36,1.0
2.38,2.6,2.38,2.6,1.0
2.78,2.86,2.7,2.86,1.0
2.9,3.15,2.78,3.15,1.0
3.15,3.44,3.15,3.2,1.0
3.2,3.38,3.12,3.33,1.0
3.28,3.52,3.18,3.42,-1.0
3.42,3.59,3.08,3.08,1.0
3.03,3.32,2.98,3.27,-1.0
3.15,3.24,3.07,3.1,1.0
3.0,3.28,2.93,3.17,-1.0
3.15,3.17,2.91,2.97,-1.0
3.04,3.07,2.82,2.96,1.0
2.99,3.2,2.95,3.1,-1.0
3.38,3.38,3.05,3.09,-1.0
3.07,3.16,3.02,3.05,1.0
3.0,3.17,2.95,3.16,1.0
3.19,3.39,3.16,3.25,1.0
3.3,3.35,3.18,3.33,-1.0
3.35,3.41,3.22,3.25,1.0
3.22,3.32,3.18,3.27,1.0
3.3,3.5,3.25,3.44,-1.0
3.47,3.47,3.26,3.27,1.0
3.24,3.36,3.23,3.36,-1.0
3.35,3.38,3.19,3.2,-1.0
3.11,3.18,2.93,2.96,1.0
3.0,3.07,2.93,3.05,1.0
3.04,3.09,2.93,3.08,0.0
3.09,3.14,3.05,3.09,1.0
3.08,3.11,3.0,3.11,1.0
3.11,3.3,3.06,3.21,1.0
3.25,3.38,3.22,3.27,-1.0
3.24,3.26,3.0,3.01,-1.0
2.97,3.02,2.89,2.92,-1.0
2.91,2.96,2.77,2.87,1.0
2.87,3.16,2.83,3.06,1.0
2.96,3.03,2.88,3.0,-1.0
3.01,3.03,2.9,2.91,1.0
2.92,3.1,2.92,2.96,1.0
2.96,3.1,2.95,3.09,1.0
3.05,3.23,3.03,3.19,-1.0
3.22,3.22,3.1,3.17,-1.0
3.19,3.28,3.05,3.1,1.0
3.1,3.17,3.07,3.15,-1.0
3.21,3.21,3.12,3.16,-1.0
3.11,3.13,3.01,3.02,1.0
3.0,3.14,3.0,3.13,1.0
3.1,3.3,3.09,3.23,-1.0
3.28,3.35,3.2,3.21,-1.0
3.21,3.25,3.12,3.18,1.0
3.2,3.25,3.12,3.22,-1.0
3.18,3.25,3.12,3.17,0.0
3.18,3.21,3.13,3.18,1.0
3.18,3.25,3.12,3.19,1.0
3.25,3.43,3.19,3.4,1.0
3.36,3.46,3.33,3.42,1.0
3.43,3.46,3.35,3.44,1.0
3.4,3.56,3.38,3.42,1.0
3.4,3.55,3.4,3.53,-1.0
3.6,3.65,3.49,3.57,1.0
3.58,3.7,3.44,3.67,1.0
3.59,3.8,3.55,3.7,1.0
3.83,3.93,3.68,3.88,1.0
3.86,4.03,3.8,4.01,0.0
4.41,4.41,4.29,4.41,-1.0
4.59,4.78,4.18,4.2,-1.0
4.01,4.19,3.89,3.91,1.0
3.91,4.04,3.91,4.02,1.0
4.0,4.11,3.92,4.1,1.0
4.07,4.29,4.0,4.23,-1.0
4.15,4.22,3.97,3.98,1.0
4.05,4.1,3.8,4.09,-1.0
4.16,4.19,3.68,3.81,-1.0
3.76,3.79,3.44,3.52,1.0
3.52,3.71,3.46,3.68,1.0
3.71,4.05,3.7,4.05,1.0
4.1,4.37,3.94,4.25,-1.0
4.19,4.25,4.02,4.13,-1.0
4.1,4.16,4.01,4.09,-1.0
4.07,4.16,3.83,3.84,1.0
3.8,3.99,3.76,3.97,-1.0
4.03,4.06,3.87,3.88,1.0
3.88,3.92,3.71,3.9,-1.0
3.9,3.93,3.8,3.82,1.0
3.82,3.86,3.74,3.85,1.0
3.85,4.0,3.8,3.98,1.0
3.98,4.08,3.96,4.0,1.0
4.01,4.22,3.96,4.18,-1.0
4.19,4.19,4.02,4.08,1.0
4.08,4.2,4.04,4.2,-1.0
4.45,4.62,4.3,4.32,-1.0
4.2,4.26,4.08,4.09,1.0
4.08,4.19,4.04,4.17,-1.0
4.2,4.21,4.11,4.15,0.0
4.15,4.18,4.09,4.15,1.0
4.09,4.18,4.04,4.15,1.0
4.15,4.26,4.15,4.25,-1.0
4.25,4.27,4.16,4.17,-1.0
4.18,4.22,4.07,4.12,1.0
4.12,4.3,4.12,4.3,-1.0
4.3,4.34,4.1,4.12,1.0
4.09,4.18,4.07,4.17,1.0
4.18,4.28,4.13,4.27,-1.0
4.29,4.35,4.23,4.27,-1.0
4.26,4.28,4.2,4.25,0.0
4.25,4.25,4.25,4.25,1.0
4.28,4.42,4.28,4.38,-1.0
4.39,4.4,4.21,4.25,1.0
4.24,4.43,4.2,4.41,1.0
4.34,4.38,4.25,4.37,-1.0
4.35,4.45,4.12,4.15,0.0
4.1,4.15,4.01,4.1,-1.0
4.12,4.12,4.04,4.06,-1.0
4.05,4.08,3.8,3.81,1.0
3.74,3.93,3.74,3.92,1.0
3.93,4.03,3.88,4.0,0.0
4.02,4.06,3.97,4.02,1.0
4.02,4.14,4.02,4.14,1.0
4.16,4.42,4.09,4.33,1.0
4.31,4.37,4.24,4.34,-1.0
4.56,4.68,4.35,4.37,1.0
4.3,4.46,4.21,4.36,-1.0
4.48,4.48,4.15,4.16,1.0
4.17,4.28,4.13,4.27,1.0
4.27,4.3,4.22,4.28,-1.0
4.25,4.27,4.17,4.24,0.0
4.2,4.27,4.18,4.2,1.0
4.2,4.24,4.09,4.23,1.0
4.25,4.35,4.21,4.31,1.0
4.3,4.43,4.24,4.36,1.0
4.55,4.8,4.47,4.8,-1.0
5.19,5.19,4.8,4.91,1.0
4.66,4.9,4.6,4.76,-1.0
4.77,4.77,4.6,4.62,-1.0
4.61,4.66,4.52,4.59,1.0
4.6,4.78,4.54,4.72,1.0
4.83,5.18,4.83,5.0,1.0
4.9,5.04,4.82,4.94,-1.0
4.9,4.92,4.75,4.87,1.0
4.86,4.95,4.77,4.9,1.0
4.9,5.05,4.88,4.97,-1.0
4.9,4.94,4.7,4.85,1.0
4.86,5.04,4.8,4.99,-1.0
5.01,5.09,4.9,4.96,-1.0
4.97,5.05,4.72,4.77,1.0
4.77,4.85,4.73,4.83,-1.0
4.78,4.82,4.74,4.77,1.0
4.76,5.0,4.73,5.0,-1.0
4.95,4.98,4.85,4.91,1.0
4.9,4.99,4.86,4.92,1.0
4.94,5.06,4.89,4.97,1.0
4.85,4.95,4.82,4.87,1.0
4.87,5.02,4.83,4.99,-1.0
4.98,4.98,4.86,4.88,-1.0
4.89,4.92,4.82,4.86,0.0
4.86,4.9,4.81,4.86,-1.0
4.85,4.89,4.76,4.78,1.0
4.78,4.88,4.77,4.82,1.0
4.82,5.01,4.81,4.97,1.0
5.0,5.17,4.96,5.05,-1.0
4.99,4.99,4.89,4.97,-1.0
4.94,4.96,4.87,4.9,1.0
4.9,4.96,4.85,4.94,1.0
4.95,5.0,4.91,4.99,-1.0
5.02,5.05,4.97,4.99,1.0
5.01,5.13,5.0,5.08,1.0
5.1,5.14,5.07,5.12,1.0
5.13,5.37,5.08,5.26,-1.0
5.26,5.26,5.1,5.11,1.0
5.08,5.24,5.08,5.21,1.0
5.19,5.24,5.13,5.22,-1.0
5.22,5.25,5.0,5.03,1.0
4.99,5.09,4.99,5.03,1.0
5.03,5.16,5.03,5.13,1.0
5.1,5.45,5.1,5.38,1.0
5.33,5.41,5.2,5.36,1.0
5.32,5.36,5.24,5.34,-1.0
5.32,5.43,4.81,4.93,1.0
4.94,5.1,4.74,5.07,1.0
5.36,5.58,5.36,5.58,-1.0
5.97,5.97,5.62,5.65,1.0
5.65,6.22,5.5,6.13,1.0
5.99,6.3,5.89,6.1,-1.0
6.05,6.09,5.89,5.92,-1.0
5.85,6.0,5.58,5.64,1.0
5.72,5.9,5.61,5.89,-1.0
5.85,5.89,5.71,5.82,-1.0
5.77,5.99,5.64,5.66,1.0
5.65,5.74,5.52,5.68,-1.0
5.68,5.7,5.18,5.21,-1.0
5.13,5.14,4.82,4.99,1.0
4.95,5.18,4.91,5.16,-1.0
5.16,5.18,4.7,4.81,1.0
4.75,4.99,4.75,4.97,1.0
4.98,5.17,4.92,5.13,1.0
5.13,5.23,5.06,5.17,0.0
5.17,5.17,5.17,5.17,1.0
5.09,5.49,4.98,5.47,-1.0
5.42,5.43,5.2,5.36,-1.0
5.36,5.37,5.1,5.12,-1.0
5.05,5.05,4.7,4.72,1.0
4.7,4.82,4.61,4.72,-1.0
4.75,4.75,4.5,4.65,1.0
4.64,4.93,4.61,4.87,1.0
4.87,4.95,4.79,4.9,1.0
4.9,5.03,4.88,4.94,1.0
4.92,5.17,4.79,5.15,-1.0
5.1,5.16,4.95,5.08,-1.0
5.04,5.05,4.93,4.95,1.0
4.91,5.05,4.91,5.0,1.0
5.0,5.11,5.0,5.1,1.0
5.09,5.19,5.0,5.15,1.0
5.11,5.67,5.0,5.67,1.0
5.59,5.8,5.53,5.63,-1.0
5.52,5.61,5.19,5.28,1.0
5.2,5.4,5.06,5.36,-1.0
5.36,5.38,5.08,5.08,-1.0
5.05,5.19,4.98,5.04,-1.0
5.05,5.12,4.89,5.02,0.0
5.03,5.1,4.97,5.03,-1.0
5.04,5.07,4.76,4.8,-1.0
4.8,4.83,4.51,4.62,1.0
4.67,4.77,4.66,4.7,1.0
4.83,4.92,4.74,4.9,1.0
4.86,4.98,4.82,4.88,1.0
4.88,5.15,4.83,5.05,1.0
5.06,5.18,5.0,5.14,1.0
5.3,5.65,5.3,5.49,1.0
5.25,5.4,5.21,5.34,1.0
5.28,5.39,5.24,5.37,1.0
5.39,5.5,5.31,5.43,-1.0
5.41,5.41,5.25,5.26,1.0
5.27,5.37,5.23,5.3,1.0
5.31,5.44,5.29,5.39,1.0
5.39,5.52,5.35,5.49,-1.0
5.44,5.44,5.23,5.24,1.0
5.24,5.44,5.23,5.43,-1.0
5.33,5.33,5.15,5.2,-1.0
5.3,5.39,5.2,5.22,1.0
5.08,5.31,5.01,5.29,1.0
5.31,5.43,5.27,5.4,1.0
5.4,5.48,5.38,5.43,1.0
5.42,5.58,5.41,5.55,-1.0
5.55,5.65,5.45,5.47,1.0
5.5,5.55,5.42,5.54,1.0
5.56,5.65,5.46,5.61,1.0
5.63,5.78,5.56,5.73,1.0
5.81,6.17,5.8,5.82,1.0
5.71,5.81,5.6,5.76,1.0
5.8,5.82,5.72,5.82,-1.0
5.83,5.83,5.75,5.8,-1.0
5.81,5.84,5.74,5.79,1.0
5.8,5.95,5.77,5.93,1.0
5.91,6.05,5.85,5.98,1.0
6.0,6.15,6.0,6.08,-1.0
6.1,6.16,5.66,5.68,1.0
5.67,5.93,5.65,5.92,-1.0
5.93,5.93,5.51,5.55,-1.0
5.55,5.72,5.43,5.47,1.0
5.47,5.65,5.47,5.65,1.0
5.69,5.81,5.62,5.81,1.0
5.83,5.97,5.77,5.93,1.0
5.9,6.17,5.83,6.07,-1.0
5.98,6.07,5.67,5.82,1.0
5.81,5.96,5.76,5.94,1.0
5.94,6.05,5.85,5.95,-1.0
5.89,5.94,5.75,5.78,1.0
5.83,6.08,5.75,6.01,-1.0
6.13,6.2,5.98,5.99,-1.0
5.97,5.98,5.7,5.89,-1.0
5.89,5.94,5.81,5.86,1.0
5.83,5.95,5.79,5.84,-1.0
5.87,5.88,5.6,5.62,-1.0
5.58,5.59,5.39,5.4,1.0
5.46,5.49,5.38,5.47,-1.0
5.45,5.48,5.23,5.25,1.0
5.24,5.34,5.24,5.31,1.0
5.33,5.47,5.31,5.47,1.0
5.43,5.57,5.42,5.48,1.0
5.49,5.6,5.46,5.55,-1.0
5.58,5.58,5.47,5.57,-1.0
5.57,5.59,5.48,5.54,1.0
5.55,5.61,5.51,5.59,-1.0
5.61,5.63,5.55,5.56,-1.0
5.55,5.58,5.39,5.53,1.0
5.5,5.64,5.48,5.57,-1.0
5.53,5.57,5.36,5.44,1.0
5.4,5.5,5.35,5.49,-1.0
5.5,5.53,5.4,5.45,1.0
5.42,5.58,5.42,5.58,0.0
5.48,5.56,5.45,5.48,1.0
5.48,5.63,5.48,5.63,1.0
5.65,5.7,5.6,5.69,1.0
5.69,5.89,5.63,5.86,-1.0
5.84,5.92,5.77,5.82,-1.0
5.82,5.82,5.63,5.71,1.0
5.66,5.75,5.55,5.69,-1.0
5.6,5.65,5.34,5.43,0.0
5.4,5.5,5.39,5.4,-1.0
5.38,5.44,5.1,5.14,-1.0
5.11,5.2,5.07,5.08,1.0
5.09,5.16,5.08,5.15,1.0
5.14,5.22,5.11,5.16,-1.0
5.17,5.2,5.01,5.09,-1.0
5.11,5.19,5.07,5.09,1.0
5.09,5.23,5.01,5.23,1.0
5.22,5.29,5.15,5.23,1.0
5.15,5.39,5.1,5.38,1.0
5.32,5.42,5.28,5.34,-1.0
5.34,5.41,5.25,5.32,-1.0
5.34,5.38,5.25,5.33,-1.0
5.33,5.33,5.2,5.22,1.0
5.25,5.29,5.22,5.26,1.0
5.23,5.37,5.23,5.33,1.0
5.33,5.47,5.2,5.44,1.0
5.39,5.57,5.36,5.53,1.0
5.55,5.58,5.5,5.56,-1.0
5.58,5.72,5.55,5.56,1.0
5.57,5.75,5.56,5.7,-1.0
5.71,5.73,5.61,5.66,1.0
5.68,5.74,5.65,5.71,-1.0
5.7,5.79,5.49,5.51,1.0
5.51,5.67,5.45,5.58,1.0
5.6,5.71,5.58,5.67,1.0
5.68,5.75,5.57,5.74,-1.0
5.74,5.76,5.6,5.62,-1.0
5.62,5.65,5.49,5.58,-1.0
5.58,5.6,5.47,5.49,-1.0
5.5,5.5,5.38,5.42,1.0
5.39,5.51,5.39,5.48,1.0
5.48,5.59,5.46,5.58,1.0
5.59,5.65,5.56,5.61,1.0
5.62,5.64,5.57,5.63,1.0
5.63,5.72,5.61,5.68,1.0
5.68,5.74,5.63,5.71,1.0
5.69,6.27,5.64,5.93,-1.0
5.84,5.94,5.69,5.8,-1.0
5.8,5.84,5.7,5.79,1.0
5.78,5.92,5.77,5.85,1.0
5.83,5.94,5.82,5.87,-1.0
5.88,5.93,5.81,5.85,1.0
5.85,5.95,5.82,5.94,-1.0
5.94,5.94,5.86,5.89,-1.0
5.9,5.93,5.82,5.86,1.0
5.83,5.92,5.79,5.9,-1.0
5.9,5.91,5.8,5.81,1.0
5.81,5.85,5.77,5.83,1.0
5.83,6.06,5.8,6.0,-1.0
5.98,6.12,5.72,5.87,1.0
5.85,6.02,5.79,5.98,-1.0
5.99,6.07,5.93,5.98,1.0
5.95,6.07,5.84,6.04,-1.0
5.98,6.12,5.71,5.72,1.0
5.7,5.8,5.54,5.79,1.0
5.73,6.05,5.67,6.03,-1.0
6.01,6.12,5.93,5.98,1.0
5.95,6.14,5.83,6.07,-1.0
6.07,6.15,5.97,6.0,-1.0
5.9,5.91,5.4,5.5,-1.0
5.41,5.53,5.31,5.38,-1.0
5.44,5.52,5.25,5.3,-1.0
5.38,5.38,5.05,5.16,1.0
5.03,5.2,5.03,5.1,1.0
5.07,5.24,5.04,5.22,-1.0
5.22,5.28,5.07,5.08,1.0
5.03,5.13,4.97,5.09,-1.0
5.13,5.15,4.97,5.07,-1.0
5.14,5.18,4.97,4.98,-1.0
4.96,4.96,4.55,4.69,1.0
4.68,4.76,4.54,4.75,1.0
4.69,4.79,4.66,4.73,-1.0
4.65,4.68,4.32,4.34,-1.0
4.33,4.39,4.11,4.31,-1.0
4.3,4.34,4.18,4.25,-1.0
4.25,4.3,4.15,4.18,1.0
4.01,4.23,3.99,4.21,1.0
4.22,4.41,4.22,4.38,-1.0
4.37,4.38,4.28,4.32,1.0
4.35,4.75,4.34,4.75,-1.0
4.85,4.87,4.61,4.76,-1.0
4.78,4.78,4.6,4.69,-1.0
4.61,4.7,4.46,4.47,-1.0
4.42,4.44,4.26,4.35,1.0
4.33,4.45,4.29,4.45,-1.0
4.43,4.56,4.38,4.39,1.0
4.35,4.43,4.3,4.42,0.0
4.35,4.4,4.26,4.35,1.0
4.35,4.45,4.32,4.45,1.0
4.48,4.56,4.4,4.54,1.0
4.46,4.65,4.46,4.53,-1.0
4.51,4.58,4.42,4.48,-1.0
4.5,4.52,4.39,4.4,-1.0
4.4,4.46,4.17,4.19,1.0
4.2,4.35,4.18,4.35,1.0
4.31,4.4,4.31,4.38,1.0
4.32,4.41,4.29,4.34,0.0
4.34,4.34,4.34,4.34,1.0
4.33,4.39,4.24,4.35,-1.0
4.33,4.35,4.22,4.24,-1.0
4.24,4.27,3.98,3.99,-1.0
3.99,3.99,3.85,3.85,1.0
3.87,4.23,3.87,3.98,-1.0
3.98,3.99,3.8,3.95,-1.0
3.91,3.95,3.85,3.9,1.0
3.9,4.01,3.9,3.99,1.0
4.0,4.06,3.98,4.04,-1.0
4.04,4.09,3.98,4.02,1.0
4.02,4.12,3.98,4.1,1.0
4.1,4.18,4.05,4.14,-1.0
4.1,4.11,4.0,4.04,1.0
4.05,4.14,4.04,4.1,-1.0
4.09,4.12,4.0,4.02,0.0
4.03,4.04,3.9,4.03,1.0
3.93,4.11,3.93,4.09,1.0
4.07,4.21,4.07,4.18,0.0
4.19,4.24,4.14,4.19,1.0
4.19,4.27,4.18,4.26,-1.0
4.33,4.44,4.26,4.31,1.0
4.27,4.34,4.26,4.33,-1.0
4.35,4.4,4.32,4.32,1.0
4.29,4.41,4.27,4.39,1.0
4.39,4.5,4.38,4.47,1.0
4.44,4.47,4.36,4.45,1.0
4.44,4.59,4.44,4.53,-1.0
4.53,4.57,4.42,4.43,1.0
4.43,4.53,4.37,4.53,1.0
4.5,4.58,4.47,4.53,1.0
4.49,4.63,4.46,4.6,1.0
4.58,4.66,4.57,4.64,-1.0
4.64,4.65,4.42,4.42,1.0
4.41,4.5,4.38,4.49,1.0
4.4,4.5,4.4,4.41,1.0
4.41,4.5,4.38,4.49,1.0
4.48,4.58,4.47,4.57,1.0
4.57,4.64,4.56,4.61,-1.0
4.81,5.02,4.64,4.66,1.0
4.6,4.7,4.57,4.63,1.0
4.6,4.69,4.5,4.61,1.0
4.55,4.62,4.55,4.59,1.0
4.6,4.67,4.52,4.66,-1.0
4.64,4.72,4.55,4.57,-1.0
4.59,4.6,4.5,4.55,0.0
4.54,4.57,4.46,4.54,1.0
4.54,4.63,4.54,4.62,-1.0
4.61,4.63,4.55,4.58,-1.0
4.57,4.64,4.5,4.54,-1.0
4.75,4.88,4.64,4.66,1.0
4.61,4.7,4.6,4.64,1.0
4.66,4.72,4.64,4.71,1.0
4.7,4.77,4.65,4.76,-1.0
4.76,4.76,4.68,4.75,-1.0
4.73,4.75,4.58,4.6,1.0
4.58,4.65,4.51,4.64,1.0
4.73,4.8,4.68,4.75,-1.0
4.75,4.75,4.66,4.71,1.0
4.69,4.79,4.64,4.72,-1.0
4.68,4.7,4.45,4.52,1.0
4.53,4.58,4.49,4.54,-1.0
4.55,4.55,4.45,4.49,1.0
4.48,4.56,4.44,4.55,1.0
4.55,4.64,4.54,4.63,-1.0
4.63,4.65,4.51,4.58,-1.0
4.53,4.6,4.48,4.52,1.0
4.52,4.62,4.5,4.61,1.0
4.66,4.7,4.61,4.68,1.0
4.68,4.8,4.66,4.79,0.0
4.76,4.79,4.71,4.76,1.0
4.75,4.85,4.74,4.8,-1.0
4.85,4.85,4.66,4.67,1.0
4.68,4.79,4.67,4.74,1.0
4.73,4.95,4.7,4.89,1.0
4.87,4.92,4.8,4.89,-1.0
4.81,4.84,4.73,4.74,1.0
4.75,4.84,4.71,4.81,-1.0
4.8,4.84,4.75,4.79,1.0
4.79,4.85,4.74,4.84,1.0
4.84,4.88,4.8,4.88,-1.0
4.88,4.89,4.8,4.83,1.0
4.85,4.88,4.73,4.86,-1.0
4.88,4.9,4.79,4.84,1.0
4.83,4.88,4.82,4.87,-1.0
4.87,4.92,4.79,4.85,1.0
4.87,4.99,4.82,4.9,-1.0
4.94,4.95,4.87,4.93,0.0
4.98,5.01,4.92,4.98,1.0
5.05,5.12,5.01,5.1,-1.0
5.1,5.11,5.0,5.05,1.0
5.05,5.17,5.05,5.1,-1.0
5.1,5.2,5.0,5.01,-1.0
5.0,5.06,4.65,4.67,1.0
4.7,4.79,4.64,4.76,-1.0
4.79,4.84,4.54,4.63,-1.0
4.59,4.67,4.49,4.53,1.0
4.54,4.6,4.47,4.56,-1.0
4.57,4.58,4.4,4.56,1.0
4.52,4.63,4.49,4.56,-1.0
4.52,4.54,4.34,4.41,1.0
4.39,4.5,4.35,4.49,1.0
4.5,4.58,4.48,4.57,-1.0
4.57,4.6,4.48,4.56,1.0
4.53,4.56,4.47,4.55,-1.0
4.55,4.6,4.28,4.39,1.0
4.39,4.49,4.36,4.47,1.0
4.5,4.62,4.5,4.57,0.0
4.55,4.58,4.46,4.55,1.0
4.54,4.79,4.44,4.71,1.0
4.64,4.95,4.6,4.84,1.0
4.81,4.92,4.71,4.84,1.0
4.8,4.95,4.75,4.87,1.0
4.85,5.09,4.74,4.99,0.0
5.0,5.17,4.92,5.0,-1.0
4.98,5.05,4.87,4.92,-1.0
4.91,4.93,4.84,4.87,-1.0
4.86,4.93,4.84,4.85,-1.0
4.85,4.89,4.82,4.83,-1.0
4.85,4.89,4.57,4.67,1.0
4.67,4.74,4.61,4.72,-1.0
4.72,4.72,4.62,4.63,-1.0
4.64,4.65,4.55,4.56,-1.0
4.56,4.58,4.44,4.5,-1.0
4.5,4.59,4.41,4.44,-1.0
4.49,4.5,4.4,4.43,1.0
4.47,4.49,4.4,4.49,-1.0
4.49,4.5,4.38,4.47,1.0
4.44,4.53,4.41,4.52,1.0
4.53,4.58,4.5,4.55,1.0
4.57,4.59,4.53,4.58,-1.0
4.58,4.64,4.55,4.57,-1.0
4.57,4.62,4.5,4.56,-1.0
4.53,4.58,4.43,4.44,1.0
4.44,4.46,4.35,4.45,1.0
4.45,4.5,4.42,4.48,-1.0
4.47,4.48,4.44,4.44,-1.0
4.44,4.48,4.35,4.39,-1.0
4.38,4.38,4.2,4.25,1.0
4.25,4.3,4.2,4.27,1.0
4.27,4.34,4.25,4.34,-1.0
4.35,4.35,4.14,4.15,1.0
4.2,4.29,4.17,4.25,0.0
4.22,4.29,4.2,4.22,1.0
4.22,4.26,4.19,4.23,1.0
4.25,4.28,4.22,4.28,1.0
4.26,4.33,4.22,4.3,1.0
4.3,4.39,4.24,4.37,1.0
4.34,4.4,4.31,4.37,1.0
4.36,4.41,4.33,4.39,-1.0
4.35,4.4,4.32,4.34,1.0
4.36,4.44,4.34,4.43,1.0
4.43,4.48,4.4,4.45,1.0
4.44,4.53,4.44,4.5,-1.0
4.5,4.55,4.47,4.48,1.0
4.48,4.52,4.45,4.52,0.0
4.52,4.54,4.45,4.52,-1.0
4.52,4.52,4.45,4.46,1.0
4.44,4.55,4.43,4.55,0.0
4.55,4.55,4.55,4.55,1.0
4.45,4.57,4.42,4.56,0.0
4.59,4.6,4.53,4.59,-1.0
4.6,4.6,4.5,4.59,1.0
4.57,4.65,4.57,4.63,-1.0
4.62,4.65,4.59,4.61,1.0
4.59,4.67,4.56,4.66,-1.0
4.66,4.66,4.57,4.58,1.0
4.56,4.64,4.56,4.63,1.0
4.62,4.69,4.62,4.68,1.0
4.67,4.7,4.64,4.68,-1.0
4.67,4.69,4.63,4.66,-1.0
4.66,4.68,4.62,4.63,-1.0
4.61,4.66,4.58,4.59,1.0
4.57,4.76,4.55,4.68,-1.0
4.68,4.69,4.52,4.65,1.0
4.63,4.74,4.63,4.71,1.0
4.68,4.84,4.65,4.72,-1.0
4.76,4.78,4.69,4.75,1.0
4.72,4.81,4.72,4.73,-1.0
4.73,4.74,4.63,4.67,1.0
4.67,4.77,4.64,4.75,1.0
4.74,4.89,4.72,4.82,0.0
4.81,4.88,4.78,4.81,1.0
4.81,4.88,4.79,4.86,1.0
4.87,5.1,4.82,4.91,-1.0
4.9,4.93,4.76,4.78,-1.0
4.78,4.83,4.71,4.73,1.0
4.71,4.75,4.62,4.74,1.0
4.68,4.92,4.68,4.77,1.0
4.76,4.86,4.74,4.8,1.0
4.76,4.87,4.72,4.85,-1.0
4.86,4.87,4.8,4.81,1.0
4.8,4.91,4.75,4.88,1.0
4.87,4.97,4.84,4.95,-1.0
4.99,5.0,4.87,4.93,1.0
4.93,4.96,4.86,4.94,1.0
4.91,4.98,4.88,4.98,-1.0
4.95,4.98,4.87,4.92,1.0
4.93,5.03,4.88,4.94,-1.0
4.95,4.95,4.86,4.88,-1.0
4.88,4.93,4.83,4.86,-1.0
4.85,4.88,4.7,4.71,-1.0
4.7,4.72,4.52,4.59,0.0
4.59,4.59,4.59,4.59,-1.0
4.56,4.61,4.42,4.44,1.0
4.48,4.52,4.43,4.51,1.0
4.5,4.59,4.5,4.57,-1.0
4.57,4.57,4.46,4.47,1.0
4.45,4.52,4.41,4.47,0.0
4.46,4.48,4.39,4.46,1.0
4.48,4.52,4.45,4.49,1.0
4.49,4.53,4.47,4.53,1.0
4.52,4.69,4.47,4.65,-1.0
4.58,4.62,4.51,4.53,1.0
4.54,4.66,4.52,4.65,1.0
4.6,4.68,4.57,4.65,-1.0
4.66,4.68,4.55,4.62,1.0
4.59,4.69,4.57,4.67,-1.0
4.67,4.69,4.58,4.6,0.0
4.58,4.62,4.54,4.58,-1.0
4.57,4.61,4.36,4.37,-1.0
4.38,4.41,4.32,4.37,0.0
4.37,4.37,4.37,4.37,-1.0
4.37,4.41,4.33,4.34,-1.0
4.4,4.67,4.3,4.31,-1.0
4.32,4.34,4.15,4.18,1.0
4.2,4.27,4.15,4.26,1.0
4.25,4.32,4.21,4.31,-1.0
4.26,4.27,4.18,4.25,1.0
4.22,4.44,4.22,4.33,1.0
4.33,4.36,4.3,4.35,1.0
4.33,4.38,4.31,4.36,-1.0
4.35,4.4,4.25,4.25,1.0
4.25,4.31,4.19,4.28,-1.0
4.27,4.27,4.19,4.25,1.0
4.25,4.32,4.25,4.3,1.0
4.28,4.41,4.26,4.32,-1.0
4.33,4.33,4.22,4.24,-1.0
4.27,4.27,4.14,4.16,-1.0
4.17,4.23,4.07,4.08,1.0
4.11,4.14,4.05,4.13,-1.0
4.15,4.16,4.09,4.1,1.0
4.13,4.2,4.08,4.18,1.0
4.17,4.28,4.16,4.25,1.0
4.25,4.31,4.24,4.27,1.0
4.29,4.43,4.23,4.38,-1.0
4.38,4.39,4.28,4.28,-1.0
4.31,4.34,4.27,4.3,1.0
4.31,4.34,4.28,4.34,1.0
4.37,4.43,4.36,4.4,-1.0
4.42,4.44,4.37,4.41,1.0
4.37,4.41,4.3,4.38,1.0
4.37,4.42,4.35,4.38,1.0
4.35,4.41,4.35,4.4,1.0
4.4,4.44,4.37,4.41,-1.0
4.39,4.39,4.3,4.31,1.0
4.33,4.39,4.3,4.38,1.0
4.39,4.46,4.36,4.45,0.0
4.43,4.46,4.4,4.43,-1.0
4.44,4.45,4.4,4.41,-1.0
4.41,4.43,4.36,4.4,1.0
4.4,4.44,4.37,4.41,-1.0
4.4,4.42,4.33,4.34,1.0
4.33,4.39,4.32,4.38,-1.0
4.39,4.39,4.16,4.19,1.0
4.2,4.21,4.15,4.21,1.0
4.21,4.35,4.18,4.28,1.0
4.24,4.42,4.23,4.37,-1.0
4.36,4.41,4.3,4.34,1.0
4.36,4.41,4.31,4.41,-1.0
4.43,4.45,4.35,4.41,-1.0
4.42,4.44,4.29,4.31,1.0
4.3,4.42,4.3,4.42,-1.0
4.32,4.36,4.18,4.3,-1.0
4.22,4.29,3.95,4.0,1.0
3.82,3.99,3.82,3.94,1.0
3.98,4.05,3.98,4.0,1.0
3.9,4.09,3.9,4.06,1.0
4.07,4.14,4.06,4.11,0.0
4.14,4.15,4.08,4.14,-1.0
4.16,4.19,4.09,4.1,0.0
4.1,4.13,4.08,4.1,-1.0
4.1,4.11,4.0,4.03,0.0
3.98,4.01,3.92,3.98,1.0
3.98,4.03,3.95,3.99,1.0
4.0,4.06,3.99,4.06,-1.0
4.08,4.09,4.02,4.06,0.0
4.06,4.06,4.06,4.06,1.0
4.12,4.19,4.1,4.13,-1.0
4.1,4.12,4.08,4.08,-1.0
4.08,4.13,4.06,4.06,-1.0
4.06,4.08,4.0,4.03,-1.0
4.04,4.07,3.99,4.0,-1.0
4.0,4.03,3.94,3.95,-1.0
3.94,3.94,3.85,3.88,1.0
3.87,4.09,3.85,4.05,1.0
4.03,4.07,3.99,4.06,-1.0
4.06,4.07,3.99,4.0,1.0
4.0,4.04,3.98,4.04,-1.0
4.03,4.03,3.9,3.94,1.0
3.95,4.0,3.92,3.98,1.0
3.99,4.04,3.97,4.0,-1.0
4.01,4.02,3.97,3.97,-1.0
3.97,3.97,3.87,3.89,1.0
3.9,4.04,3.86,4.02,1.0
4.01,4.08,3.98,4.06,-1.0
4.03,4.06,3.95,3.95,1.0
3.9,3.96,3.89,3.94,0.0
3.94,4.05,3.92,3.94,1.0
3.99,4.0,3.94,4.0,1.0
4.0,4.07,3.97,4.02,-1.0
4.0,4.0,3.86,3.88,-1.0
3.91,3.94,3.84,3.89,-1.0
3.9,3.92,3.82,3.83,-1.0
3.91,3.96,3.78,3.81,1.0
3.81,3.94,3.76,3.93,1.0
3.93,4.01,3.88,4.0,-1.0
4.0,4.02,3.93,3.97,-1.0
4.0,4.01,3.96,3.98,-1.0
3.98,3.98,3.86,3.86,-1.0
3.88,3.89,3.82,3.85,-1.0
3.82,3.85,3.72,3.75,-1.0
3.79,3.79,3.68,3.69,0.0
3.75,3.77,3.7,3.75,1.0
3.75,3.86,3.72,3.83,1.0
3.79,3.96,3.79,3.92,1.0
3.91,4.0,3.88,3.95,0.0
3.97,3.99,3.91,3.97,1.0
3.97,4.09,3.94,4.0,1.0
3.99,4.06,3.94,4.0,1.0
3.95,4.06,3.91,4.05,-1.0
4.05,4.07,4.02,4.03,1.0
4.03,4.06,4.01,4.05,-1.0
4.05,4.07,3.98,3.98,1.0
3.97,4.02,3.93,3.99,1.0
3.98,4.0,3.92,4.0,-1.0
3.98,3.99,3.93,3.94,1.0
3.92,3.96,3.88,3.94,1.0
3.94,4.01,3.94,4.0,0.0
4.0,4.02,3.97,4.0,-1.0
4.01,4.01,3.89,3.9,1.0
3.92,4.01,3.85,3.97,-1.0
3.95,3.95,3.79,3.8,1.0
3.79,3.83,3.77,3.8,1.0
3.79,3.84,3.75,3.8,-1.0
3.8,3.83,3.77,3.78,1.0
3.77,3.79,3.73,3.79,-1.0
3.78,3.78,3.71,3.73,1.0
3.71,3.76,3.68,3.72,1.0
3.75,3.79,3.73,3.77,-1.0
3.77,3.77,3.55,3.57,1.0
3.65,3.82,3.63,3.81,-1.0
3.81,3.82,3.71,3.78,1.0
3.74,3.79,3.69,3.78,1.0
3.72,3.8,3.7,3.79,-1.0
3.77,3.79,3.71,3.73,1.0
3.73,3.75,3.61,3.74,1.0
3.68,3.76,3.65,3.75,-1.0
3.75,3.75,3.6,3.6,-1.0
3.6,3.62,3.4,3.44,-1.0
3.44,3.46,3.33,3.36,-1.0
3.36,3.36,3.1,3.15,1.0
3.15,3.23,3.13,3.23,1.0
3.18,3.22,3.14,3.21,-1.0
3.2,3.25,3.18,3.18,-1.0
3.22,3.23,3.12,3.12,-1.0
3.13,3.13,2.97,3.06,1.0
3.06,3.12,3.04,3.08,-1.0
3.11,3.12,3.06,3.08,-1.0
3.06,3.08,3.03,3.03,-1.0
3.03,3.04,2.94,2.97,-1.0
2.98,3.02,2.95,2.97,0.0
2.97,2.97,2.97,2.97,-1.0
3.02,3.04,2.95,2.96,-1.0
2.99,2.99,2.85,2.89,1.0
2.89,2.93,2.83,2.92,1.0
2.9,3.06,2.89,3.04,1.0
3.05,3.24,3.02,3.2,1.0
3.2,3.29,3.16,3.22,1.0
3.2,3.32,3.18,3.3,-1.0
3.3,3.31,3.15,3.21,-1.0
3.21,3.24,3.14,3.19,1.0
3.2,3.33,3.15,3.3,-1.0
3.3,3.31,3.18,3.19,-1.0
3.22,3.24,3.18,3.2,1.0
3.21,3.24,3.19,3.24,-1.0
3.29,3.29,3.2,3.2,1.0
3.22,3.24,3.19,3.23,0.0
3.2,3.26,3.19,3.2,1.0
3.21,3.24,3.19,3.24,1.0
3.24,3.28,3.21,3.27,1.0
3.28,3.37,3.23,3.36,-1.0
3.33,3.34,3.25,3.29,1.0
3.27,3.35,3.26,3.33,1.0
3.3,3.41,3.3,3.36,-1.0
3.39,3.39,3.35,3.37,1.0
3.35,3.54,3.32,3.48,-1.0
3.47,3.47,3.41,3.45,1.0
3.43,3.57,3.43,3.56,-1.0
3.6,3.62,3.49,3.53,-1.0
3.53,3.55,3.47,3.49,1.0
3.5,3.63,3.5,3.56,1.0
3.55,3.58,3.48,3.56,1.0
3.59,3.64,3.52,3.62,-1.0
3.6,3.62,3.56,3.58,1.0
3.59,3.62,3.55,3.61,1.0
3.58,3.7,3.58,3.66,-1.0
3.67,3.68,3.56,3.66,-1.0
3.62,3.62,3.55,3.55,0.0
3.55,3.58,3.52,3.55,1.0
3.55,3.59,3.54,3.59,-1.0
3.59,3.63,3.55,3.56,-1.0
3.55,3.55,3.44,3.48,1.0
3.42,3.52,3.42,3.49,1.0
3.5,3.58,3.49,3.57,1.0
3.58,3.6,3.55,3.59,0.0
3.59,3.61,3.56,3.59,1.0
3.59,3.67,3.56,3.65,-1.0
3.66,3.72,3.4,3.64,-1.0
3.58,3.61,3.5,3.52,1.0
3.52,3.68,3.52,3.63,1.0
3.62,3.67,3.58,3.66,-1.0
3.65,3.65,3.53,3.59,0.0
3.59,3.61,3.5,3.59,-1.0
3.57,3.61,3.5,3.56,-1.0
3.56,3.56,3.45,3.47,-1.0
3.49,3.51,3.41,3.47,-1.0
3.45,3.49,3.41,3.42,-1.0
3.41,3.41,3.22,3.29,-1.0
3.29,3.29,3.18,3.26,1.0
3.22,3.3,3.22,3.29,1.0
3.27,3.36,3.24,3.33,1.0
3.33,3.35,3.31,3.35,-1.0
3.36,3.36,3.31,3.33,1.0
3.31,3.36,3.27,3.35,1.0
3.33,3.42,3.32,3.41,1.0
3.43,3.52,3.39,3.45,1.0
3.46,3.49,3.44,3.47,1.0
3.47,3.54,3.45,3.51,-1.0
3.51,3.56,3.44,3.45,1.0
3.46,3.54,3.43,3.53,1.0
3.52,3.54,3.49,3.53,-1.0
3.53,3.54,3.47,3.52,-1.0
3.53,3.54,3.44,3.51,-1.0
3.48,3.51,3.3,3.46,1.0
3.48,3.57,3.44,3.55,-1.0
3.56,3.61,3.5,3.55,-1.0
3.57,3.59,3.49,3.51,-1.0
3.54,3.57,3.46,3.51,1.0
3.48,3.54,3.46,3.53,1.0
3.53,3.62,3.52,3.57,-1.0
3.54,3.56,3.5,3.53,-1.0
3.5,3.53,3.47,3.48,0.0
3.48,3.48,3.48,3.48,1.0
3.42,3.49,3.4,3.44,1.0
3.44,3.53,3.42,3.5,-1.0
3.5,3.55,3.48,3.48,1.0
3.45,3.55,3.4,3.55,1.0
3.53,3.59,3.5,3.54,1.0
3.54,3.65,3.51,3.57,-1.0
3.56,3.62,3.51,3.52,-1.0
3.53,3.54,3.46,3.47,1.0
3.47,3.52,3.45,3.5,-1.0
3.52,3.56,3.45,3.48,1.0
3.48,3.55,3.46,3.5,1.0
3.51,3.61,3.47,3.55,1.0
3.56,3.71,3.5,3.7,-1.0
3.68,3.78,3.64,3.67,1.0
3.65,3.75,3.64,3.69,-1.0
3.68,3.72,3.61,3.65,0.0
3.63,3.65,3.59,3.63,-1.0
3.59,3.62,3.43,3.44,-1.0
3.46,3.48,3.36,3.42,-1.0
3.43,3.44,3.35,3.38,-1.0
3.39,3.42,3.33,3.35,-1.0
3.39,3.43,3.35,3.38,0.0
3.4,3.42,3.35,3.4,-1.0
3.4,3.4,3.3,3.31,1.0
3.32,3.38,3.3,3.37,-1.0
3.37,3.39,3.32,3.32,-1.0
3.35,3.41,3.33,3.33,1.0
3.37,3.4,3.34,3.39,-1.0
3.39,3.4,3.35,3.36,0.0
3.36,3.36,3.36,3.36,-1.0
3.37,3.37,3.24,3.25,-1.0
3.26,3.27,3.12,3.14,1.0
3.14,3.17,3.1,3.17,-1.0
3.16,3.22,3.14,3.14,-1.0
3.15,3.18,3.08,3.09,1.0
3.09,3.12,3.05,3.12,1.0
3.14,3.18,3.1,3.17,-1.0
3.15,3.18,3.12,3.12,1.0
3.12,3.16,3.09,3.13,-1.0
3.12,3.12,2.98,3.0,1.0
3.01,3.06,2.98,3.05,-1.0
3.0,3.06,2.92,2.96,1.0
2.96,3.02,2.91,3.01,1.0
3.0,3.06,2.96,3.06,1.0
3.03,3.08,3.0,3.07,-1.0
3.03,3.06,3.01,3.02,-1.0
3.02,3.02,2.86,2.86,1.0
2.86,2.93,2.86,2.93,1.0
2.93,2.96,2.88,2.95,1.0
2.94,3.02,2.9,3.01,-1.0
3.0,3.05,2.96,2.96,1.0
2.97,3.0,2.93,2.98,1.0
2.97,3.01,2.96,3.0,0.0
2.99,3.02,2.96,2.99,-1.0
2.99,3.01,2.91,2.92,-1.0
2.95,2.95,2.88,2.89,-1.0
2.9,2.9,2.78,2.8,0.0
2.76,2.8,2.69,2.76,1.0
2.76,2.83,2.74,2.8,-1.0
2.8,2.82,2.7,2.77,1.0
2.78,2.83,2.76,2.83,1.0
2.82,2.89,2.81,2.89,1.0
2.89,2.93,2.86,2.91,-1.0
2.91,2.93,2.88,2.89,1.0
2.89,2.99,2.87,2.97,-1.0
2.97,2.98,2.93,2.94,-1.0
2.96,2.96,2.81,2.85,1.0
2.85,2.94,2.81,2.93,-1.0
2.94,2.94,2.87,2.87,-1.0
2.86,2.89,2.8,2.82,1.0
2.82,2.92,2.8,2.89,-1.0
2.87,2.87,2.83,2.86,1.0
2.86,2.93,2.84,2.93,1.0
2.9,2.94,2.9,2.91,1.0
2.9,2.98,2.88,2.94,-1.0
2.93,2.97,2.87,2.88,-1.0
2.88,2.88,2.81,2.82,1.0
2.84,2.92,2.78,2.9,1.0
2.89,2.94,2.84,2.93,-1.0
2.9,2.93,2.84,2.87,-1.0
2.89,2.91,2.85,2.88,1.0
2.88,2.93,2.87,2.93,-1.0
2.92,2.94,2.87,2.88,1.0
2.93,3.17,2.91,3.05,-1.0
3.05,3.05,2.95,2.99,1.0
3.0,3.13,3.0,3.08,1.0
3.07,3.22,3.04,3.14,1.0
3.11,3.22,3.09,3.17,-1.0
3.17,3.19,3.06,3.13,-1.0
3.13,3.13,3.01,3.03,-1.0
3.06,3.09,2.99,3.03,-1.0
3.03,3.03,2.89,2.9,-1.0
2.9,2.94,2.86,2.89,1.0
2.89,2.95,2.88,2.93,-1.0
2.91,2.93,2.8,2.8,0.0
2.8,2.84,2.79,2.8,1.0
2.78,2.84,2.76,2.81,1.0
2.8,2.87,2.8,2.83,-1.0
2.8,2.82,2.75,2.77,1.0
2.75,2.86,2.75,2.83,1.0
2.84,2.87,2.82,2.86,0.0
2.84,2.87,2.83,2.84,1.0
2.86,2.96,2.84,2.92,1.0
2.92,2.98,2.89,2.95,1.0
2.93,3.01,2.93,2.94,-1.0
2.96,2.96,2.88,2.94,-1.0
2.92,2.93,2.88,2.91,0.0
2.91,2.94,2.89,2.91,0.0
2.91,2.93,2.88,2.91,1.0
2.92,3.2,2.9,3.02,1.0
2.98,3.04,2.98,3.03,1.0
3.01,3.04,2.99,3.04,-1.0
3.05,3.06,3.01,3.02,1.0
3.02,3.1,3.0,3.09,-1.0
3.09,3.17,3.03,3.04,-1.0
3.02,3.05,2.94,2.95,-1.0
2.95,2.98,2.92,2.94,0.0
2.97,2.99,2.94,2.97,0.0
2.97,2.99,2.93,2.97,1.0
2.96,3.03,2.96,3.03,1.0
3.03,3.06,3.0,3.05,0.0
3.06,3.07,3.03,3.06,-1.0
3.06,3.07,2.99,3.05,1.0
3.03,3.05,3.01,3.04,-1.0
3.03,3.03,2.85,2.86,1.0
2.89,2.93,2.87,2.92,1.0
2.92,3.0,2.9,2.98,-1.0
2.97,2.97,2.9,2.91,1.0
2.89,2.98,2.88,2.97,-1.0
2.98,3.15,2.96,2.97,1.0
2.85,2.92,2.83,2.89,0.0
2.88,2.89,2.8,2.88,1.0
2.89,2.96,2.85,2.95,1.0
2.93,3.04,2.88,3.02,1.0
3.02,3.04,2.95,3.04,-1.0
3.04,3.06,2.99,3.03,-1.0
3.04,3.05,2.97,2.99,-1.0
2.98,2.99,2.86,2.87,-1.0
2.87,2.88,2.78,2.83,-1.0
2.83,2.85,2.8,2.82,1.0
2.81,2.88,2.8,2.85,-1.0
2.86,2.87,2.78,2.8,1.0
2.79,2.85,2.78,2.84,1.0
2.82,3.06,2.82,2.99,1.0
2.96,3.16,2.96,3.03,1.0
3.0,3.15,2.97,3.1,0.0
3.09,3.13,3.02,3.09,-1.0
3.08,3.15,3.04,3.04,1.0
3.04,3.12,3.03,3.08,-1.0
3.08,3.08,3.02,3.03,1.0
3.02,3.17,3.02,3.16,-1.0
3.16,3.2,3.12,3.15,-1.0
3.15,3.18,3.07,3.11,1.0
3.11,3.23,3.06,3.22,0.0
3.17,3.21,3.12,3.17,-1.0
3.24,3.33,3.12,3.14,1.0
3.1,3.13,3.06,3.11,1.0
3.1,3.23,3.08,3.19,1.0
3.18,3.22,3.16,3.2,-1.0
3.2,3.23,3.15,3.16,-1.0
3.18,3.2,3.15,3.17,-1.0
3.23,3.28,3.19,3.22,-1.0
3.23,3.25,3.17,3.19,1.0
3.18,3.21,3.15,3.21,1.0
3.23,3.25,3.19,3.24,-1.0
3.23,3.25,3.19,3.21,-1.0
3.22,3.24,3.2,3.21,-1.0
3.21,3.22,3.09,3.11,1.0
3.12,3.18,3.09,3.18,1.0
3.17,3.22,3.15,3.21,-1.0
3.19,3.2,3.13,3.17,-1.0
3.16,3.17,3.12,3.14,1.0
3.14,3.18,3.13,3.18,1.0
3.17,3.23,3.15,3.23,-1.0
3.23,3.23,3.15,3.21,-1.0
3.2,3.2,3.13,3.18,-1.0
3.17,3.2,3.09,3.1,0.0
3.1,3.12,3.07,3.1,1.0
3.09,3.15,3.08,3.14,1.0
3.15,3.17,3.09,3.16,1.0
3.15,3.19,3.13,3.18,1.0
3.18,3.2,3.14,3.19,1.0
3.18,3.2,3.17,3.19,-1.0
3.19,3.19,3.12,3.14,1.0
3.13,3.19,3.1,3.18,0.0
3.18,3.21,3.16,3.18,-1.0
3.19,3.19,3.15,3.17,1.0
3.18,3.21,3.16,3.21,0.0
3.2,3.23,3.18,3.2,1.0
3.2,3.25,3.18,3.25,1.0
3.24,3.26,3.21,3.25,-1.0
3.23,3.24,3.14,3.18,-1.0
3.18,3.19,3.14,3.16,1.0
3.15,3.18,3.14,3.17,-1.0
3.17,3.17,3.1,3.1,-1.0
3.09,3.13,3.06,3.07,1.0
3.09,3.13,3.07,3.13,1.0
3.12,3.15,3.11,3.14,-1.0
3.13,3.13,3.0,3.01,1.0
3.01,3.05,3.0,3.05,1.0
3.05,3.1,3.05,3.1,-1.0
3.11,3.12,3.07,3.1,-1.0
3.09,3.11,3.06,3.07,1.0
3.08,3.1,3.06,3.1,-1.0
3.09,3.1,3.02,3.05,-1.0
3.04,3.05,2.99,3.03,0.0
3.01,3.04,3.0,3.01,1.0
3.01,3.04,2.97,3.02,-1.0
3.0,3.02,2.94,2.99,1.0
3.02,3.05,2.97,3.04,1.0
3.04,3.07,3.02,3.07,1.0
3.07,3.37,3.07,3.32,-1.0
3.25,3.27,3.17,3.23,-1.0
3.22,3.23,3.16,3.19,-1.0
3.18,3.18,3.11,3.16,-1.0
3.17,3.18,3.11,3.15,-1.0
3.13,3.13,3.04,3.05,1.0
3.05,3.11,3.04,3.07,-1.0
3.06,3.08,3.03,3.04,1.0
3.04,3.09,3.03,3.05,-1.0
3.07,3.08,3.01,3.03,-1.0
3.0,3.0,2.95,2.98,1.0
2.99,3.02,2.98,3.01,-1.0
3.01,3.03,2.98,2.99,1.0
3.0,3.04,2.99,3.02,1.0
3.02,3.06,3.0,3.06,-1.0
3.05,3.06,2.98,2.98,1.0
2.99,3.03,2.96,3.01,0.0
3.01,3.02,2.99,3.01,-1.0
3.01,3.04,2.98,3.0,1.0
3.0,3.04,2.99,3.03,1.0
3.02,3.06,3.02,3.05,-1.0
3.05,3.05,2.92,2.93,1.0
2.96,2.98,2.92,2.97,-1.0
2.98,2.98,2.91,2.92,-1.0
2.94,2.94,2.84,2.88,1.0
2.86,2.91,2.85,2.89,1.0
2.9,2.94,2.88,2.92,0.0
2.94,2.95,2.92,2.94,1.0
2.92,3.08,2.92,3.01,1.0
3.01,3.06,2.98,3.04,-1.0
3.03,3.03,2.93,2.95,1.0
2.95,2.98,2.92,2.97,0.0
2.95,2.98,2.93,2.95,-1.0
2.95,2.95,2.89,2.91,1.0
2.91,2.94,2.9,2.94,1.0
2.9,2.97,2.9,2.96,1.0
2.99,3.05,2.99,3.02,-1.0
3.03,3.03,3.0,3.01,1.0
3.01,3.03,3.0,3.02,0.0
3.01,3.04,3.0,3.01,-1.0
3.0,3.03,2.98,2.99,1.0
3.0,3.02,2.98,3.01,1.0
3.01,3.03,2.99,3.03,1.0
3.03,3.05,3.0,3.04,0.0
3.04,3.05,3.02,3.04,0.0
3.03,3.04,3.01,3.03,-1.0
3.03,3.03,3.0,3.0,0.0
3.0,3.03,2.99,3.0,-1.0
3.0,3.01,2.93,2.93,1.0
2.93,2.95,2.92,2.94,-1.0
2.93,2.93,2.87,2.87,-1.0
2.88,2.89,2.82,2.84,-1.0
2.82,2.83,2.77,2.77,-1.0
2.79,2.81,2.76,2.78,0.0
2.78,2.79,2.75,2.78,1.0
2.79,2.81,2.77,2.8,0.0
2.79,2.79,2.74,2.79,-1.0
2.77,2.81,2.72,2.73,1.0
2.72,2.74,2.68,2.73,-1.0
2.71,2.72,2.5,2.52,-1.0
2.52,2.53,2.31,2.47,1.0
2.45,2.48,2.42,2.47,-1.0
2.49,2.52,2.42,2.42,1.0
2.4,2.46,2.39,2.44,1.0
2.44,2.52,2.41,2.52,1.0
2.5,2.63,2.5,2.62,-1.0
2.62,2.62,2.48,2.54,0.0
2.54,2.55,2.46,2.54,-1.0
2.55,2.56,2.52,2.54,-1.0
2.53,2.53,2.43,2.46,1.0
2.47,2.5,2.43,2.5,1.0
2.49,2.56,2.47,2.55,1.0
2.52,2.63,2.52,2.6,-1.0
2.57,2.62,2.55,2.56,1.0
2.55,2.6,2.54,2.58,1.0
2.57,2.61,2.55,2.6,-1.0
2.59,2.61,2.56,2.56,-1.0
2.59,2.59,2.52,2.54,-1.0
2.53,2.55,2.46,2.47,0.0
2.45,2.47,2.43,2.45,1.0
2.44,2.52,2.44,2.51,1.0
2.48,2.54,2.48,2.52,-1.0
2.51,2.53,2.45,2.46,-1.0
2.48,2.48,2.43,2.45,-1.0
2.43,2.44,2.41,2.42,1.0
2.43,2.46,2.41,2.44,1.0
2.43,2.47,2.43,2.44,1.0
2.44,2.5,2.43,2.49,0.0
2.5,2.55,2.49,2.5,1.0
2.48,2.54,2.47,2.52,1.0
2.51,2.56,2.5,2.56,0.0
2.63,2.75,2.62,2.63,1.0
2.58,2.62,2.57,2.59,-1.0
2.6,2.6,2.54,2.58,1.0
2.56,2.62,2.55,2.62,1.0
2.62,2.64,2.6,2.64,-1.0
2.64,2.65,2.59,2.6,-1.0
2.61,2.62,2.57,2.57,-1.0
2.56,2.62,2.54,2.55,1.0
2.53,2.59,2.53,2.58,0.0
2.58,2.6,2.56,2.58,1.0
2.58,2.75,2.57,2.71,-1.0
2.68,2.68,2.64,2.64,-1.0
2.65,2.68,2.58,2.61,1.0
2.62,2.66,2.6,2.66,1.0
2.66,2.68,2.64,2.68,-1.0
2.67,2.67,2.63,2.66,1.0
2.65,2.71,2.64,2.7,1.0
2.7,2.77,2.68,2.72,-1.0
2.71,2.71,2.61,2.69,1.0
2.69,2.72,2.67,2.72,-1.0
2.72,2.73,2.69,2.7,-1.0
2.7,2.71,2.68,2.68,0.0
2.69,2.7,2.68,2.69,1.0
2.71,2.74,2.69,2.74,1.0
2.73,2.79,2.72,2.78,1.0
2.77,2.86,2.76,2.82,1.0
2.81,3.1,2.79,2.98,-1.0
2.93,2.97,2.81,2.82,-1.0
2.87,2.95,2.83,2.85,-1.0
2.84,2.87,2.8,2.81,1.0
2.81,2.83,2.77,2.82,1.0
2.83,2.95,2.8,2.93,-1.0
2.9,2.91,2.86,2.87,-1.0
2.89,2.9,2.82,2.83,-1.0
2.83,2.84,2.74,2.75,1.0
2.75,2.8,2.75,2.79,-1.0
2.8,2.8,2.76,2.78,1.0
2.78,2.82,2.76,2.82,1.0
2.82,2.85,2.79,2.84,-1.0
2.86,2.87,2.8,2.83,1.0
2.84,2.88,2.83,2.87,1.0
2.87,2.9,2.84,2.88,0.0
2.88,2.9,2.85,2.88,-1.0
2.88,2.88,2.79,2.8,0.0
2.81,2.86,2.8,2.81,0.0
2.81,2.82,2.77,2.81,1.0
2.82,2.88,2.79,2.87,1.0
2.87,2.91,2.85,2.88,-1.0
2.88,2.88,2.81,2.82,1.0
2.81,2.83,2.78,2.82,-1.0
2.85,2.87,2.75,2.78,0.0
2.78,2.8,2.73,2.78,-1.0
2.76,2.79,2.6,2.68,1.0
2.69,2.74,2.67,2.72,0.0
2.72,2.74,2.69,2.72,1.0
2.7,2.75,2.69,2.74,-1.0
2.74,2.74,2.71,2.73,1.0
2.71,2.76,2.7,2.74,0.0
2.74,2.77,2.72,2.74,1.0
2.73,2.76,2.72,2.76,-1.0
2.75,2.75,2.65,2.68,-1.0
2.68,2.69,2.63,2.67,1.0
2.68,2.71,2.66,2.7,-1.0
2.69,2.69,2.63,2.65,1.0
2.65,2.69,2.63,2.67,1.0
2.68,2.74,2.68,2.73,1.0
2.73,2.78,2.71,2.78,1.0
2.79,2.84,2.76,2.81,-1.0
2.81,2.81,2.78,2.8,-1.0
2.81,2.81,2.76,2.78,1.0
2.8,2.82,2.77,2.81,0.0
2.8,2.82,2.79,2.8,-1.0
2.86,2.92,2.82,2.85,1.0
2.82,2.85,2.79,2.84,1.0
2.83,2.92,2.81,2.91,-1.0
2.93,2.94,2.87,2.91,-1.0
2.82,2.85,2.7,2.74,1.0
2.74,2.8,2.7,2.78,1.0
2.78,2.85,2.76,2.84,1.0
2.82,2.88,2.81,2.84,0.0
2.84,2.86,2.82,2.84,0.0
2.85,2.86,2.83,2.85,-1.0
2.86,2.86,2.82,2.84,-1.0
2.84,2.84,2.77,2.81,0.0
2.8,2.82,2.78,2.8,0.0
2.79,2.81,2.77,2.79,-1.0
2.81,2.81,2.75,2.77,1.0
2.77,2.8,2.73,2.8,-1.0
2.77,2.79,2.75,2.76,1.0
2.77,2.8,2.73,2.79,-1.0
2.79,2.79,2.72,2.75,-1.0
2.74,2.78,2.67,2.72,-1.0
2.73,2.74,2.69,2.72,1.0
2.71,2.74,2.7,2.72,-1.0
2.73,2.74,2.67,2.68,1.0
2.68,2.71,2.66,2.7,1.0
2.7,2.75,2.7,2.73,1.0
2.72,2.76,2.72,2.76,-1.0
2.76,2.77,2.74,2.75,-1.0
2.76,2.76,2.7,2.71,-1.0
2.7,2.7,2.63,2.63,-1.0
2.64,2.65,2.61,2.63,-1.0
2.63,2.65,2.59,2.62,-1.0
2.62,2.62,2.55,2.56,-1.0
2.55,2.58,2.51,2.52,1.0
2.52,2.55,2.49,2.53,1.0
2.52,2.56,2.5,2.55,-1.0
2.55,2.58,2.53,2.54,1.0
2.53,2.57,2.5,2.56,-1.0
2.55,2.55,2.48,2.49,1.0
2.49,2.53,2.48,2.52,1.0
2.5,2.55,2.5,2.53,1.0
2.53,2.59,2.53,2.59,1.0
2.57,2.6,2.57,2.58,1.0
2.58,2.61,2.56,2.59,1.0
2.58,2.6,2.57,2.6,-1.0
2.59,2.6,2.56,2.58,1.0
2.58,2.6,2.57,2.59,-1.0
2.59,2.6,2.56,2.58,1.0
2.59,2.6,2.57,2.6,1.0
2.59,2.66,2.59,2.65,0.0
2.66,2.69,2.63,2.66,1.0
2.66,2.69,2.65,2.69,-1.0
2.68,2.71,2.66,2.67,1.0
2.68,2.75,2.67,2.74,1.0
2.74,2.75,2.71,2.75,-1.0
2.75,2.75,2.7,2.72,1.0
2.71,2.75,2.7,2.75,-1.0
2.73,2.75,2.71,2.72,-1.0
2.73,2.76,2.67,2.68,-1.0
2.69,2.7,2.63,2.64,-1.0
2.66,2.66,2.56,2.57,1.0
2.55,2.61,2.55,2.61,-1.0
2.6,2.62,2.58,2.59,1.0
2.58,2.61,2.55,2.6,1.0
2.6,2.65,2.58,2.64,-1.0
2.63,2.64,2.59,2.62,-1.0
2.63,2.65,2.61,2.62,1.0
2.62,2.67,2.6,2.65,-1.0
2.65,2.66,2.61,2.62,-1.0
2.63,2.63,2.53,2.55,1.0
2.53,2.56,2.51,2.54,1.0
2.53,2.58,2.51,2.55,1.0
2.56,2.6,2.54,2.6,-1.0
2.6,2.6,2.55,2.59,1.0
2.59,2.62,2.58,2.61,1.0
2.61,2.64,2.6,2.63,1.0
2.63,2.65,2.6,2.65,-1.0
2.65,2.69,2.61,2.61,1.0
2.64,2.75,2.64,2.69,1.0
2.66,2.74,2.64,2.72,1.0
2.69,2.74,2.68,2.73,0.0
2.71,2.73,2.67,2.71,1.0
2.69,2.84,2.67,2.75,-1.0
2.73,2.78,2.7,2.72,-1.0
2.72,2.74,2.64,2.67,1.0
2.68,2.69,2.64,2.69,1.0
2.68,2.72,2.66,2.7,-1.0
2.71,2.74,2.67,2.7,1.0
2.68,2.72,2.67,2.72,1.0
2.71,2.75,2.7,2.74,1.0
2.72,2.75,2.72,2.74,0.0
2.73,2.76,2.72,2.73,1.0
2.73,2.76,2.72,2.74,1.0
2.73,2.77,2.71,2.76,1.0
2.75,3.02,2.73,2.84,1.0
2.81,2.89,2.79,2.86,-1.0
2.87,2.87,2.8,2.83,1.0
2.83,2.9,2.81,2.89,-1.0
2.88,2.95,2.82,2.82,-1.0
2.84,2.85,2.77,2.81,0.0
2.8,2.83,2.77,2.8,1.0
2.81,2.98,2.78,2.87,-1.0
2.85,2.92,2.77,2.77,-1.0
2.77,2.77,2.58,2.62,1.0
2.62,2.65,2.58,2.63,1.0
2.64,2.68,2.62,2.68,1.0
2.67,2.68,2.65,2.68,1.0
2.68,2.71,2.65,2.69,-1.0
2.69,2.69,2.62,2.62,1.0
2.62,2.73,2.61,2.67,1.0
2.66,2.7,2.63,2.68,1.0
2.69,2.76,2.67,2.75,-1.0
2.75,2.75,2.71,2.72,1.0
2.71,2.78,2.71,2.76,-1.0
2.75,2.76,2.69,2.71,1.0
2.71,2.84,2.7,2.8,1.0
2.78,2.87,2.76,2.82,-1.0
2.82,2.84,2.77,2.79,-1.0
2.77,2.77,2.71,2.74,1.0
2.74,2.95,2.73,2.8,1.0
2.77,2.81,2.74,2.8,0.0
2.79,2.8,2.75,2.79,-1.0
2.78,2.78,2.74,2.75,1.0
2.75,2.82,2.73,2.79,-1.0
2.8,2.87,2.78,2.79,-1.0
2.78,2.8,2.74,2.77,1.0
2.77,2.79,2.76,2.78,-1.0
2.77,2.78,2.7,2.73,1.0
2.73,2.79,2.72,2.78,-1.0
2.78,2.78,2.72,2.75,-1.0
2.75,2.75,2.71,2.73,1.0
2.73,2.77,2.72,2.76,0.0
2.75,2.77,2.73,2.75,1.0
2.75,2.8,2.73,2.76,1.0
2.76,2.81,2.75,2.8,-1.0
2.81,2.81,2.78,2.8,0.0
2.79,2.81,2.78,2.79,1.0
2.78,2.87,2.78,2.83,-1.0
2.83,2.83,2.68,2.72,1.0
2.71,2.74,2.69,2.73,1.0
2.73,2.75,2.72,2.74,-1.0
2.8,2.86,2.76,2.78,1.0
2.75,2.8,2.74,2.8,1.0
2.78,2.87,2.78,2.83,1.0
2.83,2.89,2.8,2.86,-1.0
2.87,2.9,2.83,2.86,1.0
2.86,2.87,2.83,2.87,1.0
2.86,2.88,2.83,2.87,1.0
2.85,2.9,2.84,2.88,0.0
2.88,2.89,2.85,2.88,1.0
2.88,2.95,2.85,2.93,-1.0
2.91,2.92,2.88,2.9,-1.0
2.9,2.91,2.83,2.84,1.0
2.84,2.9,2.83,2.88,1.0
2.88,2.94,2.86,2.92,1.0
2.91,2.94,2.88,2.93,-1.0
2.92,2.94,2.89,2.91,1.0
2.92,3.05,2.91,2.99,-1.0
2.98,2.98,2.87,2.91,1.0
2.93,2.99,2.91,2.94,0.0
2.91,2.94,2.9,2.91,1.0
2.91,2.97,2.9,2.95,-1.0
2.94,2.98,2.92,2.93,1.0
2.93,3.0,2.93,2.96,1.0
2.96,3.17,2.96,3.14,1.0
3.13,3.3,3.11,3.23,1.0
3.2,3.55,3.19,3.55,1.0
3.45,3.56,3.4,3.5,1.0
3.45,3.5,3.41,3.49,-1.0
3.4,3.45,3.22,3.23,1.0
3.21,3.27,3.21,3.26,1.0
3.24,3.27,3.2,3.26,1.0
3.24,3.28,3.23,3.26,-1.0
3.26,3.32,3.23,3.23,1.0
3.23,3.28,3.22,3.25,-1.0
3.28,3.29,3.22,3.26,1.0
3.26,3.28,3.24,3.28,1.0
3.3,3.36,3.27,3.32,-1.0
3.31,3.34,3.27,3.28,1.0
3.28,3.32,3.26,3.3,1.0
3.26,3.33,3.26,3.32,1.0
3.32,3.4,3.31,3.37,1.0
3.4,3.58,3.39,3.45,-1.0
3.41,3.48,3.36,3.4,-1.0
3.37,3.38,3.32,3.36,-1.0
3.34,3.35,3.24,3.27,-1.0
3.25,3.29,3.19,3.22,1.0
3.23,3.26,3.19,3.25,-1.0
3.24,3.27,3.2,3.2,1.0
3.25,3.29,3.21,3.28,1.0
3.29,3.35,3.26,3.34,1.0
3.35,3.38,3.33,3.36,0.0
3.37,3.39,3.34,3.37,1.0
3.38,3.41,3.35,3.39,0.0
3.39,3.41,3.37,3.39,1.0
3.4,3.49,3.39,3.49,1.0
3.49,3.56,3.45,3.53,1.0
3.55,3.76,3.52,3.65,1.0
3.62,3.85,3.62,3.75,-1.0
3.87,3.92,3.77,3.8,1.0
3.76,4.13,3.76,3.85,1.0
3.91,4.18,3.82,4.16,-1.0
4.15,4.16,3.96,4.02,-1.0
4.02,4.03,3.89,3.94,-1.0
3.93,3.95,3.84,3.86,1.0
3.86,3.96,3.85,3.94,1.0
3.91,3.97,3.87,3.94,-1.0
3.97,4.04,3.91,3.95,1.0
3.93,3.95,3.81,3.94,1.0
3.94,3.98,3.92,3.95,1.0
3.98,4.06,3.95,4.0,1.0
4.0,4.11,3.97,4.1,-1.0
4.1,4.13,4.0,4.08,1.0
4.08,4.24,4.02,4.13,1.0
4.12,4.23,4.08,4.19,1.0
4.18,4.35,4.17,4.25,1.0
4.26,4.34,4.2,4.27,-1.0
4.25,4.27,4.1,4.12,-1.0
4.08,4.16,3.89,3.99,1.0
4.01,4.05,3.96,4.04,1.0
4.02,4.13,4.02,4.04,1.0
4.03,4.25,4.02,4.15,-1.0
4.15,4.16,3.88,3.9,0.0
3.9,3.95,3.88,3.9,-1.0
3.88,3.89,3.73,3.75,1.0
3.75,3.94,3.74,3.94,1.0
4.01,4.09,4.0,4.05,0.0
4.09,4.14,4.03,4.09,-1.0
4.09,4.12,4.01,4.04,1.0
4.03,4.16,4.03,4.15,1.0
4.15,4.57,4.09,4.57,1.0
4.65,4.85,4.58,4.74,-1.0
4.65,4.7,4.44,4.63,-1.0
4.63,4.66,4.4,4.41,1.0
4.43,4.62,4.38,4.5,-1.0
4.47,4.53,4.23,4.26,1.0
4.21,4.33,4.2,4.32,1.0
4.33,4.45,4.22,4.36,-1.0
4.28,4.32,4.2,4.27,-1.0
4.29,4.32,4.21,4.28,1.0
4.27,4.34,4.24,4.34,-1.0
4.36,4.36,4.25,4.28,1.0
4.26,4.3,4.23,4.27,1.0
4.27,4.33,4.24,4.32,1.0
4.39,4.44,4.34,4.41,1.0
4.39,4.47,4.37,4.46,-1.0
4.46,4.47,4.38,4.43,1.0
4.44,4.47,4.41,4.46,1.0
4.45,4.54,4.41,4.47,-1.0
4.47,4.55,4.4,4.45,-1.0
4.44,4.47,4.4,4.43,1.0
4.43,4.5,4.39,4.47,1.0
4.46,4.54,4.46,4.51,-1.0
4.51,4.54,4.2,4.26,1.0
4.24,4.49,4.14,4.38,-1.0
4.35,4.46,4.2,4.21,1.0
4.17,4.31,4.15,4.31,1.0
4.3,4.4,4.2,4.4,1.0
4.44,4.74,4.43,4.65,1.0
4.57,4.81,4.47,4.76,-1.0
4.78,4.99,4.68,4.7,-1.0
4.65,4.66,4.51,4.54,1.0
4.5,4.77,4.49,4.65,1.0
4.8,5.12,4.65,5.12,1.0
5.4,5.63,5.27,5.63,-1.0
5.4,5.62,5.07,5.11,-1.0
5.19,5.2,4.95,5.02,1.0
5.05,5.52,5.0,5.52,-1.0
5.52,5.78,5.42,5.5,1.0
5.41,5.7,5.25,5.5,-1.0
5.36,5.48,5.2,5.21,-1.0
5.23,5.26,5.01,5.15,1.0
5.15,5.28,5.03,5.21,0.0
5.15,5.18,5.03,5.15,1.0
5.14,5.24,5.09,5.22,-1.0
5.2,5.2,5.02,5.04,0.0
5.0,5.2,4.97,5.0,-1.0
4.93,4.93,4.69,4.71,1.0
4.68,4.77,4.65,4.74,-1.0
4.76,4.83,4.65,4.66,1.0
4.66,4.8,4.59,4.8,1.0
4.79,4.88,4.75,4.81,-1.0
4.65,4.65,4.33,4.33,1.0
4.33,4.47,4.33,4.44,1.0
4.46,4.77,4.4,4.69,1.0
4.69,4.89,4.63,4.86,0.0
4.83,4.89,4.73,4.83,1.0
4.8,4.85,4.71,4.84,1.0
4.88,5.32,4.88,5.32,-1.0
5.25,5.25,5.04,5.09,1.0
5.0,5.15,4.95,5.02,1.0
5.05,5.13,4.92,5.09,-1.0
5.0,5.05,4.95,4.97,1.0
4.96,5.04,4.91,5.02,-1.0
5.02,5.04,4.92,4.92,-1.0
5.0,5.04,4.72,4.73,-1.0
4.73,4.74,4.44,4.51,1.0
4.46,4.6,4.45,4.6,1.0
4.6,4.66,4.58,4.62,1.0
4.65,4.72,4.62,4.67,1.0
4.7,4.73,4.65,4.73,1.0
4.73,4.85,4.73,4.83,1.0
4.87,5.01,4.84,4.91,1.0
4.89,4.97,4.87,4.96,1.0
4.97,5.06,4.93,5.01,1.0
5.0,5.22,4.96,5.18,-1.0
5.14,5.17,5.08,5.12,-1.0
5.2,5.2,5.08,5.13,-1.0
5.12,5.13,5.02,5.03,1.0
5.0,5.18,4.99,5.18,-1.0
5.25,5.3,5.08,5.13,-1.0
5.11,5.19,5.08,5.09,1.0
5.06,5.15,4.98,5.14,1.0
5.15,5.3,5.14,5.18,-1.0
5.2,5.21,5.09,5.13,-1.0
5.13,5.16,5.07,5.1,1.0
5.09,5.26,5.09,5.25,1.0
5.3,5.45,5.27,5.44,1.0
5.5,5.79,5.45,5.52,1.0
5.6,5.68,5.52,5.66,1.0
5.99,6.23,5.78,6.12,0.0
6.03,6.09,5.94,6.03,1.0
6.06,6.22,6.04,6.14,1.0
6.15,6.49,5.77,6.36,-1.0
6.29,6.33,6.15,6.26,1.0
6.08,6.16,6.04,6.1,1.0
6.08,6.35,6.06,6.21,1.0
6.41,6.83,6.41,6.83,-1.0
7.45,7.48,6.89,7.0,1.0
6.92,7.7,6.83,7.7,1.0
7.7,8.45,7.43,8.2,1.0
8.09,8.65,7.89,8.22,1.0
8.2,8.45,8.05,8.24,1.0
8.22,8.66,7.95,8.3,-1.0
8.27,8.27,7.56,7.86,1.0
7.8,7.98,7.65,7.91,1.0
8.41,8.65,8.25,8.51,1.0
8.52,8.9,8.2,8.56,-1.0
8.54,8.55,8.16,8.27,-1.0
8.17,8.17,7.8,8.09,1.0
8.09,8.44,8.05,8.22,-1.0
8.15,8.2,7.81,7.88,1.0
7.82,8.04,7.7,8.04,1.0
8.03,8.46,7.92,8.32,1.0
8.35,8.61,8.27,8.6,-1.0
8.58,8.58,8.15,8.31,1.0
8.31,8.6,8.29,8.5,-1.0
8.51,8.52,8.0,8.06,1.0
7.98,8.13,7.75,8.08,1.0
8.15,8.64,8.04,8.49,1.0
8.55,9.34,8.41,9.18,-1.0
9.37,9.49,8.37,8.44,-1.0
8.4,8.68,7.9,8.07,-1.0
8.03,8.03,7.26,7.27,1.0
7.35,7.96,7.3,7.85,1.0
8.0,8.21,7.71,8.1,-1.0
8.1,8.1,7.91,8.06,1.0
8.03,8.32,7.87,8.14,1.0
8.1,8.42,8.08,8.27,-1.0
8.23,8.23,7.84,7.91,-1.0
7.88,7.99,7.69,7.84,1.0
7.87,8.15,7.86,8.08,-1.0
8.13,8.34,8.07,8.12,1.0
8.13,8.36,8.08,8.36,1.0
8.51,9.09,8.51,8.9,1.0
8.94,9.79,8.94,9.79,1.0
9.87,10.77,9.61,10.77,-1.0
10.7,10.78,10.17,10.52,-1.0
10.55,10.95,9.91,10.05,1.0
10.05,10.31,9.38,10.13,1.0
10.13,11.14,10.02,11.14,1.0
11.14,11.95,10.84,11.92,1.0
11.7,12.18,11.4,12.02,1.0
11.92,13.0,11.17,12.63,-1.0
12.53,12.86,12.23,12.42,1.0
12.25,12.6,11.43,12.42,-1.0
12.6,12.6,11.59,11.72,-1.0
11.54,11.6,11.02,11.38,1.0
11.64,11.96,11.5,11.68,-1.0
11.68,11.77,11.33,11.48,1.0
11.5,12.27,11.25,11.87,-1.0
11.7,11.79,11.28,11.35,1.0
11.3,11.55,10.81,11.48,-1.0
11.44,11.63,11.2,11.29,-1.0
10.92,11.0,10.16,10.16,-1.0
10.05,10.2,9.14,9.79,1.0
9.95,10.73,9.84,10.59,-1.0
10.45,10.68,9.7,9.87,-1.0
9.48,10.47,8.96,9.23,-1.0
9.6,9.78,8.37,9.39,1.0
9.45,10.27,9.11,10.2,-1.0
10.08,10.27,9.23,9.28,-1.0
9.32,9.48,8.35,8.35,-1.0
7.8,8.2,7.52,7.52,-1.0
8.15,8.15,6.77,6.77,-1.0
6.25,6.27,6.09,6.09,0.0
5.48,5.48,5.48,5.48,1.0
4.93,6.03,4.93,6.03,1.0
6.1,6.63,6.02,6.63,1.0
6.93,7.29,6.65,7.29,1.0
7.28,8.02,7.0,8.02,1.0
7.83,8.55,7.52,8.05,-1.0
7.56,8.09,7.25,7.48,1.0
7.37,7.98,7.1,7.81,-1.0
7.76,7.95,7.44,7.66,1.0
7.44,8.05,7.35,7.88,-1.0
7.84,8.03,7.5,7.69,1.0
7.58,8.04,7.58,8.03,1.0
8.1,8.5,7.88,8.24,-1.0
8.22,8.73,7.43,7.52,-1.0
6.8,7.59,6.77,6.77,1.0
6.9,7.3,6.53,7.28,-1.0
7.18,7.56,6.7,6.86,-1.0
6.7,6.98,6.53,6.61,-1.0
6.62,6.74,6.0,6.11,1.0
6.15,6.72,6.13,6.72,1.0
6.8,7.39,6.8,7.39,0.0
7.39,7.39,7.39,7.39,0.0
7.39,7.39,7.39,7.39,0.0
7.38,7.38,7.38,7.38,0.0
7.38,7.38,7.38,7.38,0.0
7.38,7.38,7.38,7.38,0.0
7.38,7.38,7.38,7.38,0.0
7.38,7.38,7.38,7.38,0.0
7.38,7.38,7.38,7.38,0.0
7.38,7.38,7.38,7.38,0.0
7.38,7.38,7.38,7.38,0.0
7.38,7.38,7.38,7.38,0.0
7.38,7.38,7.38,7.38,0.0
7.38,7.38,7.38,7.38,0.0
7.38,7.38,7.38,7.38,0.0
7.38,7.38,7.38,7.38,0.0
7.38,7.38,7.38,7.38,0.0
7.38,7.38,7.38,7.38,0.0
7.38,7.38,7.38,7.38,0.0
7.38,7.38,7.38,7.38,0.0
7.38,7.38,7.38,7.38,0.0
7.38,7.38,7.38,7.38,0.0
7.38,7.38,7.38,7.38,0.0
7.38,7.38,7.38,7.38,0.0
7.38,7.38,7.38,7.38,0.0
7.38,7.38,7.38,7.38,1.0
6.64,7.8,6.64,7.44,1.0
7.15,8.18,7.07,8.18,1.0
7.76,8.95,7.36,8.34,-1.0
7.9,8.28,7.51,7.51,-1.0
7.16,7.33,6.76,6.78,1.0
6.5,7.08,6.4,6.96,1.0
6.9,7.31,6.8,7.1,0.0
6.9,7.09,6.71,6.9,1.0
6.92,7.33,6.92,7.21,-1.0
7.1,7.27,6.6,6.71,1.0
6.65,7.38,6.65,7.38,1.0
7.25,7.5,7.1,7.31,1.0
7.24,8.04,7.24,8.01,1.0
7.86,8.7,7.79,8.38,-1.0
8.33,8.7,8.07,8.25,1.0
8.19,8.96,8.12,8.84,1.0
8.67,9.06,8.52,8.83,-1.0
8.89,8.9,8.0,8.03,1.0
7.95,8.38,7.86,8.21,1.0
8.18,8.45,8.01,8.36,-1.0
8.25,8.45,8.1,8.18,1.0
8.15,8.36,8.05,8.34,-1.0
8.43,8.86,7.66,7.82,1.0
7.73,8.11,7.4,8.03,1.0
8.02,8.12,7.81,8.04,1.0
8.19,8.5,8.05,8.23,-1.0
8.14,8.18,7.65,8.13,-1.0
8.03,8.14,7.8,7.86,-1.0
7.92,7.99,7.76,7.91,1.0
7.98,8.27,7.76,8.08,1.0
7.97,8.47,7.87,8.18,-1.0
8.22,8.34,7.8,7.93,1.0
7.93,8.29,7.92,8.25,-1.0
8.28,8.45,8.15,8.24,1.0
8.25,8.45,8.2,8.39,-1.0
8.25,8.38,8.1,8.24,1.0
8.16,8.4,8.14,8.25,1.0
8.29,8.47,8.21,8.39,-1.0
8.46,8.54,8.12,8.18,-1.0
8.11,8.12,7.83,7.89,1.0
7.6,7.92,7.6,7.91,-1.0
7.97,8.04,7.85,7.87,1.0
7.87,8.03,7.81,7.88,1.0
7.95,8.01,7.8,7.98,1.0
8.0,8.17,7.86,8.15,-1.0
8.18,8.28,8.0,8.03,-1.0
8.02,8.07,7.78,7.93,1.0
7.92,7.96,7.87,7.94,-1.0
7.95,7.97,7.76,7.8,-1.0
7.73,7.86,7.02,7.05,1.0
7.06,7.22,6.5,7.07,1.0
7.39,7.67,7.22,7.46,-1.0
7.41,7.45,7.01,7.24,1.0
7.29,7.54,7.16,7.49,-1.0
7.36,7.45,7.29,7.35,1.0
7.35,7.42,7.24,7.38,-1.0
7.35,7.37,7.1,7.11,1.0
7.05,7.17,7.05,7.09,-1.0
7.12,7.16,7.0,7.02,-1.0
7.01,7.01,6.82,6.89,1.0
6.87,7.18,6.78,7.15,1.0
7.14,7.27,7.12,7.23,0.0
7.23,7.3,7.18,7.23,1.0
7.27,7.4,7.27,7.39,-1.0
7.39,7.42,7.22,7.26,1.0
7.26,7.38,7.2,7.32,1.0
7.35,7.69,7.3,7.61,-1.0
7.52,7.6,7.33,7.37,-1.0
7.38,7.42,7.18,7.28,1.0
7.28,7.41,7.26,7.4,1.0
7.41,7.9,7.4,7.63,1.0
7.55,7.75,7.41,7.73,1.0
7.67,8.06,7.64,7.8,-1.0
7.97,8.04,7.6,7.61,-1.0
7.5,7.55,6.85,6.85,1.0
6.5,6.79,6.28,6.6,1.0
6.57,6.76,6.5,6.74,-1.0
6.65,6.65,6.07,6.07,1.0
6.18,6.37,5.63,6.3,-1.0
6.18,6.34,5.67,5.67,-1.0
5.75,5.85,5.52,5.67,-1.0
5.7,5.77,5.31,5.33,1.0
5.06,5.52,5.06,5.44,-1.0
5.41,5.53,5.07,5.11,1.0
5.06,5.26,4.93,5.16,1.0
5.14,5.63,5.14,5.51,1.0
5.47,5.67,5.41,5.52,-1.0
5.42,5.54,5.25,5.27,1.0
5.26,5.44,5.23,5.41,1.0
5.4,5.5,5.38,5.43,-1.0
5.36,5.39,4.89,4.9,-1.0
4.95,4.99,4.46,4.74,-1.0
4.72,4.83,4.46,4.46,1.0
4.48,4.74,4.45,4.67,1.0
4.7,4.92,4.63,4.77,1.0
4.83,5.05,4.75,4.97,1.0
4.87,4.99,4.85,4.95,1.0
4.95,5.18,4.95,5.13,-1.0
5.16,5.23,5.05,5.07,1.0
4.89,5.11,4.88,5.1,1.0
5.14,5.34,5.11,5.31,1.0
5.28,5.4,5.25,5.34,-1.0
5.4,5.4,5.31,5.31,1.0
5.32,5.39,5.28,5.37,1.0
5.43,5.51,5.41,5.5,-1.0
5.59,5.59,5.35,5.4,1.0
5.4,5.54,5.36,5.48,-1.0
5.48,5.48,4.93,4.93,1.0
4.93,5.03,4.79,4.95,-1.0
4.93,4.94,4.51,4.63,1.0
4.68,4.85,4.6,4.78,1.0
4.82,5.15,4.79,5.11,1.0
5.1,5.54,5.1,5.29,-1.0
5.2,5.28,4.95,5.05,1.0
5.17,5.34,5.1,5.33,-1.0
5.3,5.3,5.0,5.24,-1.0
5.1,5.14,5.03,5.05,-1.0
5.07,5.12,4.86,4.89,1.0
4.82,4.93,4.8,4.87,1.0
4.95,5.15,4.91,5.06,-1.0
5.08,5.12,5.03,5.06,-1.0
5.13,5.14,5.02,5.06,1.0
5.1,5.22,5.1,5.18,1.0
5.2,5.37,5.15,5.3,1.0
5.35,5.59,5.35,5.52,1.0
5.45,5.63,5.41,5.57,1.0
5.5,5.73,5.5,5.58,1.0
5.67,6.12,5.65,5.74,-1.0
5.67,5.69,5.48,5.55,-1.0
5.53,5.66,5.42,5.43,1.0
5.41,5.56,5.36,5.47,1.0
5.48,5.66,5.48,5.65,-1.0
5.69,5.7,5.58,5.62,-1.0
5.62,5.62,5.47,5.56,1.0
5.57,5.73,5.55,5.73,1.0
5.7,5.91,5.7,5.87,-1.0
5.87,5.89,5.75,5.86,-1.0
5.82,5.85,5.61,5.72,1.0
5.72,5.87,5.72,5.83,-1.0
5.86,5.87,5.71,5.76,-1.0
5.8,5.89,5.74,5.76,1.0
5.79,6.32,5.75,6.23,-1.0
6.23,6.3,6.08,6.18,1.0
6.16,6.28,6.12,6.18,-1.0
6.24,6.4,6.16,6.22,1.0
6.26,6.46,6.07,6.3,-1.0
6.31,6.46,6.15,6.19,1.0
